0.004647796093157464	5.031787164964375e-6
0.0054144644060581445	6.123019801885505e-6
0.006306749830520706	7.115440901271996e-6
0.00734494254093197	8.701112956748224e-6
0.008552517382408411	1.0115797252724098e-5
0.009956614580490708	1.2111923506565672e-5
0.011588607195934918	1.4797363817318832e-5
0.013484815775641425	1.7071116019857915e-5
0.015687526633090587	2.127487417826066e-5
0.018246595899976358	2.691761502965958e-5
0.02122172259711166	3.229322715670719e-5
0.024684176339466006	4.01695127923445e-5
0.028714201427718734	5.226430871373464e-5
0.03338866689883499	6.810402732755324e-5
0.038756588206082965	9.229240893835469e-5
0.04480866088321064	1.3735117673267962e-4
0.051455130745227735	2.1753629595139948e-4
0.05852588580858298	3.709698803102013e-4
0.0657957932399842	8.223337276547175e-4
0.07302493197898713	0.0025379859504096264
0.07999749126474127	0.020858274418100398
