8.141371054588527e-4	1.294617864547627e-5
0.0010294167905738642	1.601224832717434e-5
0.0013032198422428557	2.0537920798108944e-5
0.0016525089194380576	2.5722288736683775e-5
0.0020999178314090768	3.297464963808078e-5
0.0026762738044117914	4.197798298755093e-5
0.0034249458133675053	5.282628347834344e-5
0.004410641225400456	6.685509846000733e-5
0.005739771653266336	8.85858014540288e-5
0.007599698545086347	1.1812192230763801e-4
0.010290492542479936	1.599681425157088e-4
0.014163819872792804	2.3766232384521494e-4
0.019425180373777454	3.410302390759104e-4
0.02593552729071874	5.27901514274847e-4
0.03321268933413311	8.042106151145508e-4
0.04063623609546087	0.0012485711271324738
0.04767364404864048	0.002015932956600052
0.05399030744578523	0.0032265728417144287
0.059444302151727954	0.005534079671168471
0.0640292118595056	0.00919976897148796
0.06781433898426245	0.014686327455342598
0.07090137938259759	0.021972377574134255
0.07339858413568286	0.03033520366176752
0.07540755884382677	0.0382806288329532
0.07701773210938061	0.046435419838205386
