0.004647796093157464	7.74587561248106e-5
0.005414464406058143	9.202196721695291e-5
0.006306749830520706	1.1002823256026094e-4
0.00734494254093197	1.3384793459833338e-4
0.008552517382408411	1.5944861063498767e-4
0.009956614580490708	1.8583508667871555e-4
0.011588607195934918	2.1761387249771396e-4
0.013484815775641425	2.7446123673690486e-4
0.015687526633090587	3.3480874817304806e-4
0.018246595899976358	4.1798009753270113e-4
0.02122172259711166	5.149278931963125e-4
0.024684176339466006	6.394720307863249e-4
0.028714201427718734	8.123382165667168e-4
0.03338866689883499	0.0011307727782550758
0.03875658820608294	0.0015361568448742507
0.04480866088321064	0.0022476184214008568
0.05145513074522775	0.0034335582413504277
0.05852588580858298	0.005961696248930827
0.06579579323998419	0.012090103334935277
0.07302493197898713	0.02816167446900557
0.07999749126474127	0.060039944606505205
