0.004647796093157464	4.956422185440332e-6
0.0054144644060581445	5.751635476542721e-6
0.006306749830520706	6.985257213103469e-6
0.00734494254093197	8.333958849641823e-6
0.008552517382408411	9.790107757300725e-6
0.009956614580490708	1.1958542163244104e-5
0.011588607195934918	1.4380256448995809e-5
0.013484815775641425	1.7013225019209145e-5
0.015687526633090587	2.099911809926147e-5
0.018246595899976358	2.6015267754146655e-5
0.02122172259711166	3.287961468049412e-5
0.024684176339466006	4.127239713532508e-5
0.028714201427718734	5.403475204867191e-5
0.03338866689883499	7.290027354022393e-5
0.038756588206082965	9.848587487126352e-5
0.04480866088321064	1.4468105548104816e-4
0.051455130745227735	2.2907008733698834e-4
0.05852588580858298	4.0027352062756025e-4
0.0657957932399842	8.614567768146994e-4
0.07302493197898713	0.0025590028279172503
0.07999749126474127	0.019992231473641306
