0.0010000000000000009	9.867133035635426e-7
0.0012589254117941207	1.2237751694972122e-6
0.0015848931924610787	1.5228718758068078e-6
0.0019952623149688403	1.937963430570219e-6
0.002511886431509569	2.4565029422799876e-6
0.0031622776601683417	3.0765683584702025e-6
0.003981071705534939	3.825403944954077e-6
0.0050118723362411605	4.877596795069547e-6
0.0063095734373755236	6.180662575892773e-6
0.007943281740256422	7.765608797607766e-6
0.009999978615337884	9.696812437829131e-6
0.01258886850705665	1.2424604819243044e-5
0.015844853347515064	1.525553752928777e-5
0.01992443081826531	1.977813200901844e-5
0.02498010829226832	2.6667657409677552e-5
0.031102301813284744	3.625340840238873e-5
0.03824037947400168	5.419534965034847e-5
0.04614122033010733	8.993610492740276e-5
0.05434588280579606	1.6683141462187485e-4
0.06225834174895077	3.624116063196171e-4
0.06926812435283394	8.955135437079678e-4
0.07489207226604694	0.0027895659675429875
0.07889703306773857	0.01217351392058324
