0.001	1.5682274360420772e-5
0.0012589254117941675	1.9655298102249588e-5
0.001584893192461114	2.488296379312488e-5
0.001995262314968879	3.064752407823663e-5
0.0025118864315095794	3.8694920152649956e-5
0.0031622776601683794	4.8615247778373626e-5
0.003981071705534973	6.231141856736079e-5
0.005011872336272725	7.893628652727636e-5
0.00630957344480193	1.0083979413324168e-4
0.007943282347242814	1.2417000934102852e-4
0.01	1.5827826029649544e-4
0.012589254117941675	1.9709144268735093e-4
0.015848931924611134	2.4397150663312456e-4
0.0199526231496888	3.1767397449791724e-4
0.025118864315095794	3.9503859180126956e-4
0.03162277660168379	5.040412361017494e-4
0.039810717055349734	6.35858720484298e-4
0.05011872336272722	7.987235980679339e-4
0.06309573444801933	0.0074244473122109245
0.07943282347242814	0.06748004907041742
