0.0010000000000000009	1.5527140053938213e-5
0.0012589254117941207	1.9583971385746737e-5
0.0015848931924610787	2.4633790120748603e-5
0.0019952623149688403	3.138774794990541e-5
0.002511886431509569	3.9194077837824684e-5
0.0031622776601683417	4.81858278406741e-5
0.003981071705534939	6.240759917001754e-5
0.0050118723362411605	7.711723888020093e-5
0.0063095734373755236	1.0158914653699591e-4
0.007943281740256422	1.2154623257020148e-4
0.009999978615337884	1.5356767135323788e-4
0.01258886850705665	1.896934022284651e-4
0.015844853347515064	2.494424381477645e-4
0.01992443081826531	3.147984210623413e-4
0.02498010829226832	4.2250050948065387e-4
0.031102301813284744	5.96910021195475e-4
0.03824037947400168	8.785533277958617e-4
0.04614122033010733	0.0015206229873772925
0.05434588280579606	0.002932751510587076
0.06225834174895077	0.007054509796828393
0.06926812435283394	0.017724679702275505
0.07489207226604694	0.03602634295615865
0.07889703306773857	0.05574333760333717
