0.001	9.824991169666612e-7
0.0012589254117941675	1.2274173041985828e-6
0.001584893192461114	1.5361431063895514e-6
0.001995262314968879	1.976592188421317e-6
0.0025118864315095794	2.4488627719900317e-6
0.0031622776601683794	3.1164821666286264e-6
0.003981071705534973	3.966554861647477e-6
0.005011872336272725	4.853844285585232e-6
0.00630957344480193	6.075696761126514e-6
0.007943282347242814	7.68502022458372e-6
0.01	9.692106643282844e-6
0.012589254117941675	1.251869501254318e-5
0.015848931924611134	1.5621978243830764e-5
0.0199526231496888	1.9803178447423267e-5
0.025118864315095794	2.4417324761694035e-5
0.03162277660168379	3.098087507300055e-5
0.039810717055349734	3.776180978195762e-5
0.05011872336272722	4.7736451208911805e-5
0.06309573444801933	6.05296821311225e-5
0.07943282347242814	0.02433168427122991
