0.004647796093157464	8.034771252336721e-5
0.0054144644060581445	9.527119270420707e-5
0.006306749830520706	1.1347512309005046e-4
0.00734494254093197	1.3556323774904124e-4
0.008552517382408411	1.5866551466995528e-4
0.009956614580490708	1.9403382930112013e-4
0.011588607195934918	2.2564102890639215e-4
0.013484815775641425	2.7307145301304526e-4
0.015687526633090587	3.403264647525102e-4
0.018246595899976358	4.173369755620829e-4
0.02122172259711166	5.255419942306837e-4
0.024684176339466006	6.455751152144018e-4
0.028714201427718734	8.31386457977432e-4
0.03338866689883499	0.00108068241333028
0.038756588206082965	0.0014591783605074865
0.04480866088321064	0.0020868875874855645
0.051455130745227735	0.003104352025201131
0.05852588580858298	0.00556182921765619
0.0657957932399842	0.01148165076519649
0.07302493197898713	0.028204823147404533
0.07999749126474127	0.061979862380283704
