8.141371054588527e-4	2.091941979739369e-4
0.0010294167905738642	2.609436727736215e-4
0.0013032198422428557	3.341774088177745e-4
0.0016525089194380576	4.1049680706092975e-4
0.0020999178314090768	5.271495296545689e-4
0.0026762738044117914	6.573394109070872e-4
0.0034249458133675053	8.524174569399728e-4
0.004410641225400456	0.001111889939305424
0.005739771653266336	0.0014237403285708447
0.007599698545086347	0.0018788003368704952
0.010290492542479936	0.0026067580935309484
0.014163819872792804	0.003964745481211006
0.019425180373777454	0.005796662331722666
0.02593552729071874	0.00942576223669096
0.03321268933413311	0.014618637386420923
0.04063623609546087	0.021547994501923497
0.04767364404864048	0.02937346359399137
0.05399030744578523	0.03738632194442152
0.059444302151727954	0.04473281579885369
0.0640292118595056	0.05134606686349199
0.06781433898426245	0.0568678257749628
0.07090137938259759	0.06282120279950351
0.07339858413568286	0.06640297551066808
0.07540755884382677	0.06954797591084114
0.07701773210938061	0.07242767369824785
