8.141371054588527e-4	8.014295496974069e-7
0.0010294167905738642	9.917859621621044e-7
0.0013032198422428557	1.2837767071704734e-6
0.0016525089194380576	1.5891238491595134e-6
0.0020999178314090768	2.1009750066404357e-6
0.0026762738044117914	2.6294329593999825e-6
0.0034249458133675053	3.258183850908322e-6
0.004410641225400456	4.324421127644246e-6
0.005739771653266336	5.5116647136615915e-6
0.007599698545086347	7.378560457194738e-6
0.010290492542479936	1.0025722820145148e-5
0.014163819872792804	1.4287018513255718e-5
0.019425180373777454	2.067938460784463e-5
0.02593552729071874	3.246013074752718e-5
0.03321268933413311	5.048134600040015e-5
0.04063623609546087	7.785207632910764e-5
0.04767364404864048	1.2192347886762018e-4
0.05399030744578523	1.9838289719116054e-4
0.059444302151727954	3.2076700986511915e-4
0.0640292118595056	4.928229794800502e-4
0.06781433898426245	8.035440570681629e-4
0.07090137938259759	0.0013005590292911521
0.07339858413568286	0.002051919709867799
0.07540755884382677	0.0032615327057874785
0.07701773210938061	0.005650532611222219
