0.004647796093157464	0.0012636526620498846
0.005414464406058143	0.0015141110653143172
0.006306749830520706	0.0016878191994747734
0.00734494254093197	0.0020967849149872383
0.008552517382408411	0.0024002593419086725
0.009956614580490708	0.0029918807987636517
0.011588607195934918	0.0036253116318563697
0.013484815775641425	0.004121793010620398
0.015687526633090587	0.005060850563562177
0.018246595899976358	0.006303065639454926
0.02122172259711166	0.007562892602503709
0.024684176339466006	0.009620115622915504
0.028714201427718734	0.011461758210848844
0.03338866689883499	0.01488736163401417
0.03875658820608294	0.019476420248264202
0.04480866088321064	0.025861082265573758
0.05145513074522775	0.033204056500022144
0.05852588580858298	0.041548000135965615
0.06579579323998419	0.05396853868472484
0.07302493197898713	0.06443602818730629
0.07999749126474127	0.07753176163830351
