0.0010000000000000009	2.416935254915097e-4
0.0012589254117941207	3.150716038198758e-4
0.0015848931924610787	4.0160097740935826e-4
0.0019952623149688403	4.948468236269669e-4
0.002511886431509569	6.32717586096966e-4
0.0031622776601683417	7.818044450455964e-4
0.003981071705534939	0.0010038277450932992
0.0050118723362411605	0.0012218382578988592
0.0063095734373755236	0.0015763607685608393
0.007943281740256422	0.0019711021919629488
0.009999978615337884	0.0024970932000095447
0.01258886850705665	0.0031793442890782684
0.015844853347515064	0.004071194626371605
0.01992443081826531	0.0055576993951535645
0.02498010829226832	0.008203738254878532
0.031102301813284744	0.012200757799321837
0.03824037947400168	0.019687468173320826
0.04614122033010733	0.02841109346596482
0.05434588280579606	0.03700990542977817
0.06225834174895077	0.048644174862943694
0.06926812435283394	0.06032706116663242
0.07489207226604694	0.0686317097280469
0.07889703306773857	0.07590163309821304
