0.0010000000000000009	2.500649444548956e-4
0.0010046157902783709	2.5121979553933537e-4
0.0010092528860767003	2.523799855739982e-4
0.0010139113857366572	2.5354553931923346e-4
0.0010185913880541436	2.54716481651303e-4
0.0010232929922807527	2.5589283756294047e-4
0.001028016298126433	2.570746321639218e-4
0.0010327614057614037	2.5826189068160293e-4
0.001037528415818001	2.5945463846151906e-4
0.0010423174293933135	2.606529009679305e-4
0.0010471285480508907	2.618567037844013e-4
0.0010519618738231984	2.6306607261437914e-4
0.0010568175092136312	2.642810332817659e-4
0.0010616955571987052	2.6550161173150477e-4
0.0010665961212302094	2.667278340301654e-4
0.001071519305237592	2.6795972636652407e-4
0.0010764652136298208	2.691973150521607e-4
0.001081433951297936	2.704406265220544e-4
0.0010864256236170489	2.716896873351686e-4
0.0010914403364487707	2.729445241750632e-4
0.0010964781961431969	2.742051638504935e-4
0.0011015393095413634	2.7547163329601405e-4
0.0011066237839776616	2.767439595725867e-4
0.0011117317272815869	2.7802216986820094e-4
0.001116863247780514	2.7930629149847895e-4
0.0011220184543019873	2.805963519073069e-4
0.0011271974561754966	2.818923786674454e-4
0.0011324003632355445	2.8319439948116507e-4
0.0011376272858234227	2.845024421808636e-4
0.0011428783347897514	2.858165347297079e-4
0.0011481536214968807	2.8713670522227127e-4
0.0011534532578210688	2.8846298188516407e-4
0.0011587773561551329	2.897953930776758e-4
0.0011641260294105032	2.911339672924329e-4
0.001169499391019846	2.9247873315603305e-4
0.001174897554939533	2.938297194297091e-4
0.0011803206356517382	2.951869550099789e-4
0.0011857687481671292	2.9655046892930915e-4
0.0011912420080273656	2.9792029035677527e-4
0.0011967405313072499	2.9929644859872626e-4
0.0012022644346173922	3.006789730994592e-4
0.0012078138351067635	3.020678934418986e-4
0.0012133888504649581	3.0346323934826253e-4
0.0012189895989248578	3.0486504068074667e-4
0.001224616199265005	3.06273327442215e-4
0.001230268770812365	3.076881297768852e-4
0.001235947433444462	3.091094779710215e-4
0.0012416523075923919	3.1053740245362495e-4
0.0012473835142429307	3.119719337971427e-4
0.0012531411749414217	3.134131027181687e-4
0.0012589254117941207	3.148609400781476e-4
0.0012647363474711515	3.163154768840884e-4
0.0012705741052085329	3.177767442892812e-4
0.001276438808811356	3.1924477359401176e-4
0.0012823305826559772	3.2071959624629443e-4
0.001288249551693113	3.2220124384258446e-4
0.0012941958414500188	3.2368974812852473e-4
0.001300169578033264	3.25185140999665e-4
0.0013061708881317996	3.2668745450221796e-4
0.0013121998990191924	3.281967208337878e-4
0.0013182567385564281	3.2971297234412223e-4
0.001324341535194673	3.312362415358737e-4
0.0013304544179780775	3.32766561065336e-4
0.0013365955165464127	3.343039637432175e-4
0.0013427649611378462	3.358484825354067e-4
0.0013489628825916478	3.374001505637262e-4
0.0013551894123509933	3.389590011067249e-4
0.0013614446824659204	3.4052506760043604e-4
0.0013677288255958542	3.4209838363916605e-4
0.0013740419750125077	3.4367898297628824e-4
0.0013803842646028658	3.452668995250131e-4
0.0013867558288718634	3.4686216735920606e-4
0.0013931568029452446	3.4846482071417044e-4
0.0013995873225726013	3.500748939874445e-4
0.0014060475241299136	3.516924217396322e-4
0.0014125375446227134	3.533174386951982e-4
0.0014190575216890683	3.549499797432871e-4
0.0014256075936021767	3.565900799385419e-4
0.0014321878992735182	3.582377745019449e-4
0.0014387985782557955	3.59893098821631e-4
0.0014454397707459182	3.615560884537323e-4
0.0014521116175877508	3.6322677912321047e-4
0.0014588142602753318	3.6490520672472003e-4
0.001465547840955872	3.6659140732343517e-4
0.00147231250243271	3.6828541715592226e-4
0.0014791083881682127	3.699872726309804e-4
0.001485935642287009	3.7169701033052657e-4
0.0014927944095789736	3.7341466701045655e-4
0.0014996848355023351	3.7514027960151543e-4
0.001506607066186716	3.768738852101823e-4
0.001513561248436171	3.786155211195478e-4
0.0015205475297324772	3.8036522479021256e-4
0.0015275660582380335	3.821230338611825e-4
0.001534616982799289	3.8388898615075647e-4
0.0015417004529495182	3.8566311965743696e-4
0.0015488166189124714	3.87445472560855e-4
0.0015559656316050663	3.8923608322266584e-4
0.0015631476426409274	3.9103499018747597e-4
0.001570362804333536	3.928422321837736e-4
0.0015776112696992833	3.9465784812485916e-4
0.001584893192461051	3.9648187710977973e-4
0.0015922087270511254	3.983143584242778e-4
0.0015995580286146116	4.0015533154173327e-4
0.0016069412530128335	4.02004836124114e-4
0.0016143585568264701	4.038629120229493e-4
0.001621810097358914	4.057295992802838e-4
0.001629296032639685	4.0760493812965127e-4
0.0016368165214277475	4.094889689970482e-4
0.0016443717232148963	4.113817325019327e-4
0.0016519617982289625	4.1328326945817644e-4
0.0016595869074375463	4.151936208751068e-4
0.0016672472125510707	4.17112827958466e-4
0.001674942876026389	4.190409321114458e-4
0.0016826740610704355	4.2097797493566774e-4
0.001690440931643264	4.2292399823225024e-4
0.0016982436524616978	4.2487904400277654e-4
0.0017060823890031052	4.268431544503716e-4
0.001713957307508382	4.288163719807063e-4
0.0017218685749859908	4.3079873920306484e-4
0.0017298163592150556	4.3279029893138215e-4
0.0017378008287493446	4.347910941852888e-4
0.0017458221529205037	4.36801168191205e-4
0.0017538805018417342	4.388205643833788e-4
0.0017619760464115952	4.4084932640496e-4
0.0017701089583173901	4.428874981091267e-4
0.0017782794100388993	4.4493512356010364e-4
0.0017864875748520165	4.469922470343201e-4
0.0017947336268325231	4.4905891302147533e-4
0.0018030177408595444	4.511351662256667e-4
0.0018113400926195872	4.5322105156648255e-4
0.0018197008586099683	4.5531661418015285e-4
0.0018281002161427001	4.574218994206513e-4
0.0018365383433483207	4.595369528608563e-4
0.0018450154191794604	4.6166182029367883e-4
0.0018535316234147836	4.637965477332102e-4
0.001862087136662846	4.6594118141589434e-4
0.0018706821403657592	4.680957678016814e-4
0.001879316816803242	4.70260353575203e-4
0.0018879913490962713	4.72434985646951e-4
0.001896705921211106	4.7461971115448e-4
0.0019054607179632282	4.768145774635633e-4
0.0019142559250210356	4.790196321694362e-4
0.0019230917289101285	4.8123492309798985e-4
0.001931968317016905	4.834604983069806e-4
0.001940885877592724	4.8569640608725804e-4
0.0019498445997580272	4.8794269496401965e-4
0.001958844673505933	4.901994136980295e-4
0.00196788628970683	4.924666112868622e-4
0.0019769696401118336	4.947443369661729e-4
0.001986094917357323	4.970326402109702e-4
0.0019952623149687987	4.99331570736869e-4
0.0020044720273651034	5.016411785013817e-4
0.0020137242498623614	5.039615137052174e-4
0.002023019178678198	5.062926267935506e-4
0.002032357010936181	5.086345684573605e-4
0.0020417379446694833	5.109873896347422e-4
0.0020511621788255052	5.133511415121961e-4
0.00206062991326994	5.157258755260036e-4
0.002070141348790966	5.181116433635436e-4
0.0020796966871036437	5.205084969646476e-4
0.002089296130853985	5.229164885229553e-4
0.002098939883623502	5.253356704872964e-4
0.0021086281499331783	5.277660955630416e-4
0.0021183611352484366	5.302078167135121e-4
0.0021281390459826355	5.326608871613691e-4
0.002137962089502163	5.351253603900096e-4
0.0021478304741304882	5.376012901449845e-4
0.0021577444091526177	5.400887304354195e-4
0.0021677041048196455	5.425877355354718e-4
0.002177709772353112	5.450983599857224e-4
0.0021877616239495135	5.476206585946769e-4
0.0021978598727847576	5.501546864401998e-4
0.0022080047330188535	5.527004988710046e-4
0.0022181964198001447	5.552581515081087e-4
0.002228435149270236	5.578277002463525e-4
0.002238721138568281	5.604092012558968e-4
0.002249054605835729	5.630027109837083e-4
0.002259435770220919	5.656082861551329e-4
0.00226986485188381	5.682259837753718e-4
0.0022803420720003686	5.708558611310647e-4
0.002290867652767717	5.734979757918351e-4
0.0023014418174084617	5.761523856118381e-4
0.0023120647901755664	5.788191487313618e-4
0.0023227367963570417	5.814983235783994e-4
0.002333458062280913	5.841899688702466e-4
0.002344228815319885	5.86894143615115e-4
0.002355049283895974	5.896109071137493e-4
0.00236591969748573	5.923403189610684e-4
0.00237684028662484	5.950824390477848e-4
0.0023878112829130993	5.978373275620923e-4
0.0023988329190194058	6.006050449913055e-4
0.0024099054286865346	6.033856521235438e-4
0.002421029046736134	6.06179210049436e-4
0.0024322040090737768	6.08985780163796e-4
0.002443430552693915	6.118054241673664e-4
0.002454708915684986	6.146382040685203e-4
0.0024660393372342715	6.174841821850164e-4
0.0024774220576332107	6.203434211457383e-4
0.0024888573182823004	6.23215983892461e-4
0.0025003453616963683	6.261019336816412e-4
0.0025118864315095274	6.290013340861865e-4
0.0025234807724805186	6.319142489972667e-4
0.0025351286304978737	6.348407426261405e-4
0.0025468302525849806	6.377808795059508e-4
0.0025585858869056066	6.407347244936126e-4
0.0025703957827687973	6.437023427716296e-4
0.002582260190634525	6.466837998499774e-4
0.0025941793621187537	6.496791615680077e-4
0.002606153549998824	6.526884940962898e-4
0.0026181830082189217	6.557118639385864e-4
0.0026302679918953076	6.587493379337304e-4
0.0026424087573218846	6.618009832575885e-4
0.002654605561975512	6.64866867425015e-4
0.002666858664521418	6.679470582917989e-4
0.002679168324818973	6.710416240566668e-4
0.002691534803926865	6.741506332632715e-4
0.0027039583641087633	6.772741548022179e-4
0.0027164392688390077	6.804122579130802e-4
0.0027289777828079648	6.835650121864335e-4
0.0027415741719278297	6.867324875659325e-4
0.0027542287033381213	6.899147543503851e-4
0.0027669416454114693	6.931118831958344e-4
0.002779713267759193	6.963239451176558e-4
0.002792543841237269	6.995510114926947e-4
0.00280543363795166	7.027931540614233e-4
0.002818382931264393	7.060504449300465e-4
0.0028313919957993344	7.093229565727059e-4
0.0028444611074478487	7.126107618336605e-4
0.0028575905433749077	7.159139339295172e-4
0.0028707805820246263	7.192325464514044e-4
0.002884031503126508	7.225666733672522e-4
0.0028973435877012593	7.259163890240288e-4
0.002910717118066522	7.292817681500238e-4
0.00292415237784327	7.326628858571534e-4
0.0029376496519614576	7.36059817643235e-4
0.002951209226666293	7.394726393943596e-4
0.002964831389524261	7.429014273872039e-4
0.002978516429429104	7.463462582914335e-4
0.002992264636608108	7.498072091720351e-4
0.003006076302628155	7.532843574917893e-4
0.0030199517204018977	7.567777811136138e-4
0.0030338911841941846	7.602875583030981e-4
0.003047894989627889	7.638137677308714e-4
0.003061963433690598	7.673564884751718e-4
0.0030760968147406226	7.709158000242726e-4
0.003090295432513504	7.744917822790443e-4
0.003104559588128261	7.780845155555241e-4
0.0031188895840938563	7.81694080587394e-4
0.00313328572431551	7.853205585286781e-4
0.003147748314101237	7.889640309562423e-4
0.0031622776601682584	7.926245798725035e-4
0.0031768740706496906	7.963022877080093e-4
0.003191537855100665	7.999972373241663e-4
0.0032062693245053925	8.037095120159118e-4
0.003221068791283338	8.074391955144051e-4
0.003235936569296202	8.111863719897952e-4
0.003250872973854249	8.149511260539736e-4
0.0032658783217233006	8.18733542763358e-4
0.0032809529311310925	8.225337076216815e-4
0.0032960971217744633	8.263517065828634e-4
0.003311311214825821	8.301876260537976e-4
0.003326595532939944	8.340415528973033e-4
0.003341950400261043	8.379135744349624e-4
0.0033573761424294524	8.418037784501144e-4
0.003372873086588568	8.457122531907573e-4
0.003388441561391925	8.496390873725094e-4
0.003404081897009928	8.535843701816697e-4
0.0034197944251370127	8.57548191278215e-4
0.0034355794789986543	8.615306407988366e-4
0.0034514373933584724	8.655318093600576e-4
0.003467368504525184	8.695517880613097e-4
0.003483373150360042	8.735906684880705e-4
0.0034994516702834683	8.776485427150579e-4
0.0035156044052828544	8.817255033093741e-4
0.0035318316979194575	8.858216433337331e-4
0.003548133892335603	8.899370563497186e-4
0.0035645113342623325	8.940718364210503e-4
0.0035809643710262573	8.98226078116886e-4
0.0035974933515573043	9.0239987651515e-4
0.0036140986263960007	9.065933272058794e-4
0.0036307805477008848	9.10806526294644e-4
0.0036475394692559587	9.150395704059553e-4
0.003664375746478238	9.192925566866676e-4
0.003681289736425189	9.235655828095409e-4
0.003698281797802544	9.278587469767051e-4
0.003715352290971599	9.321721479232137e-4
0.003732501577957112	9.365058849205978e-4
0.0037497300224547253	9.408600577804807e-4
0.0037670379898389755	9.452347668583046e-4
0.0037844258471707998	9.496301130568097e-4
0.0038018939632054743	9.540461978299599e-4
0.0038194427084003446	9.584831231865268e-4
0.003837072454922666	9.629409916939402e-4
0.0038547835766575833	9.674199064820348e-4
0.003872576449216042	9.719199712469719e-4
0.0038904514499426696	9.764412902550831e-4
0.003908408957923909	9.809839683467285e-4
0.003926449353995859	9.855481109403428e-4
0.003944573020752656	9.90133824036355e-4
0.003962780342554262	9.947412142212507e-4
0.003981071705534828	9.99370388671597e-4
0.003999447497610817	0.0010040214551581693
0.004017908108489232	0.001008694522050085
0.004036453929675832	0.0010133896983189562
0.004055085354483651	0.001018107093543157
0.004073802778040939	0.0010228468179120107
0.004092606597299875	0.0010276089822301312
0.004111497211044993	0.0010323936979217544
0.004130475019901353	0.0010372010770351128
0.004149540426343343	0.0010420312322468232
0.004168693834703058	0.0010468842768663732
0.004187935651178851	0.0010517603248406445
0.004207266283844074	0.0010566594907584449
0.004226686142655645	0.001061581889855049
0.004246195639462727	0.001066527638016923
0.004265795188015453	0.0010714968517862966
0.004285485203973899	0.001076489648366014
0.0043052661049165775	0.0010815061456241686
0.004325138310349433	0.001086546462099031
0.004345102241715013	0.0010916107170038214
0.004365158322400836	0.001096699030231718
0.004385306977748943	0.001101811522360707
0.004405548635064552	0.0011069483146586615
0.0044258837236251375	0.001112109529088383
0.004446312674689826	0.0011172952883127054
0.004466835921508219	0.0011225057156996304
0.004487453899329696	0.0011277409353275581
0.004508167045412764	0.0011330010719905472
0.004528975799034149	0.0011382862512036005
0.004549880601498149	0.0011435965992080714
0.0045708818961461145	0.0011489322429770058
0.0045919801283657025	0.0011542933102207278
0.004613175745600384	0.00115967992939226
0.004634469197359034	0.001165092229692954
0.0046558609352252145	0.0011705303410781134
0.0046773514128670285	0.001175994394262708
0.004698941086046515	0.0011814845207271188
0.004720630412629545	0.0011870008527229124
0.004742419852595228	0.0011925435232787735
0.004764309868045949	0.0011981126662064263
0.004786300923217107	0.0012037084161065454
0.004808393484486778	0.0012093309083748935
0.004830588020385829	0.0012149802792084004
0.004852885001607729	0.001220656665611381
0.004875284901018628	0.001226360205401681
0.004897788193667235	0.0012320910372170687
0.004920395356795032	0.0012378493005215884
0.0049431068698463365	0.0012436351356119695
0.00496592321447846	0.0012494486836241339
0.004988844874572004	0.0012552900865398136
0.00501187233624098	0.0012611594871930986
0.005035006087843241	0.0012670570292772567
0.005058246619990783	0.001272982857351409
0.00508159442556011	0.0012789371168474327
0.005105049999702821	0.0012849199540769219
0.005128613839855953	0.0012909315162380828
0.00515228644575258	0.0012969719514228416
0.00517606831943257	0.0013030414086240831
0.005199959965252965	0.0013091400377427298
0.005223961889898807	0.0013152679895951191
0.005248074602393932	0.0013214254159203411
0.005272298614111701	0.0013276124693877027
0.00529663443878578	0.0013338293036043402
0.005321082592521217	0.0013400760731226546
0.0053456435938052105	0.0013463529334481637
0.0053703179635181675	0.0013526600410472347
0.00539510622494474	0.0013589975533549409
0.005420008903785009	0.0013653656287829817
0.005445026528165434	0.0013717644267277665
0.005470159628650259	0.0013781941075785154
0.005495408738252605	0.001384654832725431
0.005520774392445929	0.0013911467645681072
0.0055462571291751694	0.001397670066523738
0.00557185748886832	0.0014042249030357672
0.0055975760144478665	0.001410811439582437
0.005623413251342191	0.0014174298426853267
0.005649369747497246	0.0014240802799182764
0.005675446053388128	0.0014307629199161657
0.005701642722030775	0.001437477932383849
0.005727960308993585	0.0014442254881053389
0.005754399372409319	0.0014510057589528008
0.005780960472986887	0.0014578189178958672
0.005807644174023199	0.0014646651390111817
0.00583445104141514	0.0014715445974914985
0.005861381643671476	0.0014784574696556333
0.005888436551925141	0.0014854039329578917
0.005915616339945015	0.001492384165998016
0.00594292158414822	0.0014993983485309481
0.005970352863612541	0.0015064466614769492
0.0059979107600882375	0.001513529286931675
0.00602559585801081	0.001520646408176497
0.006053408744513156	0.0015277982096886466
0.0060813500094379636	0.0015349848771519532
0.006109420245350383	0.0015422065974673186
0.0061376200475504045	0.0015494635587633332
0.0061659500140855	0.0015567559504072646
0.006194410745763351	0.0015640839630159979
0.0062230028461645465	0.0015714477884670266
0.006251726921655265	0.001578847619909726
0.0062805835814001565	0.0015862836517767623
0.006309573437375315	0.001593756079795384
0.006338697104380994	0.001601265100999231
0.006367955200054912	0.0016088109137399275
0.006397348344885062	0.0016163937176990482
0.0064268771622229826	0.0016240137139000874
0.006456542278296742	0.0016316711047206181
0.006486344322224363	0.0016393660939045995
0.006516283926027072	0.0016470988865747947
0.006546361724642472	0.0016548696892453826
0.006576578355938223	0.0016626787098346658
0.006606934460725175	0.0016705261576779769
0.00663743068277127	0.0016784122435406872
0.006668067668814712	0.0016863371796313714
0.006698846068577874	0.0016943011796152392
0.006729766534780912	0.0017023044586275597
0.006760829723155476	0.0017103472332872624
0.006792036292458489	0.0017184297217109526
0.006823386904486098	0.001726552143526706
0.006854882224087533	0.0017347147198883042
0.006886522919179017	0.0017429176734895654
0.006918309660757974	0.0017511612285787395
0.006950243122916894	0.0017594456109733636
0.006982323982857586	0.001767771048074958
0.007014552920905359	0.0017761377688839928
0.007046930620523334	0.0017845460040152345
0.00707945776832658	0.001792995985713069
0.00711213505409658	0.0018014879478670677
0.0071449631707956734	0.0018100221260277341
0.0071779428145814644	0.001818598757422452
0.007211074684821364	0.0018272180809716203
0.00724435948410708	0.0018358803373050626
0.007277797918269324	0.0018445857687784508
0.007311390696392528	0.001853334619490089
0.007345138530829326	0.0018621271352978824
0.00737904213721563	0.0018709635638365016
0.007413102234485228	0.0018798441545345877
0.007447319544884742	0.0018887691586325828
0.007481694793988483	0.0018977388292001926
0.007516228710713474	0.0019067534211547983
0.007550922027334386	0.0019158131912792658
0.00758577547949861	0.001924918398240628
0.007620789806241354	0.0019340693026087983
0.007655965750000743	0.0019432661668753325
0.007691304056632944	0.001952509255472667
0.007726805475427478	0.0019617988347935067
0.007762470759122356	0.001971135173210465
0.007798300663919372	0.0019805185410957556
0.007834295949499442	0.001989949210841599
0.007870457379037937	0.0019994274568803493
0.00790678571922003	0.0020089535557053745
0.007943281740256061	0.0020185277858914717
0.007979946215897038	0.002028150428116618
0.008016779923449943	0.0020378217651828966
0.008053783643793333	0.00204754208203839
0.008090958161392797	0.0020573116657991433
0.008128304264316363	0.0020671308057713515
0.008165822744250081	0.0020769997934737623
0.008203514396513525	0.0020869189226606975
0.008241380020075337	0.002096888489344935
0.008279420417568767	0.0021069087918212303
0.008317636395307068	0.002116980130689886
0.008356028763299342	0.002127102808880819
0.008394598335265721	0.0021372771316777017
0.008433345928653108	0.002147503406742797
0.008472272364650521	0.0021577819441416183
0.008511378468204808	0.002168113056368288
0.00855066506803595	0.0021784970583710894
0.00859013299665251	0.0021889342675782725
0.008629783090367063	0.0021994250039243345
0.008669616189311696	0.0022099695898765512
0.008709633137453182	0.0022205683504619594
0.00874983478260842	0.002231221613294301
0.008790221976459608	0.002241929708602017
0.00883079557456945	0.002252692969255917
0.008871556436396477	0.002263511730797589
0.008912505425309775	0.0022743863314680806
0.008953643408604384	0.002285317112236973
0.008994971257515985	0.0022963044168317786
0.00903648984723579	0.0023073485917677913
0.009078200056925473	0.0023184499863782198
0.009120102769731561	0.0023296089528448824
0.009162198872800342	0.002340825846229264
0.00920448925729199	0.0023521010245037485
0.00924697481839519	0.0023634348485835396
0.009289656455341147	0.002374827682358937
0.009332535071417875	0.0023862798927280684
0.009375611573983894	0.0023977918496296963
0.009418886874482363	0.002409363926077181
0.009462361888454368	0.0024209964981920873
0.009506037535552736	0.002432689945238853
0.009549914739555146	0.0024444446496595692
0.009593994428377176	0.0024562609971094276
0.009638277534085513	0.0024681393764924117
0.009682764992910431	0.002480080179997684
0.009727457745258336	0.0024920838031364336
0.009772356735724269	0.0025041506447789938
0.009817462913103661	0.0025162811071927625
0.009862777230404296	0.0025284755960804143
0.009908300644857843	0.002540734520618777
0.00995403411793118	0.0025530582934980063
0.009999978615337385	0.0025654473309615184
0.01004613510704623	0.002577902052846502
0.010092504567294977	0.0025904228826245886
0.010139087974598088	0.002603010247443537
0.010185886311757292	0.0026156645781692128
0.010232900565870687	0.0026283863094281753
0.010280131728341982	0.002641175879650926
0.010327580794889227	0.002654033731115635
0.01037524876555286	0.0026669603099925073
0.010423136644703776	0.002679956066388806
0.010471245441050867	0.0026930214543945752
0.010519576167647787	0.0027061569321284677
0.010568129841899754	0.0027193629617849927
0.010616907485569552	0.0027326400096817707
0.010665910124783365	0.002745988546307868
0.010715138790035647	0.002759409046372208
0.010764594516193896	0.0027729019888536478
0.010814278342502814	0.002786467857050408
0.010864191312587687	0.002800107138631638
0.010914334474457457	0.0028138203256884557
0.010964708880507143	0.0028276079147863432
0.011015315587519545	0.0028414704070181904
0.011066155656666396	0.0028554083080579947
0.011117230153508975	0.0028694221282151273
0.011168540147997896	0.002883512382489874
0.011220086714472194	0.0028976795906292
0.011271870931657962	0.002911924277183506
0.011323893882665956	0.0029262469715643155
0.01137615665498859	0.002940648208102523
0.011428660340496263	0.0029551285261075213
0.011481406035432712	0.00296968846992738
0.011534394840409634	0.002984328589009502
0.011587627860400476	0.002999049437962478
0.011641106204733423	0.0030138515766184055
0.011694830987083474	0.0030287355700967435
0.011748803325463478	0.003043701988868257
0.011803024342214488	0.003058751408820262
0.011857495163994952	0.0030738844113231945
0.011912216921769123	0.003089101583297362
0.011967190750794346	0.003104403517280991
0.012022417790607295	0.0031197908114995146
0.012077899185009275	0.0031352640699352343
0.012133636082050425	0.0031508239023984794
0.012189629634012683	0.0031664709245996753
0.012245880997391975	0.0031822057582222836
0.012302391332878818	0.003198029030996885
0.012359161805338026	0.003213941376776293
0.012416193583787274	0.003229943435611776
0.012473487841374184	0.0032460358538303428
0.012531045755352313	0.0032622192841132336
0.012588868507055984	0.003278494385575368
0.012646957281873553	0.0032948618238459538
0.012705313269219476	0.0033113222711505207
0.012763937662505123	0.003327876406393708
0.012822831659108039	0.003344524915243692
0.01288199646033987	0.003361268490217552
0.01294143327141277	0.0033781078307677597
0.013001143301404644	0.0033950436433705065
0.013061127763222352	0.0034120766416145076
0.01312138787356397	0.003429207546291696
0.01318192485287914	0.003446437085489072
0.013242739925328081	0.003463765994681711
0.013303834318738578	0.003481195016827529
0.013365209264561972	0.003498724902462852
0.01342686599782697	0.0035163564098000025
0.01348880575709202	0.0035340903048259606
0.013551029784395902	0.0035519273614022474
0.013613539325206578	0.003569868361367078
0.013676335628368494	0.0035879140946380996
0.013739419946047438	0.0036060653593174095
0.013802793533674584	0.003624322961797212
0.013866457649887809	0.003642687716868206
0.013930413556471483	0.003661160447828488
0.013994662518294537	0.003679741986594827
0.01405920580324628	0.0036984331738151334
0.01412404468217042	0.003717234858982773
0.014189180428797216	0.003736147900552749
0.014254614319673273	0.003755173166059042
0.014320347634089917	0.0037743115322347604
0.014386381654008809	0.003793563885132454
0.014452717663986037	0.0038129311202481234
0.014519356951093812	0.003832414142645639
0.01458630080484026	0.003852013867083524
0.014653550517086722	0.0038717312181439124
0.014721107381963416	0.0038915671303628627
0.014788972695782193	0.003911522548363267
0.01485714775694788	0.003931598426989352
0.014925633865866816	0.003951795731442856
0.014994432324853216	0.00397211543742257
0.015063544438033483	0.003992558531264205
0.015132971511248039	0.004013126010084254
0.015202714851950808	0.004033818881924116
0.015272775769106628	0.004054638165898067
0.015343155573085868	0.00407558489234244
0.015413855575557106	0.004096660102967709
0.01548487708937707	0.004117864851012339
0.015556221428478442	0.004139200201399341
0.015627889907755085	0.004160667230895291
0.01569988384294478	0.004182267028271372
0.015772204550509664	0.004204000694467397
0.015844853347514135	0.0042258693427579975
0.015917831551500172	0.004247874098921393
0.015991140480360252	0.004270016101410919
0.0160647814522078	0.004292296501529146
0.016138755785245013	0.004314716463604531
0.016213064797628157	0.0043372771651711585
0.016287709807330505	0.00435997979715086
0.016362692132002393	0.004382825564038346
0.016438013088828973	0.00440581568408909
0.01651367399438544	0.00442895138951069
0.01658967616448931	0.004452233926656185
0.016666020914050672	0.004475664556221588
0.016742709556919408	0.0044992445534451034
0.016819743405729906	0.004522975208311082
0.016897123771743405	0.004546857825755793
0.01697485196468755	0.004570893725877018
0.01705292929259325	0.004595084244147156
0.017131357061629326	0.004619430731629079
0.017210136575934107	0.00464393455519595
0.017289269137444788	0.00466859709775418
0.017368756045723965	0.004693419758469952
0.01744859859778372	0.004718403952999573
0.01752879808790707	0.004743551113723094
0.017609355807466767	0.004768862689981877
0.01769027304474184	0.004794340148319944
0.01777155108473097	0.004819984972729071
0.017853191208964017	0.004845798664897721
0.017935194695310533	0.004871782744464532
0.0180175628177858	0.004897938749274679
0.01810029684635457	0.004924268235641613
0.018183398046732094	0.004950772778612091
0.01826686768018264	0.00497745397223608
0.01835070700331566	0.005004313429840612
0.018434917267879533	0.005031352784307941
0.018519499720552626	0.005058573688358812
0.018604455602732134	0.00508597781483981
0.01868978615032041	0.005113566857015169
0.018775492593509066	0.0051413425288639285
0.018861576156560464	0.005169306565381241
0.018948038057587033	0.005197460722885537
0.01903487950832833	0.005225806779329233
0.01912210171392552	0.005254346534616034
0.019209705872693994	0.005283081810922532
0.01929769317589336	0.005312014453024981
0.019386064807495496	0.005341146328632044
0.019474821943950338	0.005370479328722716
0.01956396575394942	0.005400015367889463
0.019653497398187475	0.005429756384687236
0.01974341802912187	0.005459704341988937
0.019833728790729838	0.0054898612273451206
0.019924430818264047	0.005520229053351593
0.020015525238005802	0.005550809858021684
0.020107013167016602	0.005581605705164913
0.020198895712887577	0.0056126186847725796
0.020291173973487273	0.005643850913409522
0.020383849036707452	0.0056753045346116925
0.020476921980207105	0.005706981719291491
0.020570393871154807	0.005738884666148902
0.020664265765969483	0.00577101560209027
0.020758538710059116	0.005803376782653555
0.020853213737558426	0.005835970492441139
0.020948291871064402	0.005868799045559374
0.021043774121370887	0.0059018647860665735
0.02113966148720111	0.005935170088426907
0.02123595495493942	0.005968717357974136
0.02133265549836119	0.006002509031380862
0.021429764078361495	0.006036547577137741
0.021527281642682798	0.006070835496039669
0.02162520912564115	0.006105375321680592
0.021723547447851273	0.006140169620956672
0.021822297515950648	0.0061752209945784104
0.02192146022232258	0.006210532077590957
0.022021036444818128	0.00624610553990365
0.022121027046477157	0.0062819440868287935
0.022221432875248734	0.006318050459629404
0.022322254763710234	0.006354427436076464
0.0224234935287864	0.006391077831015967
0.022525149971467	0.006428004496945565
0.022627224876524146	0.006465210324601579
0.02272971901222942	0.0065026982435551686
0.022832633130069786	0.006540471222820135
0.02293596796446354	0.006578532271471034
0.023039724232475828	0.006616884439270933
0.02314390263353367	0.006655530817311503
0.023248503849141018	0.006694474538664058
0.023353528542593302	0.006733718779040795
0.023458977358692075	0.006773266757469707
0.023564850923459703	0.006813121736979264
0.023671149843853656	0.0068532870252968016
0.023777874707481474	0.006893765975558442
0.023885026082315332	0.006934561987031066
0.023992604516407202	0.006975678505848479
0.024100610537604192	0.00701711902575943
0.024209044653264088	0.007058887088889631
0.024317907349971635	0.007100986286516624
0.024427199093255053	0.0071434202598591266
0.024536920327303292	0.007186192700880436
0.02464707147468384	0.007229307353105796
0.024757652936061164	0.007272768012454386
0.02486866508991626	0.007316578528087359
0.024980108292266656	0.007360742803269517
0.025091982876387538	0.007405264796247443
0.0252042891525339	0.007450148521143981
0.025317027407663728	0.007495398048867339
0.02543019790516237	0.007541017508038388
0.025543800884567897	0.007587011085933389
0.02565783656129802	0.007633383029445498
0.02577230512637836	0.007680137646061632
0.025887206746171842	0.007727279304858726
0.02600254156211001	0.007774812437518616
0.02611830969042555	0.007822741539359787
0.026234511221886678	0.007871071170389807
0.02635114622153316	0.00791980595637526
0.02646821472841413	0.007968950589933677
0.026585716755327844	0.008018509831643922
0.026703652288563112	0.00806848851117764
0.02682202128764314	0.008118891528451503
0.026940823685071016	0.008169723854801478
0.027060059386077695	0.008220990534178088
0.027179728268371943	0.008272696684364492
0.02729983018189263	0.00832484749821754
0.0274203649485635	0.00837744824493096
0.027541332362050183	0.00843050427132349
0.027662732187519787	0.008484021003150575
0.027784564161403104	0.008538003946440808
0.027906827991159233	0.008592458688857545
0.02802952335504314	0.008647390901086639
0.02815264990187588	0.008702806338249252
0.028276207250817496	0.008758710841343092
0.028400194991143178	0.008815110338710434
0.02852461268202186	0.008872010847532896
0.02864945985229842	0.008929418475357073
0.02877473600027842	0.008987339421646591
0.028900440593516402	0.00904577997936619
0.029026573068607217	0.009104746536594831
0.02915313283098052	0.00916424557817113
0.029280119254698943	0.009224283687368393
0.02940753168225929	0.009284867547603885
0.029535369424397384	0.009346003944180644
0.02966363175989644	0.009407699766062302
0.029792317935398868	0.009469962007683306
0.029921427165221948	0.009532797770794414
0.030050958631176926	0.00959621426634262
0.030180911482392006	0.009660218816389527
0.030311284835139223	0.009724818856067238
0.030442077772664868	0.009790021935570542
0.0305732893450242	0.009855835722191479
0.030704918568919812	0.009922268002390535
0.030836964427544272	0.009989326683911016
0.030969425870426504	0.010057019797934922
0.031102301813282628	0.010125355501280025
0.031235591137870722	0.010194342078643186
0.03136929269184994	0.010263987944885342
0.0315034052886437	0.010334301647364149
0.031637927707307535	0.010405291868312287
0.03177285869240079	0.010476967427263235
0.03190819695386315	0.010549337283526942
0.03204394116689539	0.010622410538712893
0.03218008997184472	0.01069619643930665
0.032316641974094465	0.010770704379295712
0.032453595743958466	0.010845943902851207
0.03259094981658016	0.010921924707061619
0.03272870269183591	0.01099865664472305
0.032866852834243544	0.011076149727185737
0.03300539867287522	0.011154414127259748
0.03314433860127507	0.011233460182178032
0.033283670977381816	0.011313298396622477
0.03342339412345606	0.01139393944580927
0.03356350632601236	0.011475394178640705
0.03370400583575634	0.01155767362091953
0.033844890867526546	0.011640788978630565
0.03398615960024133	0.011724751641289931
0.03412781017685065	0.011809573185364209
0.034269840704292856	0.011895265377760198
0.03441224925345645	0.01198184017938682
0.034555033859146995	0.012069309748792348
0.034698192520058846	0.012157686445876698
0.03484172319875221	0.012246982835682487
0.03498562382163513	0.012337211692263813
0.03512989227895064	0.012428386002639055
0.03527452642476905	0.012520518970824691
0.0354195240769853	0.012613624021955537
0.03556488301732162	0.012707714806490815
0.0357106009913352	0.012802805204512034
0.03585667570843122	0.01289890933010911
0.03600310484188088	0.012996041535863163
0.03614988602884483	0.013094216417420989
0.03629701687040161	0.013193448818171366
0.036444494931581625	0.013293753834019992
0.036592317741406005	0.013395146818265306
0.03674048279293093	0.01349764338658288
0.03688898754329708	0.013601259422113859
0.037037829413784515	0.013706011080666615
0.03718700578987254	0.013811914796026772
0.03733651402130507	0.013918987285388765
0.03748635142216106	0.014027245554899627
0.037636515270930315	0.014136706905326773
0.0377870028105945	0.014247388937849487
0.03793781124871336	0.014359309559976038
0.03808893775751631	0.014472486991593073
0.038240379473999095	0.014586939771145157
0.03839213350002581	0.014702686761953033
0.038544196902436045	0.0148197471586692
0.038696566713157396	0.014938140493879518
0.03884923992932303	0.01505788664484842
0.039002213513394494	0.015179005840415868
0.03915548439328974	0.015301518668046719
0.039309049462516295	0.015425446081040338
0.03946290558030962	0.015550809405897635
0.03961704957177659	0.015677630349857235
0.039771478228044096	0.015805931008597916
0.03992618830641274	0.015935733874118764
0.040081176530515704	0.01606706184279127
0.04023643959048261	0.016199938223601187
0.04039197414310856	0.016334386746570513
0.04054777681202798	0.016470431571376256
0.04070384418789375	0.0166080972961619
0.040860172828561164	0.01674740896655274
0.04101675925927686	0.01688839208487627
0.04117359997287285	0.01703107261959489
0.04133069142996525	0.01717547701495483
0.04148803005915809	0.017321632200858236
0.0416456122572518	0.017469565602961805
0.041803434389456856	0.017619305153013003
0.0419614927896119	0.017770879299420377
0.04211978376040681	0.017924317018075724
0.0422783035736105	0.01807964782342369
0.042437048470303496	0.018236901779793358
0.042596014661115046	0.01839610951299319
0.0427551983264652	0.01855730222217903
0.04291459561681109	0.018720511692001254
0.04307420265289815	0.01888577030503778
0.04323401552601579	0.01905311105452152
0.043394030298257516	0.019222567557368682
0.043554243002785716	0.01939417406751694
0.04371464964410066	0.019567965489580796
0.043875246198314115	0.019743977392832547
0.04403602861342723	0.019922246025516083
0.04419699280961286	0.02010280832950613
0.044358134679502136	0.02028570195531872
0.044519450088475146	0.02047096527748129
0.04468093487495612	0.02065863741027402
0.04484258485071263	0.020848758223855023
0.04500439580115891	0.021041368360770196
0.04516636348566337	0.02123650925287121
0.04532848363786009	0.02143422313863845
0.045490751965964284	0.02163455308093222
0.045653164153091945	0.02183754298517481
0.04581571585758308	0.022043237617979425
0.04597840271332922	0.022251682626237
0.04614122033010438	0.022462924556672103
0.04630416429390008	0.022677010875884907
0.046467230167264	0.022893989990881655
0.04663041348964235	0.02311391127012369
0.04679370977772597	0.023336825065093825
0.04695711452579985	0.023562782732399753
0.04712062320609635	0.023791836656435028
0.047284231269152016	0.024024040272598482
0.04744793414416762	0.024259448091105116
0.04761172723937185	0.024498115721390882
0.0477756059423882	0.024740099897134295
0.047939565620605286	0.02498545850190843
0.04810360162155038	0.025234250595486025
0.04826770927326617	0.025486536440809962
0.04843188388469077	0.025742377531650235
0.04859612074604067	0.026001836620966584
0.04876041512919703	0.026264977749998825
0.0489247622880947	0.02653186627809757
0.04908915745911438	0.026802568913326583
0.04925359586147785	0.027077153743850446
0.049418072697645664	0.02735569027013185
0.04958258315371804	0.02763824943796479
0.04974712239983837	0.027924903672359978
0.04991168559059942	0.02821572691231772
0.05007626786545239	0.028510794646499686
0.05024086434911821	0.028810183949837437
0.050405470152001836	0.029113973521099196
0.050570080370608804	0.029422243721438254
0.050734690087964295	0.02973507661396195
0.05089929437403468	0.03005255600433901
0.051063888286151334	0.03037476748248289
0.051228466869436766	0.030701798465339544
0.05139302515723311	0.03103373824081057
0.05155755817153279	0.031370678012849415
0.05172206092341123	0.03171271094775239
0.05188652841346181	0.032059932221702205
0.052050955632232714	0.03241243906957336
0.052215337560666014	0.03277033083505712
0.052379669170538476	0.03313370902213604
0.05254394542490447	0.03350267734794626
0.05270816127854043	0.03387734179707819
0.052872311678391515	0.03425781067734201
0.053036391564019666	0.03464419467705721
0.053200395868053495	0.03503660692390611
0.053364319516639926	0.03543516304538892
0.05352815742989721	0.035839981230945346
0.05369190452236964	0.036251182295778485
0.0538555557034837	0.03666888974643738
0.05401910587800567	0.03709322984820794
0.05418254994650068	0.03752433169437718
0.05434588280579292	0.03796232727741071
0.0545090993494274	0.03840735156211883
0.05467219446813272	0.03885954256085248
0.05483516305028517	0.03931904141081451
0.054997999982374014	0.03978599245352275
0.05516070014946762	0.04026054331652057
0.05532325843568092	0.04074284499737688
0.05548566972464375	0.041233051950064714
0.05564792889997	0.041731322173783
0.05581003084572797	0.04223781730429087
0.05597197044691129	0.04275270270785912
0.0561337425899107	0.04327614757787682
0.05629534216298671	0.04380832503423792
0.05645676405674284	0.044349412225565224
0.05661800316459958	0.044899590434380576
0.05677905438326884	0.045459045185291945
0.05693991261322915	0.0460279663563131
0.05710057275920117	0.04660654829340657
0.05726102973062383	0.04719498992834208
0.05742127844213084	0.047793494899988985
0.057581313814027424	0.0484022716791485
0.05774113077276763	0.049021533697026776
0.05790072425143171	0.04965149947748699
0.05806008919020381	0.05029239277316832
0.05821922053684994	0.05094444270564074
0.058378113247195794	0.05160788390967062
0.05853676228560501	0.052282956681778577
0.058695162625457216	0.05296990713319829
0.0588533092496262	0.05366898734738988
0.05901119715095805	0.05438045554224695
0.05916882133274907	0.055104576237164374
0.059326176809223675	0.055841620425105105
0.059483258606012085	0.05659186574985371
0.05964006176062773	0.057355596688588986
0.05979658132294452	0.05813310474000565
0.05995281235567358	0.05892468861809566
0.060108749934839806	0.05973065445185893
0.06026438915025793	0.06055131599104795
0.060419725106008154	0.061386994818235945
0.06057475292091127	0.06223802056734395
0.060729467729003284	0.06310473114889228
0.06088386468000928	0.06398747298216467
0.061037938939816946	0.06488660123455385
0.0611916856909491	0.06580248006828764
0.061345100133035825	0.06673548289481447
0.06149817748328546	0.06768599263709718
0.0616509129769551	0.06865440200006827
0.06180330186782004	0.06964111374955234
0.06195533942864247	0.0706465409999142
0.06210702095163907	0.07167110751073842
0.06225834174894772	0.07271524799285374
0.06240929715309305	0.07377940842403417
0.0625598825174511	0.07486404637465964
0.06271009321671263	0.07596963134373867
0.06285992464734551	0.07709664510561565
0.06300937222805554	0.07824558206772296
0.06315843140024638	0.07941694963980511
0.0633070976284779	0.0806112686149532
0.06345536640092327	0.08182907356290958
0.0636032332298247	0.0830709132360443
0.0637506936519476	0.08433735098845305
0.06389774322903334	0.08562896520863865
0.06404437754825043	0.08694634976625769
0.06419059222264409	0.0882901144733936
0.06433638289158429	0.0896608855609471
0.06448174522121186	0.0910593061705815
0.06462667490488319	0.0924860368628474
0.06477116766361282	0.09394175614202131
0.0649152192465145	0.09542716099830251
0.06505882543124009	0.09694296746790872
0.06520198202441674	0.0984899112118095
0.06534468486208202	0.10006874811368073
0.06548692981011689	0.10168025489783754
0.06562871276467686	0.10332522976782414
0.06577002965262081	0.10500449306642723
0.06591087643193765	0.10671888795789887
0.06605124909217075	0.10846928113317322
0.06619114365484027	0.1102565635389597
0.06633055617386276	0.11208165113150849
0.06646948273596887	0.11394548565605096
0.06660791946111805	0.11584903545279153
0.06674586250291133	0.11779329629044061
0.06688330804900101	0.11977929222833865
0.0670202523214982	0.12180807650819239
0.06715669157737737	0.12388073247655237
0.06729262210887833	0.12599837453915883
0.06742804024390542	0.12816214914834206
0.06756294234642377	0.13037323582476915
0.06769732481685292	0.1326328482147351
0.06783118409245718	0.13494223518441814
0.06796451664773315	0.13730268195245968
0.06809731899479417	0.13971551126231196
0.06822958768375166	0.1421820845958968
0.06836131930309317	0.1447038034301018
0.06849251048005733	0.14728211053778806
0.06862315788100536	0.1499184913350007
0.06875325821178926	0.152614475276121
0.06888280821811665	0.15537163729889059
0.06901180468591198	0.15819159932110566
0.06914024444167427	0.16107603179108815
0.06926812435283122	0.16402665529399452
0.06939544132808957	0.16704524221605555
0.0695221923177818	0.17013361846911945
0.06964837431420895	0.17329366527777795
0.06977398435197962	0.1765273210315521
0.06989901950834489	0.1798365832046796
0.07002347690352939	0.18322351034621387
0.07014735370105818	0.1866902241431153
0.07027064710807947	0.19023891155936307
0.07039335437568321	0.19387182705395373
0.07051547279921529	0.19759129488104682
0.07063699971858738	0.20139971147547092
0.07075793251858246	0.20529954792706684
0.0708782686291557	0.20929335254733367
0.07099800552573084	0.2133837535321942
0.07111714072949189	0.21757346172472128
0.07123567180767022	0.22186527348183852
0.07135359637382667	0.22626207364926287
0.07147091208812897	0.23076683864906608
0.07158761665762411	0.235382639684448
0.07170370783650583	0.2401126460665313
0.07181918342637683	0.24496012866814518
0.071934041276506	0.2499284635099093
0.07204827928408042	0.2550211354839339
0.07216189539445186	0.26024174222096885
0.07227488760137811	0.26559399810682804
0.07238725394725876	0.27108173845443395
0.07249899252336545	0.2767089238377753
0.07261010147006654	0.2824796445947878
0.07272057897704609	0.2883981255059978
0.07283042328351706	0.29446873065651397
0.0729396326784287	0.3006959684889625
0.07304820550066804	0.3070844970555063
0.07315614013925534	0.31363912947737566
0.07326343503353358	0.3203648396206613
0.07337008867335176	0.32726676799777604
0.07347609959924191	0.33435022790393665
0.07358146640259002	0.3416207117990006
0.07368618772580038	0.3490838979450618
0.07379026226245364	0.3567456573109288
0.07389368875745835	0.36461206075485125
0.07399646600719581	0.37268938649775046
0.0740985928596584	0.38098412789937736
0.07420006821458115	0.3895030015508539
0.07430089102356638	0.3982529556971394
0.07440106029020166	0.4072411790040795
0.07450057507017072	0.4164751096851085
0.07459943447135733	0.4259624450033275
0.0746976376539422	0.4357111511660278
0.07479518383049259	0.44572947362825494
0.07489207226604477	0.4560259478243412
0.07498830227817924	0.4666094103460787
0.07508387323708843	0.47748901058753845
0.07517878456563722	0.4886742228777028
0.07527303573941571	0.5001748591222143
0.07536662628678466	0.5120010819781531
0.07545955578891309	0.5241634185849348
0.07555182387980847	0.5366727748771984
0.07564343024633895	0.5495404505058497
0.07573437462824786	0.5627781543953072
0.07582465681816042	0.5763980209652728
0.0759142766615824	0.5904126270485043
0.07600323405689101	0.604835009536032
0.0760915289553175	0.6196786837829541
0.07617916136092195	0.6349576628112652
0.0762661313305598	0.6506864773450349
0.07635243897384016	0.6668801967180933
0.07643808445307597	0.6835544506938783
0.07652306798322596	0.7007254522410079
0.07660738983182806	0.7184100213082768
0.07669105031892476	0.7366256096473779
0.07677404981697977	0.7553903267319106
0.07685638875078649	0.7747229668246575
0.0769380675973678	0.7946430372480277
0.07701908688586759	0.8151707879144124
0.0770994471974334	0.8363272421770841
0.07717914916509086	0.8581342290643165
0.07725819347360922	0.8806144169636306
0.07733658085935852	0.9037913488257793
0.07741431211015781	0.9276894789616544
0.07749138806511499	0.9523342115096392
0.07756780961445779	0.9777519406541614
0.07764357769935601	1.0039700926814104
0.07771869331173518	1.0310171699607236
0.07779315749408136	1.0589227969476136
0.07786697133923724	1.08771776830622
0.0779401359901895	1.1174340992572147
0.0780126526398473	1.1481050782592015
0.07808452253081227	1.179765322141807
0.07815574695513942	1.2124508338097044
0.07822632725408951	1.2461990626478907
0.07829626481787261	1.2810489677624628
0.0783655610853829	1.3170410841984845
0.07843421754392475	1.3542175922865332
0.07850223572893018	1.3926223902740549
0.07856961722366747	1.432301170408029
0.07863636365894117	1.473301498646314
0.0787024767127835	1.515672898178177
0.07876795811013712	1.5594669369533756
0.0788328096225292	1.6047373194214916
0.07889703306773707	1.651539982699696
