8.141371054588527e-4	7.950557670496609e-7
8.179580950633919e-4	7.987872022103436e-7
8.21797327578053e-4	8.025364527129424e-7
8.256548931418026e-4	8.063036065837916e-7
8.295308823694747e-4	8.100887523139401e-7
8.33425386354604e-4	8.138919788619179e-7
8.373384966722509e-4	8.17713375656495e-7
8.412703053818815e-4	8.215530325994937e-7
8.452209050302479e-4	8.254110400686015e-7
8.491903886543022e-4	8.29287488920217e-7
8.531788497841133e-4	8.331824704922982e-7
8.571863824458276e-4	8.370960766072535e-7
8.612130811646326e-4	8.410283995748366e-7
8.652590409677356e-4	8.449795321950543e-7
8.693243573874076e-4	8.489495677611403e-7
8.734091264639891e-4	8.529386000624894e-7
8.775134447489568e-4	8.569467233876531e-7
8.816374093080034e-4	8.609740325273471e-7
8.85781117724135e-4	8.650206227774756e-7
8.899446681008043e-4	8.690865899421917e-7
8.941281590650328e-4	8.731720303369461e-7
8.983316897706172e-4	8.772770407916183e-7
9.025553599012837e-4	8.814017186535973e-7
9.067992696739255e-4	8.855461617909428e-7
9.11063519841842e-4	8.897104685955489e-7
9.153482116979923e-4	8.938947379863206e-7
9.196534470782933e-4	8.980990694123958e-7
9.239793283649163e-4	9.023235628563636e-7
9.283259584896339e-4	9.065683188375331e-7
9.326934409371849e-4	9.108334384152197e-7
9.370818797486431e-4	9.151190231920342e-7
9.414913795248519e-4	9.194251753172382e-7
9.45922045429829e-4	9.237519974900674e-7
9.503739831942637e-4	9.280995929631481e-7
9.5484729911898e-4	9.324680655458789e-7
9.593421000784473e-4	9.368575196078587e-7
9.63858493524345e-4	9.412680600823682e-7
9.683965874891188e-4	9.456997924698426e-7
9.72956490589545e-4	9.501528228413525e-7
9.775383120303996e-4	9.54627257842187e-7
9.821421616080877e-4	9.591232046953981e-7
9.86768149714295e-4	9.636407712053663e-7
9.914163873397254e-4	9.681800657614505e-7
9.960869860778277e-4	9.727411973416286e-7
0.0010007800581285386	9.77324275516151e-7
0.0010054957163020796	9.819294104512496e-7
0.001010234074022781	9.86556712912872e-7
0.0010149952453329335	9.91206294270443e-7
0.001019779344896643	9.95878266500628e-7
0.0010245864880037766	1.000572742191188e-6
0.0010294167905738599	1.005289834544785e-6
0.0010342703691600624	1.0100296573828735e-6
0.0010391473409532045	1.0147923251496138e-6
0.0010440478237857714	1.0195779529157923e-6
0.0010489719361359842	1.024386656382797e-6
0.0010539197971318904	1.0292185518866117e-6
0.001058891526555481	1.034073756401837e-6
0.0010638872448468645	1.038952387545766e-6
0.001068907073108446	1.0438545635824668e-6
0.00107395113310914	1.0487804034268946e-6
0.0010790195472886448	1.0537300266490672e-6
0.0010841124387617415	1.0587035534782632e-6
0.0010892299313225659	1.0637011048071932e-6
0.001094372149449032	1.0687228021963204e-6
0.0010995392183071897	1.073768767878115e-6
0.0011047312637556476	1.0788391247613746e-6
0.0011099484123500531	1.0839339964355987e-6
0.0011151907913475856	1.0890535071753766e-6
0.001120458528711503	1.094197781944827e-6
0.0011257517531156778	1.0993669464020291e-6
0.0011310705939492495	1.104561126903564e-6
0.0011364151813212332	1.1097804505090168e-6
0.0011417856460652456	1.1150250449855914e-6
0.0011471821197441845	1.1202950388126801e-6
0.0011526047346549974	1.125590561186521e-6
0.00115805362383352	1.130911742024922e-6
0.0011635289210592448	1.1362587119719187e-6
0.001169030760860271	1.1416316024026084e-6
0.0011745592785181703	1.1470305454279006e-6
0.001180114610072973	1.1524556738993876e-6
0.0011856968923281577	1.1579071214142165e-6
0.0011913062628556709	1.163385022319991e-6
0.0011969428600010683	1.1688895117197933e-6
0.0012026068228885725	1.1744207254771216e-6
0.0012082982914262917	1.179978800220988e-6
0.0012140174063113988	1.1855638733509754e-6
0.0012197643090353888	1.1911760830423719e-6
0.0012255391418893992	1.1968155682513664e-6
0.0012313420479695347	1.2024824687202487e-6
0.0012371731711822596	1.2081769249826754e-6
0.0012430326562498316	1.2138990783689762e-6
0.0012489206487157646	1.219649071011489e-6
0.0012548372949504074	1.2254270458500072e-6
0.0012607827421564563	1.2312331466371644e-6
0.0012667571383745983	1.2370675179439437e-6
0.0012727606324892098	1.242930305165244e-6
0.001278793374234023	1.248821654525413e-6
0.0012848555141979287	1.2547417130839148e-6
0.0012909472038307764	1.2606906287409926e-6
0.0012970685954492688	1.2666685502434266e-6
0.001303219842242845	1.2726756271902782e-6
0.0013094010982796658	1.2787120100387364e-6
0.0013156125185126391	1.2847778501099994e-6
0.001321854258785483	1.2908732995951984e-6
0.0013281264758388746	1.2969985115614012e-6
0.0013344293273166057	1.303153639957623e-6
0.0013407629717718467	1.3093388396209443e-6
0.0013471275686733955	1.3155542662826135e-6
0.0013535232784120845	1.321800076574302e-6
0.0013599502623071163	1.328076428034294e-6
0.0013664086826125897	1.334383479113858e-6
0.0013728987025239748	1.34072138918357e-6
0.001379420486184713	1.3470903185397601e-6
0.0013859741986928052	1.353490428410944e-6
0.00139256000610758	1.3599218809644352e-6
0.001399178075456407	1.3663848393128994e-6
0.0014058285747415196	1.3728794675210178e-6
0.0014125116729468764	1.3794059306121867e-6
0.0014192275400451628	1.3859643945753577e-6
0.0014259763470046937	1.3925550263717752e-6
0.0014327582657966097	1.3991779939420063e-6
0.0014395734694018884	1.4058334662127874e-6
0.0014464221318186566	1.4125216131041634e-6
0.0014533044280693541	1.4192426055364863e-6
0.0014602205342081503	1.4259966154376559e-6
0.0014671706273283037	1.4327838157503074e-6
0.001474154885569615	1.4396043804390898e-6
0.0014811734881260443	1.4464584844981051e-6
0.0014882266152532373	1.4533463039582573e-6
0.0014953144482762557	1.4602680158948017e-6
0.0015024371695973333	1.4672237984349201e-6
0.0015095949627036704	1.474213830765332e-6
0.001516788012175383	1.4812382931400563e-6
0.0015240165036934704	1.4882973668881943e-6
0.0015312806240478333	1.4953912344217587e-6
0.0015385805611454599	1.5025200792436678e-6
0.0015459165040186118	1.5096840859557396e-6
0.0015532886428330827	1.5168834402667575e-6
0.001560697168896649	1.5241183290007215e-6
0.001568142274667436	1.5313889401050206e-6
0.0015756241537625067	1.5386954626588178e-6
0.0015831430009664508	1.5460380868814396e-6
0.0015906990122401031	1.5534170041408892e-6
0.0015982923847293177	1.560832406962415e-6
0.001605923316773864	1.5682844890371986e-6
0.001613592007916354	1.575773445231073e-6
0.0016212986589113146	1.5832994715933811e-6
0.0016290434717343442	1.5908627653659202e-6
0.0016368266495913168	1.5984635249919263e-6
0.0016446483969277017	1.6061019501251805e-6
0.0016525089194380325	1.6137782416392507e-6
0.0016604084240753546	1.6214926016367234e-6
0.0016683471190608824	1.6292452334586284e-6
0.0016763252138937037	1.6370363416939218e-6
0.0016843429193605624	1.644866132189035e-6
0.0016924004475458146	1.6527348120575994e-6
0.0017004980118413488	1.6606425896901348e-6
0.0017086358269568075	1.668589674764029e-6
0.001716814108929729	1.6765762782534449e-6
0.001725033075135911	1.6846026124394389e-6
0.0017332929442998304	1.6926688909201386e-6
0.0017415939365051749	1.7007753286210252e-6
0.00174993627320551	1.7089221418053534e-6
0.0017583201772350312	1.7171095480846488e-6
0.0017667458728194611	1.7253377664293528e-6
0.001775213585587027	1.7336070171795398e-6
0.0017837235425795831	1.7419175220557814e-6
0.0017922759722638299	1.7502695041701021e-6
0.0018008711045426945	1.7586631880370927e-6
0.0018095091707667408	1.7670987995850539e-6
0.0018181904037458646	1.775576566167417e-6
0.0018269150377609466	1.7840967165741244e-6
0.0018356833085756996	1.7926594810431986e-6
0.0018444954534487194	1.8012650912725133e-6
0.0018533517111455683	1.8099137804315904e-6
0.00186225232195096	1.8186057831735036e-6
0.001871197527681276	1.8273413356470986e-6
0.0018801875716969675	1.8361206755091062e-6
0.0018892226989152992	1.8449440419365892e-6
0.0018983031558231324	1.8538116756394242e-6
0.0019074291904898812	1.8627238188729562e-6
0.0019166010525805848	1.8716807154507651e-6
0.0019258189933692084	1.8806826107576547e-6
0.001935083265752005	1.8897297517627048e-6
0.0019443941242611165	1.8988223870325512e-6
0.0019537518250782454	1.907960766744741e-6
0.001963156626048502	1.9171451427012534e-6
0.0019726087866945327	1.9263757683423035e-6
0.0019821085682306693	1.9356528987601544e-6
0.0019916562335772327	1.9449767907130936e-6
0.0020012520473752485	1.954347702639802e-6
0.0020108962760009034	1.963765894673476e-6
0.0020205891875806807	1.9732316286566085e-6
0.0020303310520063183	1.982745168155599e-6
0.002040122140949978	1.992306778475572e-6
0.002049962727879869	2.001916726675636e-6
0.002059853088075694	2.011575281583972e-6
0.0020697934986445695	2.0212827138133828e-6
0.0020797842385369904	2.031039295776889e-6
0.0020898255885631106	2.0408453017036327e-6
0.002099917831409036	2.0507010076547934e-6
0.002110061251653552	2.060606691539928e-6
0.002120256135784885	2.070562633133347e-6
0.0021305027722177622	2.080569114090781e-6
0.0021408014513107556	2.090626417966325e-6
0.0021511524653835996	2.1007348302293587e-6
0.0021615561087350134	2.1108946382819584e-6
0.0021720126776606737	2.1211061314764618e-6
0.002182522470471189	2.1313696011330276e-6
0.0021930857875108465	2.141685340557958e-6
0.002203702931175897	2.152053645061565e-6
0.0022143742059336827	2.162474811976867e-6
0.0022250999183417936	2.1729491406783077e-6
0.0022358803770673647	2.1834769326006214e-6
0.0022467158929068303	2.1940584912581403e-6
0.0022576067788058684	2.2046941222642915e-6
0.0022685533498796005	2.2153841333513462e-6
0.002279555923433116	2.226128834390485e-6
0.0022906148189821745	2.2369285374120428e-6
0.002301730358274367	2.2477835566261996e-6
0.0023129028653105133	2.2586942084439095e-6
0.0023241326663662096	2.2696608114979756e-6
0.002335420090013839	2.280683686664579e-6
0.0023467654671450212	2.2917631570852453e-6
0.002358169130992973	2.3028995481887194e-6
0.0023696314171557016	2.3140931877136655e-6
0.0023811526636191758	2.325344405731344e-6
0.002392733210780862	2.336653534668649e-6
0.002404373401473898	2.348020909331777e-6
0.002416073580991191	2.3594468669298243e-6
0.0024278340971104076	2.370931747099258e-6
0.002439655300118737	2.3824758919281774e-6
0.0024515375428385074	2.394079645981411e-6
0.002463481180653066	2.4057433563258763e-6
0.002475486571532911	2.4174673725561957e-6
0.0024875540760623846	2.429252046820868e-6
0.0024996840574667417	2.4410977338488117e-6
0.002511876881639685	2.4530047909763777e-6
0.002524132917171071	2.4649735781745335e-6
0.0025364525353756893	2.4770044580771084e-6
0.002548836110321603	2.489097796008623e-6
0.0025612840188598343	2.501253960013437e-6
0.0025737966406538847	2.513473320884757e-6
0.0025863743582101397	2.525756252194516e-6
0.0025990175569084516	2.5381031303234417e-6
0.002611726625033554	2.5505143344919547e-6
0.002624501953806744	2.5629902467913412e-6
0.0026373439374182445	2.575531252215611e-6
0.002650252973059971	2.5881377386937684e-6
0.0026632294609590505	2.6008100971228344e-6
0.0026762738044117324	2.613548721401279e-6
0.002689386409817964	2.6263540084631182e-6
0.0027025676867165295	2.6392263583125935e-6
0.0027158180478208775	2.6521661740595427e-6
0.0027291379090554372	2.6651738619552806e-6
0.0027425276895926935	2.6782498314292467e-6
0.0027559878118908324	2.6913944951262454e-6
0.002769518701732131	2.70460826894444e-6
0.0027831207882619696	2.717891572073997e-6
0.0027967945040285177	2.7312448270364227e-6
0.002810540285023283	2.7446684597247783e-6
0.0028243585707221413	2.7581628994444195e-6
0.0028382498041274137	2.771728578954788e-6
0.0028522144318103874	2.785365934511698e-6
0.002866252903954933	2.7990754059107345e-6
0.0028803656744016424	2.8128574365312192e-6
0.002894553200692995	2.826712473381236e-6
0.0029088159441192094	2.840640967143387e-6
0.002923154369765041	2.854643372221533e-6
0.00293756894655745	2.8687201467884587e-6
0.002952060147314023	2.8828717528343355e-6
0.002966628448792509	2.8970986562163597e-6
0.0029812743317411674	2.911401326709252e-6
0.002995998280950063	2.9257802380567767e-6
0.003010800785303285	2.9402358680242454e-6
0.003025682337832405	2.954768698452327e-6
0.003040643435770543	2.9693792153115565e-6
0.0030556845806078386	2.9840679087583096e-6
0.0030708062781477467	2.9988352731917042e-6
0.003086009038564547	3.0136818073117964e-6
0.003101293376461789	3.0286080141788177e-6
0.0031166598109319712	3.0436144012737462e-6
0.0031321088656174603	3.058701480560222e-6
0.0031476410687723195	3.0738697685474975e-6
0.0031632569533254352	3.0891197863548024e-6
0.003178957056944979	3.1044520597771798e-6
0.00319474192210394	3.1198671193525193e-6
0.003210612096146947	3.1353655004300465e-6
0.003226568131358367	3.1509477432402205e-6
0.0032426105850317994	3.1666143929662016e-6
0.003258740019540698	3.1823659998166213e-6
0.0032749570024105078	3.19820311910004e-6
0.0032912621063921265	3.2141263113009276e-6
0.0033076559095366956	3.2301361421571697e-6
0.003324138995271962	3.2462331827393596e-6
0.003340711952479774	3.262418009531449e-6
0.003357375375575404	3.2786912045134577e-6
0.003374129864588137	3.2950533552456932e-6
0.0033909760252433907	3.311505054954771e-6
0.0034079144690464104	3.3280469026214696e-6
0.0034249458133673895	3.344679503070308e-6
0.003442070681528475	3.361403467061301e-6
0.003459289702891877	3.3782194113831387e-6
0.003476603512950115	3.395127958948823e-6
0.003494012753417489	3.4121297388928888e-6
0.0035115180723234193	3.4292253866708455e-6
0.0035291201241074294	3.44641554416064e-6
0.003546819569715802	3.463700859766196e-6
0.0035646170766999233	3.481081988523049e-6
0.0035825133193164325	3.498559592206227e-6
0.0036005089786290243	3.5161343394402266e-6
0.0036186047426121433	3.5338069058113656e-6
0.003636801306256273	3.5515779739822173e-6
0.003655099371675211	3.5694482338085446e-6
0.003673499648215188	3.5874183824586164e-6
0.0036920028525654564	3.6054891245345616e-6
0.003710609708871251	3.623661172196665e-6
0.0037293209488479945	3.641935245289531e-6
0.0037481373118980693	3.660312071471433e-6
0.003767059545228669	3.6787923863454136e-6
0.0037860884039722644	3.6973769335936833e-6
0.0038052246513084692	3.716066465114123e-6
0.003824469058587918	3.7348617411595565e-6
0.0038438224054581542	3.7537635304797946e-6
0.003863285479991301	3.7727726104662633e-6
0.003882859078813626	3.7918897672993676e-6
0.003902544007237141	3.8111157960987415e-6
0.0039223410793928	3.8304515010760095e-6
0.003942251118366029	3.8498976956907935e-6
0.003962274956333707	3.869455202809153e-6
0.003982413434703309	3.889124854865175e-6
0.0040026674042539095	3.9089074940254705e-6
0.004023037725278706	3.9288039723562654e-6
0.004043525267730004	3.948815151994055e-6
0.004064130911365485	3.968941905318713e-6
0.004084855545896377	3.989185115129682e-6
0.004105700071137978	4.0095456748257485e-6
0.004126665397160957	4.030024488586889e-6
0.004147752444445437	4.050622471560201e-6
0.0041689621440360895	4.07134055004821e-6
0.004190295437699149	4.092179661700527e-6
0.004211753278081373	4.1131407557088744e-6
0.004233336628870133	4.13422479300477e-6
0.004255046464955468	4.155432746460727e-6
0.004276883772593487	4.17676560109438e-6
0.004298849549571695	4.198224354276213e-6
0.004320944805374962	4.219810015939622e-6
0.004343170561353997	4.24152360879523e-6
0.004365527850894339	4.263366168547552e-6
0.004388017719586948	4.285338744115101e-6
0.00441064122540029	4.307442397853922e-6
0.0044333994388532855	4.329678205783967e-6
0.004456293443189846	4.352047257819083e-6
0.004479324334553736	4.374550657999442e-6
0.004502493222165338	4.397189524728e-6
0.00452580122849885	4.419964991009636e-6
0.004549249489460292	4.442878204693357e-6
0.00457283915456682	4.465930328718162e-6
0.004596571387126061	4.489122541361337e-6
0.004620447364416562	4.512456036490331e-6
0.004644468277868843	4.5359320238177805e-6
0.004668635333246233	4.55955172915893e-6
0.0046929497508270855	4.583316394693091e-6
0.0047174127655862114	4.607227279227091e-6
0.0047420256273773866	4.631285658462596e-6
0.004766789601115144	4.655492825265618e-6
0.004791705966957052	4.679850089939467e-6
0.004816776020485621	4.7043587805003764e-6
0.004842001072889801	4.72902024295583e-6
0.004867382451146462	4.75383584158606e-6
0.004892921498200921	4.778806959227861e-6
0.004918619573147123	4.803934997561405e-6
0.004944478051406976	4.82922137739964e-6
0.004970498324908663	4.854667538980163e-6
0.004996681802264167	4.880274942259909e-6
0.005023029908945383	4.9060450672120795e-6
0.005049544087459093	4.931979414125698e-6
0.005076225797520233	4.9580795039073085e-6
0.005103076516223928	4.98434687838534e-6
0.005130097738215448	5.010783100616427e-6
0.005157290975858456	5.037389755194105e-6
0.005184657759400942	5.0641684485593895e-6
0.0052121996371392604	5.09112080931373e-6
0.005239918175579571	5.1182484885337266e-6
0.005267814959596739	5.145553160087776e-6
0.005295891592590502	5.173036520954531e-6
0.0053241496966388085	5.200700291543162e-6
0.005352590912648246	5.228546216015452e-6
0.005381216900500685	5.256576062608948e-6
0.005410029339197167	5.284791623962256e-6
0.005439029926997801	5.313194717441389e-6
0.005468220381557785	5.341787185467351e-6
0.005497602440059973	5.370570895845472e-6
0.005527177859342626	5.399547742095256e-6
0.00555694841602342	5.428719643781886e-6
0.005586915906618412	5.458088546848215e-6
0.005617082147656664	5.4876564239479976e-6
0.005647448975789677	5.517425274779686e-6
0.005678018247895941	5.5473971264211215e-6
0.00570879184117998	5.577574033664654e-6
0.0057397716532660605	5.607958079352944e-6
0.00577095960228587	5.638551374714856e-6
0.005802357626960807	5.669356059702187e-6
0.005833967686677701	5.700374303326161e-6
0.005865791761558449	5.731608303994267e-6
0.0058978318525230505	5.763060289847043e-6
0.005930089981346122	5.794732519094981e-6
0.0059625681907061225	5.826627280354903e-6
0.0059952685442278665	5.85874689298646e-6
0.0060281931265176785	5.891093707428264e-6
0.006061344043190516	5.92367010553304e-6
0.006094723420890298	5.95647850090316e-6
0.006128333407301428	5.9895213392246725e-6
0.006162176171152712	6.0228010986010916e-6
0.0061962539022129975	6.056320289886428e-6
0.006230568811277992	6.090081457016993e-6
0.006265123130148564	6.124087177342402e-6
0.006299919111600463	6.158340061955805e-6
0.006334959029344292	6.192842756022313e-6
0.006370245177976795	6.227597939106761e-6
0.00640577987292259	6.2626083255000506e-6
0.006441565450365912	6.297876664543772e-6
0.006477604267173178	6.33340574095396e-6
0.006513898700805014	6.369198375142812e-6
0.006550451149218256	6.405257423538912e-6
0.006587264030757948	6.441585778906131e-6
0.0066243397840382735	6.478186370660231e-6
0.006661680867813438	6.51506216518429e-6
0.006699289760837321	6.552216166141877e-6
0.006737168961712095	6.589651414788275e-6
0.006775320988726292	6.627370990280324e-6
0.006813748379680769	6.6653780099834475e-6
0.006852453691704028	6.7036756297774215e-6
0.006891439501055477	6.742267044359545e-6
0.00693070840291727	6.781155487545975e-6
0.006970263011174208	6.820344232570792e-6
0.007010105958181841	6.859836592383027e-6
0.007050239894522218	6.899635919941201e-6
0.007090667488748175	6.939745608506343e-6
0.007131391427114339	6.980169091931767e-6
0.007172414413296882	7.020909844951731e-6
0.00721373916809987	7.061971383466893e-6
0.007255368429149728	7.103357264828197e-6
0.00729730495057694	7.1450710881183616e-6
0.007339551502684919	7.187116494431002e-6
0.0073821108716061274	7.229497167147556e-6
0.007424985858945794	7.272216832212405e-6
0.007468179281412246	7.315279258405305e-6
0.007511693970434859	7.358688257612208e-6
0.007555532771768549	7.402447685093442e-6
0.007599698545085931	7.446561439750455e-6
0.007644194163555979	7.491033464390026e-6
0.007689022513410003	7.535867745986818e-6
0.007734186493494584	7.581068315943944e-6
0.007779689014811724	7.626639250351893e-6
0.007825533000045437	7.67258467024509e-6
0.007871721383076236	7.718908741857558e-6
0.007918257108482188	7.765615676876436e-6
0.007965143131027093	7.812709732693928e-6
0.008012382415136236	7.86019521265819e-6
0.008059977934359128	7.908076466322555e-6
0.008107932670819433	7.956357889693402e-6
0.00815624961465241	8.005043925476941e-6
0.00820493176343032	8.054139063325426e-6
0.008253982121574556	8.103647840081594e-6
0.008303403699755654	8.153574840022423e-6
0.008353199514282143	8.203924695103263e-6
0.008403372586475551	8.254702085199605e-6
0.00845392594203449	8.30591173834941e-6
0.008504862610387551	8.357558430995766e-6
0.008556185624032982	8.409646988227763e-6
0.00860789801786778	8.462182284022283e-6
0.00866000282850556	8.515169241485977e-6
0.008712503093582829	8.56861283309707e-6
0.008765401851054509	8.62251808094778e-6
0.00881870213847853	8.676890056987163e-6
0.008872406992289888	8.731733883264716e-6
0.008926519447064688	8.787054732175193e-6
0.00898104253477342	8.842857826703891e-6
0.00903597928402456	8.899148440673337e-6
0.009091332719299058	8.955931898991981e-6
0.00914710586017438	9.013213577903403e-6
0.009203301720539913	9.070998905237834e-6
0.009259923307804056	9.129293360666144e-6
0.009316973622091341	9.18810247595467e-6
0.009374455655432424	9.247431835223506e-6
0.009432372390945382	9.307287075206672e-6
0.009490726802009264	9.36767388551498e-6
0.009549521851430768	9.428598008902324e-6
0.009608760490602806	9.490065241534081e-6
0.00966844565865709	9.552081433259612e-6
0.009728580281609958	9.614652487887927e-6
0.009789167271501727	9.677784363466703e-6
0.009850209525530814	9.741483072565714e-6
0.009911709925181976	9.805754682563888e-6
0.00997367133534946	9.870605315940647e-6
0.010036096603455754	9.936041150571995e-6
0.010098988558565168	1.0002068420030495e-5
0.010162350010494777	1.0068693413891416e-5
0.010226183748920165	1.0135922478042355e-5
0.01029049254247922	1.0203762014999393e-5
0.01035527913787221	1.0272218484227794e-5
0.010420546258959728	1.0341298402468653e-5
0.010486296605859046	1.041100834407184e-5
0.010552532854037795	1.048135494133393e-5
0.010619257653407557	1.0552344884843486e-5
0.01068647362741562	1.0623984923831752e-5
0.010754183372137141	1.0696281866530728e-5
0.010822389455366642	1.076924258053739e-5
0.01089109441571061	1.0842873993185494e-5
0.010960300761680496	1.0917183091924127e-5
0.011030010970786954	1.0992176924703508e-5
0.011100227488636337	1.1067862600368868e-5
0.01117095272802855	1.1144247289061207e-5
0.011242189068058685	1.1221338222627143e-5
0.011313938853219983	1.1299142695035094e-5
0.011386204392512249	1.1377668062801674e-5
0.011458987958552146	1.1456921745424462e-5
0.011532291786689615	1.15369112258251e-5
0.011606118074127997	1.1617644050800034e-5
0.011680468979049648	1.1699127831480421e-5
0.011755346619747266	1.17813702438011e-5
0.011830753073761238	1.1864379028978705e-5
0.011906690377023651	1.1948161993999234e-5
0.011983160523009209	1.2032727012115037e-5
0.012060165461893141	1.211808202335106e-5
0.012137707099717666	1.2204235035021526e-5
0.012215787297566427	1.229119412225631e-5
0.012294407870746848	1.2378967428536515e-5
0.012373570587983312	1.2467563166241993e-5
0.012453277170617484	1.2556989617206735e-5
0.01253352929182106	1.264725513328718e-5
0.012614328575817067	1.2738368136939273e-5
0.012695676597112448	1.283033712180665e-5
0.01277757487974237	1.2923170653320195e-5
0.01286002489652491	1.3016877369307235e-5
0.012943028068328687	1.3111465980612736e-5
0.013026585763352803	1.3206945271731514e-5
0.013110699296418374	1.3303324101450468e-5
0.01319536992827481	1.3400611403503775e-5
0.013280598864917819	1.349881618723763e-5
0.013366387256922739	1.359794753828793e-5
0.013452736198790966	1.3698014619268437e-5
0.013539646728311393	1.3799026670470934e-5
0.013627119825936946	1.3900993010577318e-5
0.013715156414175063	1.4003923037382157e-5
0.013803757356995617	1.410782622852897e-5
0.01389292345925305	1.4212712142256713e-5
0.013982655466125272	1.4318590418158838e-5
0.014072954062568942	1.4425470777954238e-5
0.014163819872791724	1.4533363026270467e-5
0.014255253459741057	1.4642277051438553e-5
0.014347255324610404	1.4752222826300099e-5
0.01443982590636329	1.4863210409026817e-5
0.014532965581274983	1.4975249943952116e-5
0.014626674662491955	1.5088351662414654e-5
0.014720953399609757	1.520252588361433e-5
0.014815801978270185	1.531778301548141e-5
0.014911220519775517	1.5434133555556285e-5
0.015007209080723184	1.5551588091883247e-5
0.015103767652658797	1.5670157303915808e-5
0.015200896161748939	1.578985196343499e-5
0.01529859446847249	1.5910682935479163e-5
0.015396862367332946	1.6032661179287672e-5
0.015495699586589334	1.6155797749255845e-5
0.015595105788007683	1.628010379590316e-5
0.015695080566632314	1.6405590566853707e-5
0.015795623450577254	1.653226940782919e-5
0.015896733900838112	1.6660151763654696e-5
0.015998411311124134	1.6789249179276904e-5
0.016100655007710855	1.691957330079499e-5
0.016203464249312828	1.7051135876503754e-5
0.016306838226977795	1.7183948757950243e-5
0.01641077606400053	1.731802390100203e-5
0.016515276815858196	1.7453373366929002e-5
0.016620339470165026	1.759000932349643e-5
0.016725962946649575	1.7727944046072626e-5
0.01683214609715162	1.7867189918748154e-5
0.01693888770563959	1.8007759435467602e-5
0.017046186488248377	1.8149665201173633e-5
0.01715404109333977	1.8292919932965945e-5
0.01726245010158067	1.843753646126987e-5
0.017371412026044034	1.8583527731019977e-5
0.017480925312329205	1.873090680285532e-5
0.017590988338702988	1.887968685432771e-5
0.017701599416261316	1.9029881181123007e-5
0.017812756789110182	1.9181503198294188e-5
0.017924458634568152	1.933456644150869e-5
0.01803670306338715	1.9489084568306716e-5
0.018149488119995144	1.964507135937449e-5
0.018262811782756315	1.9802540719827892e-5
0.018376671964252578	1.9961506680510825e-5
0.018491066511584203	2.012198339930606e-5
0.018605993206688213	2.028398516245735e-5
0.018721449766678326	2.0447526385907043e-5
0.01883743384420174	2.0612621616644425e-5
0.018953943027815348	2.0779285534067722e-5
0.019070974842381176	2.0947532951359908e-5
0.0191885267494782	2.1117378816875334e-5
0.019306596147834826	2.128883821554227e-5
0.019425180373776114	2.146192637027506e-5
0.019544276701691288	2.1636658643402345e-5
0.019663882344517755	2.1813050538107444e-5
0.019783994454240724	2.1991117699880244e-5
0.01990461012241213	2.2170875917985014e-5
0.0200257263806842	2.23523411269393e-5
0.02014734020135959	2.2535529408006437e-5
0.020269448497958583	2.2720456990702563e-5
0.0203920481258004	2.2907140254315173e-5
0.020515135882601548	2.3095595729436964e-5
0.02063870850908777	2.3285840099511436e-5
0.02076276268962136	2.3477890202392624e-5
0.02088729505284311	2.3671763031918663e-5
0.021012302172328724	2.3867475739499234e-5
0.02113778056725769	2.4065045635715256e-5
0.02126372670309707	2.426449019193389e-5
0.02139013699229738	2.4465827041936197e-5
0.021517007795002454	2.466907398355996e-5
0.02164433541977055	2.487424898035519e-5
0.021772116124307316	2.5081370163253252e-5
0.0219003461162132	2.529045583225326e-5
0.022029021553738298	2.5501524458118104e-5
0.022158138546551277	2.571459468408822e-5
0.02228769315651733	2.5929685327607823e-5
0.022417681398487672	2.614681538206707e-5
0.022548099241098005	2.636600401855757e-5
0.022678942607576483	2.6587270587642443e-5
0.022810207376561902	2.6810634621142383e-5
0.02294188938292951	2.7036115833935048e-5
0.023073984418626795	2.7263734125771244e-5
0.023206488233514885	2.7493509583103236e-5
0.02333939653622063	2.7725462480931694e-5
0.02347270499499312	2.795961328466458e-5
0.02360640923857055	2.819598265199533e-5
0.02374050485704942	2.8434591434791596e-5
0.023874987402763465	2.867546068100381e-5
0.02400985239116707	2.891861163658786e-5
0.02414509530172409	2.9164065747443674e-5
0.02428071157880121	2.94118446613691e-5
0.02441669663256784	2.966197023003223e-5
0.024553045839897973	2.991446451095707e-5
0.024689754545276905	3.0169349769526824e-5
0.024826818061713777	3.0426648481006405e-5
0.024964231671652425	3.0686383332575654e-5
0.025101990627891178	3.0948577225387e-5
0.025240090154498372	3.121325327663165e-5
0.025378525447736416	3.1480434821630975e-5
0.02551729167698338	3.175014541594e-5
0.025656383985657765	3.202240883747037e-5
0.025795797492143672	3.229724908863042e-5
0.025935527290717093	3.2574690398483334e-5
0.026075568452472754	3.2854757224923614e-5
0.02621591602624968	3.3137474256870075e-5
0.02635656503955829	3.3422866416479434e-5
0.026497510499505904	3.371095886137721e-5
0.02663874739372062	3.400177698690652e-5
0.026780270691275653	3.429534642839796e-5
0.02692207534361015	3.459169306345609e-5
0.027064156285449087	3.4890843014266446e-5
0.02720650843572081	3.519282264992191e-5
0.027349126698472656	3.5497658588769446e-5
0.0274920059637816	3.580537770077399e-5
0.027635141108664215	3.611600710990551e-5
0.027778526997981615	3.6429574196544214e-5
0.027922158485341905	3.674610659990792e-5
0.02806603041399629	3.706563222049688e-5
0.028210137617734818	3.7388179222564715e-5
0.02835447492177267	3.771377603660387e-5
0.028499037143635997	3.804245136185816e-5
0.02864381909404019	3.8374234168853533e-5
0.028788815577763315	3.870915370195124e-5
0.028934021394514224	3.9047239481923164e-5
0.02907943133979451	3.9388521308549025e-5
0.029225040205754792	3.973302926323641e-5
0.029370842782044763	4.008079371166355e-5
0.02951683385665572	4.043184530644357e-5
0.029663008216756888	4.0786214989812606e-5
0.029809360649526075	4.1143933996342895e-5
0.02995588594297129	4.1505033855676986e-5
0.030102578886745137	4.186954639528589e-5
0.030249434272953766	4.2237503743254164e-5
0.030396446896954504	4.260893833108447e-5
0.030543611558149966	4.298388289653265e-5
0.030690923060769534	4.3362370486461425e-5
0.030838376214646173	4.374443445972419e-5
0.030985965835982107	4.4130108490070246e-5
0.0311336867481085	4.451942656907944e-5
0.031281533782233625	4.491242300911856e-5
0.031429501778185	4.530913244632808e-5
0.03157758558513919	4.570958984363046e-5
0.031725780062346255	4.6113830493770634e-5
0.03187408007984118	4.652189002237801e-5
0.03202248051914842	4.693380439105935e-5
0.032170976273976616	4.734960990051879e-5
0.03231956225090223	4.776934319370335e-5
0.03246823337004395	4.819304125897745e-5
0.03261698456572996	4.8620741433329546e-5
0.032765810787149185	4.9052481405598576e-5
0.03291470699900082	4.948829921974153e-5
0.03306366818212576	4.992823327811834e-5
0.033212689334131296	5.037232234481147e-5
0.033361765470009797	5.0820605548981656e-5
0.03351089162273714	5.127312238823882e-5
0.03366006284386992	5.172991273205702e-5
0.03380927420412831	5.219101682521448e-5
0.033958520793968924	5.2656475291265226e-5
0.03410779772414632	5.312632913604074e-5
0.03425710012626619	5.3600619751186794e-5
0.03440642315332554	5.407938891772842e-5
0.03455576198024335	5.456267880966904e-5
0.03470511180438162	5.50505319976237e-5
0.034854467846053463	5.554299145248165e-5
0.03500382534902214	5.604010054910471e-5
0.03515317958098962	5.654190307005982e-5
0.03530252583407409	5.7048443209384476e-5
0.03545185942527427	5.7559765576383005e-5
0.035601175696928576	5.8075915199465775e-5
0.03575047001715848	5.859693753001545e-5
0.03589973778030388	5.912287844629284e-5
0.03604897440734651	5.9653784257376075e-5
0.036198175346324114	6.018970170713822e-5
0.036347336072733195	6.0730677978259806e-5
0.036496452089920514	6.127676069627687e-5
0.03664551892946569	6.182799793366905e-5
0.036794532151552366	6.238443821398323e-5
0.03694348734532814	6.294613051599382e-5
0.037092380129257495	6.351312427790711e-5
0.037241206151457686	6.40854694015925e-5
0.037389961090033966	6.46632162568694e-5
0.037538640653393705	6.524641568581481e-5
0.03768724058056027	6.583511900712763e-5
0.03783575664146868	6.642937802051914e-5
0.03798418463725799	6.702924501115557e-5
0.03813252040054741	6.7634772754131e-5
0.03828075979570858	6.824601451899191e-5
0.038428898719122154	6.886302407429312e-5
0.03857693309943045	6.948585569220621e-5
0.038724858897773995	7.011456415315914e-5
0.03887267210802485	7.074920475053022e-5
0.03902036875700543	7.138983329537602e-5
0.03916794490470105	7.20365061212096e-5
0.03931539664446056	7.26892800888173e-5
0.03946272010319053	7.33482125911262e-5
0.03960991144153752	7.40133615581108e-5
0.03975696685406292	7.468478546174876e-5
0.03990388256940821	7.536254332102122e-5
0.040050654850451076	7.604669470695896e-5
0.040197279994453904	7.673729974773753e-5
0.04034375433320139	7.743441913381575e-5
0.040490074233132	7.813811412312615e-5
0.04063623609545908	7.884844654631017e-5
0.040782236356284446	7.956547881200385e-5
0.040928071486702425	8.028927391216964e-5
0.04107373799289897	8.101989542748451e-5
0.041219232416237414	8.175740753276762e-5
0.041364551333341854	8.250187500246911e-5
0.04150969135616748	8.325336321620018e-5
0.04165464913206844	8.40119381643245e-5
0.04179942134385205	8.477766645359002e-5
0.041944004709831735	8.555061531282532e-5
0.042088395983867044	8.633085259867814e-5
0.0422325919553987	8.711844680141163e-5
0.04237658944947901	8.791346705076019e-5
0.042520385326789256	8.871598312182719e-5
0.0426639764836553	8.952606544104846e-5
0.0428073598520541	9.034378509220652e-5
0.04295053239961336	9.116921382250044e-5
0.04309349112960475	9.200242404867312e-5
0.043236233080931115	9.284348886319552e-5
0.04337875532810703	9.369248204050952e-5
0.04352105498123194	9.454947804332451e-5
0.04366312918595879	9.541455202897817e-5
0.04380497512345595	9.628777985585378e-5
0.04394659001036215	9.716923808985511e-5
0.04408797109873636	9.805900401094371e-5
0.04422911567600296	9.895715561973916e-5
0.04437002106488942	9.986377164417648e-5
0.044510684623359685	1.0077893154622803e-4
0.04465110374454093	1.0170271552868587e-4
0.04479127585664612	1.0263520454200875e-4
0.04493119842289243	1.0357648029123589e-4
0.045070868941410526	1.0452662524295555e-4
0.04521028494515509	1.0548572263235288e-4
0.0453494440018024	1.0645385647030396e-4
0.04548834371365201	1.0743111155055746e-4
0.04562698171751722	1.0841757345696696e-4
0.045765355684613145	1.094133285707955e-4
0.045903463320441894	1.104184640780925e-4
0.04604130236467102	1.1143306797713266e-4
0.04617887059100774	1.124572290859247e-4
0.04631616580707271	1.1349103704979802e-4
0.04645318585426411	1.1453458234904726e-4
0.04658992860762339	1.1558795630666025e-4
0.0467263919756927	1.1665125109610768e-4
0.04686257390037179	1.1772455974921272e-4
0.046998472356769426	1.1880797616408921e-4
0.04713408535305271	1.1990159511315671e-4
0.047269410930291245	1.2100551225122679e-4
0.04740444716229993	1.22119824123668e-4
0.04753919215547688	1.2324462817464392e-4
0.04767364404863898	1.2438002275542826e-4
0.047807801012855415	1.255261071328009e-4
0.04794166125127683	1.2668298149751852e-4
0.04807522299896087	1.2785074697286037e-4
0.04820848452269838	1.2902950562326354e-4
0.048341444120833486	1.3021936046302992e-4
0.04847410012308201	1.314204154651148e-4
0.04860645089034893	1.326327755700025e-4
0.04873849481454193	1.3385654669466007e-4
0.048870230318383626	1.350918357415769e-4
0.04900165585522018	1.3633875060788385e-4
0.04913276990882869	1.3759740019456048e-4
0.0492635709932235	1.3886789441573062e-4
0.049394057652458676	1.401503442080377e-4
0.04952422846043084	1.4144486154011573e-4
0.049654082020676074	1.4275155942213434e-4
0.04978361696617059	1.4407055191544905e-4
0.049912831959127255	1.454019541423353e-4
0.05004172569078754	1.4674588229580208e-4
0.05017029688121739	1.4810245364951352e-4
0.05029854427909789	1.494717865677919e-4
0.050426466661517295	1.5085400051572103e-4
0.05055406283375797	1.5224921606933232e-4
0.05068133162908592	1.5365755492589682e-4
0.050808271908537234	1.550791399143073e-4
0.050934882560704206	1.5651409500555782e-4
0.05106116250152085	1.5796254532332408e-4
0.0511871106740448	1.5942461715463122e-4
0.051312726048242704	1.6090043796063627e-4
0.05143800762077071	1.6239013638749634e-4
0.051562954414757584	1.6389384227735005e-4
0.05168756547958331	1.6541168667938658e-4
0.05181183989066151	1.6694380186103473e-4
0.051935776749218066	1.6849032131924162e-4
0.05205937518207009	1.7005137979186254e-4
0.05218263434140587	1.716271132691584e-4
0.05230555340456116	1.7321765900539158e-4
0.052428131573798664	1.7482315553053894e-4
0.05255036807608585	1.7644374266211036e-4
0.052672262162871124	1.7807956151707157e-4
0.05279381310986256	1.7973075452388775e-4
0.05291502021680358	1.813974654346674e-4
0.05303588280725145	1.8307983933743118e-4
0.05315640022835393	1.8477802266848544e-4
0.053276571850625426	1.8649216322491223e-4
0.05339639706772566	1.8822241017718032e-4
0.05351587529623488	1.8996891408186307e-4
0.05363500597543361	1.9173182689448984e-4
0.053753788567078534	1.935113019825003e-4
0.053872222555180455	1.9530749413832757e-4
0.053990307445783856	1.9712055959260634e-4
0.0541080427667429	1.9895065602749091e-4
0.0542254280675024	2.007979425901106e-4
0.05434246291887565	2.026625799061413e-4
0.054459146912824295	2.045447300935052e-4
0.05457547966223899	2.064445567762003e-4
0.05469146080071993	2.0836222509825654e-4
0.05480708998235637	2.1029790173781408e-4
0.05492236688151005	2.122517549213468e-4
0.05503729119259655	2.142239544380039e-4
0.055151862629869194	2.16214671654097e-4
0.05526608092720117	2.182240795277073e-4
0.05537994583787148	2.2025235262344468e-4
0.05549345713434776	2.2229966712732392e-4
0.05560661460807465	2.2436620086180268e-4
0.055719418069257905	2.2645213330093502e-4
0.05583186734665277	2.285576455856816e-4
0.05594396228735371	2.3068292053936388e-4
0.05605570275657971	2.328281426832375e-4
0.05616708863746726	2.3499349825224168e-4
0.056278119830861034	2.3717917521087992e-4
0.05638879625510377	2.3938536326923896e-4
0.05649911784583073	2.416122538991741e-4
0.056609084555761864	2.4386004035062964e-4
0.05671869635449839	2.4612891766812505e-4
0.056827953228316457	2.484190827073779e-4
0.0569368551799648	2.507307341520926e-4
0.057045402228462896	2.530640725309032e-4
0.05715359440889951	2.5541930023447037e-4
0.05726143177223096	2.577966215327307e-4
0.05736891438508541	2.6019624259232717e-4
0.057476042329561466	2.6261837149417044e-4
0.05758281570303478	2.6506321825119756e-4
0.05768923461795918	2.675309948262596e-4
0.05779529920167405	2.700219151502016e-4
0.05790100959621192	2.7253619514010696e-4
0.058006365958104614	2.7507405271769484e-4
0.05811136845819239	2.776357078279007e-4
0.0582160172814352	2.8022138245762843e-4
0.05832031262672471	2.828313006546801e-4
0.05842425470669505	2.8546568854684383e-4
0.05852784374753973	2.8812477436118575e-4
0.058631079988823304	2.90808788443487e-4
0.05873396368330154	2.9351796327789736e-4
0.05883649509673608	2.9625253350673835e-4
0.05893867450771639	2.9901273595051806e-4
0.059040502207477204	3.0179880962810326e-4
0.059141978499722817	3.046109957771054e-4
0.05924310370044934	3.0744953787444345e-4
0.05934387813776633	3.103146816570788e-4
0.059444302151726684	3.1320667514298536e-4
0.0595443760941501	3.1612576865227193e-4
0.0596441003284535	3.1907221482852747e-4
0.05974347522947837	3.2204626866034336e-4
0.059842501183324445	3.250481875030627e-4
0.059941178587178005	3.2807823110068946e-4
0.06003950784915002	3.311366616080555e-4
0.06013748938810667	3.3422374361313475e-4
0.06023512363350907	3.3733974415961574e-4
0.060332411025248146	3.404849327696416e-4
0.06042935201348452	3.436595814667872e-4
0.06052594705848975	3.4686396479924575e-4
0.06062219663048609	3.500983598632159e-4
0.0607181012094902	3.533630463265174e-4
0.06081366128515767	3.566583064524279e-4
0.06090887735662916	3.5998442512373574e-4
0.06100374993237497	3.6334168986700417e-4
0.06109827953004619	3.667303908770876e-4
0.06119246667632283	3.7015082104185134e-4
0.061286311906764944	3.7360327596712537e-4
0.06137981576566477	3.770880540018963e-4
0.06147297880590167	3.8060545626373286e-4
0.06156580158879525	3.841557866644304e-4
0.061658284683963054	3.8773935193591494e-4
0.061750428669177924	3.9135646165637576e-4
0.0618422341302266	3.950074282766379e-4
0.061933701660770904	3.9869256714678626e-4
0.062024831862208314	4.0241219654303044e-4
0.062115625343535784	4.0616663769482106e-4
0.06220608272121393	4.0995621481221744e-4
0.06229620461903282	4.137812551135112e-4
0.06238599166797779	4.1764208885309407e-4
0.062475444506098966	4.2153904934959924e-4
0.06256456377838077	4.254724730142975e-4
0.06265335013661164	4.2944269937975093e-4
0.06274180423925746	4.334500711287363e-4
0.06282992675133396	4.3749493412344073e-4
0.0629177183442824	4.4157763743492235e-4
0.0630051796958451	4.456985333728432e-4
0.06309231148994217	4.498579775154783e-4
0.06317911441655076	4.540563287400059e-4
0.06326558917158473	4.582939492530753e-4
0.06335173645677557	4.6257120462165876e-4
0.0634375569795547	4.6688846380418803e-4
0.06352305145293774	4.7124609918198335e-4
0.06360822059540744	4.756444865909607e-4
0.06369306513080158	4.8008400535365007e-4
0.06377758578820023	4.8456503831151244e-4
0.06386178330181226	4.89087971857518e-4
0.06394565841086686	4.93653195969077e-4
0.06402921185950464	4.982611042412515e-4
0.06411244439666752	5.029120939202589e-4
0.06419535677599404	5.076065659373196e-4
0.06427794975571514	5.123449249428075e-4
0.06436022409854347	5.171275793406632e-4
0.06444218057157976	5.219549413232506e-4
0.06452381994620256	5.268274269063872e-4
0.06460514299797064	5.317454559648012e-4
0.06468615050652499	5.367094522678993e-4
0.06476684325548733	5.417198435158231e-4
0.06484722203236318	5.467770613758806e-4
0.06492728762844734	5.51881541519315e-4
0.06500704083872727	5.570337236583843e-4
0.0650864824617886	5.622340515838047e-4
0.0651656132997242	5.674829732025569e-4
0.06524443415804003	5.727809405759975e-4
0.06532294584556615	5.781284099583696e-4
0.06540114917436543	5.835258418356306e-4
0.06547904495964614	5.889737009646769e-4
0.06555663401967371	5.944724564129011e-4
0.06563391717568612	6.00022581598148e-4
0.06571089525180454	6.056245543289827e-4
0.06578756907495346	6.112788568454115e-4
0.06586393947477306	6.169859758599002e-4
0.06594000728354162	6.227464025988521e-4
0.06601577333608934	6.285606328443806e-4
0.06609123846972105	6.344291669765482e-4
0.0661664035241375	6.403525100159616e-4
0.06624126934135303	6.463311716667385e-4
0.06631583676562337	6.523656663599307e-4
0.06639010664336552	6.584565132972941e-4
0.0664640798230852	6.646042364954977e-4
0.06653775715529857	6.708093648307093e-4
0.06661113949246368	6.770724320836463e-4
0.06668422768890508	6.833939769849946e-4
0.06675702260074125	6.89774543261251e-4
0.06682952508581681	6.962146796810334e-4
0.06690173600363124	7.027149401017763e-4
0.06697365621527004	7.092758835168671e-4
0.06704528658333712	7.158980741032357e-4
0.06711662797188753	7.225820812693666e-4
0.06718768124636317	7.293284797037778e-4
0.06725844727352326	7.361378494238992e-4
0.06732892692138613	7.430107758254901e-4
0.06739912105915981	7.499478497324072e-4
0.0674690305571819	7.56949667446906e-4
0.06753865628686136	7.640168308004451e-4
0.06760799912060948	7.711499472047937e-4
0.06767705993178914	7.783496297038452e-4
0.06774583959464661	7.856164970256883e-4
0.06781433898426162	7.929511736353473e-4
0.06788255897648166	8.003542897878431e-4
0.06795050044787199	8.078264815818972e-4
0.0680181642756553	8.153683910140184e-4
0.06808555133765783	8.229806660331505e-4
0.06815266251225695	8.306639605958334e-4
0.06821949867832247	8.38418934721784e-4
0.0682860607151698	8.462462545501534e-4
0.06835234950250246	8.541465923961156e-4
0.06841836592036434	8.621206268081451e-4
0.06848411084908745	8.701690426257253e-4
0.0685495851692427	8.782925310376303e-4
0.06861478976158975	8.864917896407257e-4
0.06867972550702972	8.947675224993351e-4
0.06874439328655566	9.03120440205127e-4
0.06880879398120965	9.115512599376381e-4
0.06887292847203005	9.200607055251883e-4
0.06893679764001052	9.286495075065391e-4
0.06900040236605529	9.373184031930624e-4
0.06906374353093214	9.460681367314144e-4
0.0691268220152305	9.548994591668823e-4
0.06918963869931716	9.638131285072636e-4
0.06925219446329695	9.728099097873846e-4
0.06931449018696809	9.818905751341595e-4
0.06937652674978097	9.910559038322656e-4
0.06943830503080084	0.0010003066823904897
0.06949982590866559	0.001009643704608596
0.06956109026154719	0.0010190677716448544
0.06962209896711383	0.0010285796920842503
0.06968285290249136	0.0010381802820071955
0.06974335294422572	0.0010478703650589865
0.06980359996824734	0.0010576507725198853
0.06986359484983393	0.0010675223433757994
0.06992333846357619	0.0010774859243896796
0.06998283168334221	0.0010875423701735385
0.07004207538224123	0.0010976925432611153
0.07010107043259503	0.0011079373141813257
0.07015981770589864	0.001118277561532209
0.07021831807279102	0.0011287141720557389
0.07027657240302315	0.001139248040713202
0.07033458156542508	0.0011498800707613701
0.07039234642787458	0.0011606111738292528
0.07044986785726803	0.0011714422699957122
0.0705071467194906	0.0011823742878676968
0.07056418387938465	0.0011934081646592064
0.0706209802007219	0.0012045448462709865
0.07067753654617515	0.0012157852873710515
0.07073385377729198	0.0012271304514758262
0.07078993275446221	0.0012385813110320709
0.07084577433689679	0.0012501388474996618
0.07090137938259683	0.0012618040514349846
0.07095674874832979	0.0012735779225752234
0.07101188328960435	0.0012854614699233902
0.07106678386064177	0.0012974557118340792
0.07112145131435565	0.0013095616761001347
0.07117588650232662	0.001321780400040066
0.07123009027477555	0.0013341129305861697
0.07128406348054296	0.0013465603243736698
0.07133780696706604	0.0013591236478304887
0.07139132158035585	0.001371803977268027
0.07144460816497435	0.0013846023989725856
0.07149766756401384	0.0013975200092978272
0.0715505006190761	0.0014105579147579662
0.07160310817024905	0.0014237172321218575
0.07165549105609081	0.0014369990885079933
0.07170765011360519	0.0014504046214803023
0.07175958617822444	0.0014639349791449002
0.07181130008379064	0.001477591320247756
0.07186279266253351	0.0014913748142731107
0.07191406474505802	0.0015052866415430988
0.0719651171603197	0.0015193279933178934
0.07201595073561096	0.0015335000718971743
0.0720665662965415	0.0015478040907222197
0.07211696466702451	0.0015622412744792484
0.07216714666925722	0.0015768128592033599
0.07221711312370482	0.0015915200923837672
0.07226686484908686	0.0016063642330697969
0.07231640266235734	0.001621346551977929
0.07236572737869472	0.0016364683315999004
0.07241483981148482	0.0016517308663117152
0.07246374077230419	0.001667135462483644
0.07251243107090806	0.001682683438591333
0.07256091151521646	0.0016983761253279055
0.07260918291130078	0.0017142148657171073
0.07265724606336861	0.0017302010152274033
0.0727051017737536	0.0017463359418873625
0.07275275084289923	0.001762621026401769
0.07280019406935057	0.0017790576622691919
0.07284743224973907	0.001795647255900321
0.07289446617877175	0.0018123912267375916
0.0729412966492214	0.0018292910073758348
0.07298792445191114	0.0018463480436840458
0.07303435037570803	0.00186356379492834
0.07308057520751107	0.001880939733895985
0.07312659973223846	0.0018984773470205815
0.07317242473282128	0.0019161781345084442
0.07321805099019066	0.0019340436104661439
0.07326347928327072	0.0019520753030291716
0.07330871038896568	0.0019702747544918446
0.0733537450821555	0.001988643521438466
0.07339858413568225	0.002007183174875574
0.07344322832034661	0.002025895300365533
0.07348767840489505	0.002044781498161268
0.07353193515601544	0.002063843383342347
0.07357599933832487	0.0020830825859521336
0.07361987171436737	0.002102500751136512
0.0736635530446028	0.002122099539283643
0.07370704408740049	0.0021418806261650496
0.07375034559903303	0.0021618457030781
0.0737934583336688	0.002181996476989781
0.07383638304336851	0.0022023346706817938
0.07387912047807292	0.0022228620228968983
0.0739216713856027	0.0022435802884867495
0.07396403651164912	0.002264491238561083
0.07400621659977166	0.0022855966606382433
0.07404821239138694	0.0023068983587969617
0.07409002462577198	0.002328398153829946
0.07413165404005048	0.002350097883398415
0.07417310136919446	0.0023719994021883664
0.07421436734601537	0.00239410458206819
0.0742554527011632	0.0024164153122478056
0.07429635816311946	0.0024389334994391627
0.07433708445819497	0.002461661068018272
0.07437763231052584	0.002484599960188851
0.07441800244206745	0.0025077521361472474
0.07445819557259299	0.0025311195742491036
0.07449821241969258	0.0025547042711775774
0.07453805369876575	0.0025785082421127966
0.07457772012301853	0.0026025335209033658
0.07461721240346492	0.0026267821602389907
0.07465653124892109	0.002651256231825129
0.07469567736600138	0.0026759578265587876
0.07473465145912131	0.002700889054706539
0.07477345423048853	0.002726052046083482
0.07481208638010721	0.002751448950234579
0.07485054860577289	0.002777081936617089
0.07488884160306984	0.002802953194784996
0.07492696606537126	0.002829064934575023
0.07496492268383897	0.0028554193862945602
0.07500271214741942	0.0028820188009110576
0.07504033514284292	0.002908865450243225
0.07507779235462547	0.0029359616271543787
0.07511508446506471	0.0029633096457469172
0.07515221215424035	0.002990911841559173
0.07518917610001319	0.0030187705717638074
0.07522597697802724	0.003046888215368169
0.07526261546170386	0.003075267173416305
0.07529909222224858	0.003103909869193139
0.07533540792864352	0.0031328187484301775
0.07537156324765447	0.0031619962795136026
0.07540755884382623	0.0031914449536936864
0.07544339537948361	0.0032211672852967147
0.0754790735147353	0.0032511658119385393
0.07551459390746941	0.0032814430947401578
0.07554995721335662	0.0033120017185453146
0.07558516408585172	0.003342844292140218
0.07562021517619281	0.003373973448475118
0.07565511113340226	0.0034053918448880066
0.0756898526042898	0.0034371021633304586
0.07572444023344975	0.003469107110595384
0.07575887466326815	0.003501409418547197
0.0757931565339173	0.00353401184435366
0.0758272864833624	0.0035669171707204054
0.07586126514735982	0.0036001282061270895
0.07589509315946258	0.0036336477850662675
0.07592877115101805	0.0036674787682840393
0.07596229975116986	0.0037016240430230176
0.07599567958686528	0.0037360865232679624
0.07602891128284954	0.0037708691499929504
0.0760619954616736	0.0038059748914114674
0.0760949327436934	0.0038414067432284964
0.07612772374707477	0.003877167728895119
0.07616036908779167	0.0039132608998650896
0.07619286937963292	0.003949689335854532
0.07622522523420244	0.003986456145103201
0.07625743726092059	0.00402356446463855
0.07628950606703183	0.0040610174605425695
0.07632143225760014	0.004098818328220297
0.07635321643551803	0.0041369702926715895
0.0763848592015076	0.004175476608765056
0.07641636115412113	0.004214340561514414
0.0764477228897475	0.004253565466357714
0.07647894500261283	0.004293154669438809
0.07651002808478505	0.004333111547891788
0.07654097272617669	0.004373439510127811
0.07657177951454747	0.0044141419961245595
0.07660244903550864	0.00445522247771849
0.07663298187252623	0.004496684458899854
0.07666337860692486	0.004538531476110301
0.07669363981788851	0.004580767098543092
0.07672376608246913	0.004623394928446549
0.07675375797558598	0.004666418601430094
0.07678361607003024	0.004709841786772619
0.07681334093646987	0.004753668187734669
0.0768429331434554	0.004797901541873055
0.0768723932574171	0.004842545621357628
0.07690172184267546	0.004887604233292469
0.07693091946144276	0.004933081220038818
0.07695998667382727	0.0049789804595418465
0.07698892403783571	0.005025305865659474
0.07701773210938018	0.005072061388495348
