0.001	9.992722348620555e-7
0.0010046157902783945	9.96109609896232e-7
0.0010092528860766844	1.009749603837544e-6
0.0010139113857366789	1.006588032635953e-6
0.001018591388054117	1.0034532752374706e-6
0.0010232929922807535	1.022657267670423e-6
0.0010280162981264724	1.0194895588027858e-6
0.001032761405761397	1.0333161779070112e-6
0.0010375284158180116	1.0301497148683377e-6
0.0010423174293933035	1.027009896478764e-6
0.0010471285480508985	1.0408894612325303e-6
0.0010519618738232214	1.0432889592534474e-6
0.0010568175092136574	1.057304751545408e-6
0.001061695557198723	1.0541337771508403e-6
0.001066596121230257	1.0509892833422927e-6
0.0010715193052376049	1.065059452535112e-6
0.0010764652136298328	1.0619163896393606e-6
0.0010814339512979364	1.0817222164937714e-6
0.0010864256236170634	1.0785471221388153e-6
0.0010914403364487549	1.0928350690450408e-6
0.0010964781961431828	1.0896617205101302e-6
0.0011015393095414122	1.0865145855516945e-6
0.0011066237839776642	1.1008590189121085e-6
0.0011117317272815886	1.1033967610409025e-6
0.001116863247780559	1.1178801795589366e-6
0.0011220184543019607	1.11470332314252e-6
0.001127197456175507	1.1292686974345768e-6
0.0011324003632355543	1.126093900764359e-6
0.0011376272858234274	1.1229450620175618e-6
0.001142878334789769	1.1375690618617707e-6
0.0011481536214968794	1.1344222857102595e-6
0.0011534532578210883	1.154956063036079e-6
0.0011587773561551227	1.1517783949092377e-6
0.0011641260294104872	1.1666265718507177e-6
0.0011694993910198676	1.1634512886398435e-6
0.0011748975549395256	1.160301718669488e-6
0.001180320635651725	1.1752106910956511e-6
0.001185768748167156	1.1720635162151336e-6
0.0011912420080273701	1.187057186603498e-6
0.0011967405313072395	1.1897936360306997e-6
0.0012022644346174082	1.2049300954324824e-6
0.0012078138351067748	1.2017553238632548e-6
0.0012133888504649725	1.216977425645483e-6
0.001218989598924861	1.2138054883990626e-6
0.001224616199265044	1.2106589351140734e-6
0.001230268770812376	1.2259447268955934e-6
0.0012359474334445043	1.2228010278226604e-6
0.0012416523075924055	1.2381736405220928e-6
0.0012473835142429368	1.2410279255452728e-6
0.0012531411749414105	1.2565455555462786e-6
0.001258925411794161	1.2533755180831251e-6
0.0012647363474711446	1.2689809426158615e-6
0.0012705741052085355	1.265814209448751e-6
0.0012764388088113369	1.2815079241643846e-6
0.0012823305826560152	1.2783446141141101e-6
0.001288249551693127	1.2752062880751355e-6
0.0012941958414499784	1.2909673505755158e-6
0.0013001695780332832	1.2878324796298405e-6
0.0013061708881318339	1.3036830413799359e-6
0.0013121998990191961	1.3005517479505176e-6
0.0013182567385563993	1.322686723894459e-6
0.001324341535194656	1.3195271413610286e-6
0.0013304544179780834	1.3356160334200136e-6
0.0013365955165464338	1.3324603704290986e-6
0.001342764961137856	1.3486402829221202e-6
0.001348962882591645	1.3454886646947411e-6
0.0013551894123510267	1.361760111635571e-6
0.0013614446824659412	1.3586126646473434e-6
0.0013677288255958397	1.3554897473645329e-6
0.0013740419750125064	1.371833014970797e-6
0.0013803842646028753	1.3687143153796498e-6
0.0013867558288718782	1.3851503645710032e-6
0.0013931568029452936	1.3820360128089462e-6
0.0013995873225726078	1.3985653666034404e-6
0.0014060475241299043	1.3954554940825846e-6
0.001412537544622744	1.4120786785010077e-6
0.001419057521689081	1.408973417918623e-6
0.0014256075936021778	1.4256909620020255e-6
0.0014321878992735323	1.4225904473510762e-6
0.001438798578255835	1.4458479331904116e-6
0.001445439770745916	1.4427210495141215e-6
0.0014521116175877302	1.4596868986696796e-6
0.001458814260275337	1.456565119276569e-6
0.0014655478409558993	1.4736269426790873e-6
0.0014723125024327073	1.4705104047622894e-6
0.001479108388168195	1.4876687446778666e-6
0.0014859356422869938	1.4845575867807484e-6
0.0014927944095789838	1.5018129885729766e-6
0.0014996848355023603	1.498707350599838e-6
0.0015066070661867294	1.51606036274824e-6
0.0015135612484361949	1.5129603859751273e-6
0.0015205475297324813	1.5304115600936418e-6
0.001527566058238059	1.527317387179218e-6
0.00153461698279928	1.54486727803481e-6
0.0015417004529495457	1.5417790530313418e-6
0.0015488166189124668	1.5594282185627756e-6
0.0015559656316050591	1.5563460869271448e-6
0.0015631476426409396	1.5740950882637814e-6
0.0015703628043335371	1.5710191968686783e-6
0.0015776112696993339	1.5888685983494498e-6
0.0015848931924610978	1.585799095494567e-6
0.0015922087270511538	1.6037494646870456e-6
0.0015995580286146532	1.600686500110398e-6
0.0016069412530128608	1.618738407829978e-6
0.0016143585568264705	1.6089401519680193e-6
0.0016218100973589133	1.6270360146776192e-6
0.0016292960326397049	1.6240167636876925e-6
0.0016368165214277917	1.6422152963683023e-6
0.001644371723214914	1.6392029640987635e-6
0.001651961798228998	1.6575047465909845e-6
0.0016595869074375426	1.654499489264428e-6
0.001667247212551044	1.6729051047444625e-6
0.0016749428760264194	1.6699070800705993e-6
0.0016826740610704485	1.688417115069926e-6
0.001690440931643246	1.6854264822576468e-6
0.0016982436524617252	1.7040415266827107e-6
0.0017060823890031034	1.7227772734655404e-6
0.001713957307508406	1.7197790936042664e-6
0.0017218685749859867	1.7386208203903394e-6
0.001729816359215082	1.7356305747943584e-6
0.001737800828749355	1.754578881129956e-6
0.0017458221529204824	1.751596734183449e-6
0.0017538805018417405	1.7706522230530474e-6
0.0017619760464116076	1.760668348936364e-6
0.0017701089583174003	1.7797733669941298e-6
0.001778279410038901	1.7768372826004663e-6
0.001786487574852028	1.796050671697725e-6
0.0017947336268325045	1.7931231169691891e-6
0.0018030177408595459	1.8124454897882355e-6
0.0018113400926195802	1.8318909816332672e-6
0.0018197008586099603	1.8289586087278636e-6
0.0018281002161427183	1.8485140967553493e-6
0.001836538343348323	1.8455908211365468e-6
0.0018450154191794492	1.8652569279588594e-6
0.0018535316234147877	1.8551745982792899e-6
0.0018620871366628428	1.874893646607007e-6
0.0018706821403657748	1.872017970427354e-6
0.0018793168168032435	1.8918488614227765e-6
0.0018879913490962674	1.8889827447483552e-6
0.001896705921211121	1.9089261111262986e-6
0.001905460717963221	1.928994728146823e-6
0.0019142559250210586	1.92612621275535e-6
0.001923091728910132	1.9463083539964034e-6
0.0019319683170168965	1.936150353815155e-6
0.0019408858775927516	1.956388325872629e-6
0.0019498445997580176	1.95356877060912e-6
0.001958844673505961	1.9739215210123602e-6
0.001967886289706817	1.994400897327879e-6
0.0019769696401118315	1.9915805999098605e-6
0.001986094917357343	2.0121758272790504e-6
0.0019952623149688503	2.0019637816974036e-6
0.0020044720273651308	2.022617169221787e-6
0.002013724249862359	2.019846962626049e-6
0.0020230191786782406	2.0406174797599783e-6
0.002032357010936192	2.061516037157727e-6
0.002041737944669498	2.05874677879858e-6
0.002051162178825533	2.079763562720766e-6
0.002060629913269969	2.069499208752934e-6
0.0020701413487910097	2.090576521468504e-6
0.002079696687103664	2.1117828866213573e-6
0.0020892961308540065	2.1090553855322193e-6
0.00209893988362349	2.13038172229011e-6
0.0021086281499332563	2.1200852606552843e-6
0.0021183611352484674	2.1414738935578036e-6
0.0021281390459826784	2.1387985720533115e-6
0.0021379620895021975	2.1603084988252883e-6
0.002147830474130498	2.1819489602455955e-6
0.0021577444091526315	2.1792776292084037e-6
0.0021677041048196585	2.193326044700301e-6
0.0021777097723531236	2.1906950437893627e-6
0.002187761623949516	2.212522674527797e-6
0.002197859872784787	2.2344819017033845e-6
0.002208004733018863	2.2318562276625584e-6
0.0022181964198001807	2.246149708652616e-6
0.0022284351492702667	2.243564730304678e-6
0.0022387211385683013	2.265714755458825e-6
0.0022490546058357413	2.287997459856945e-6
0.002259435770220939	2.2776114746586595e-6
0.0022698648518837817	2.2999619092795753e-6
0.002280342072000379	2.3224456543671255e-6
0.0022908676527677325	2.3199018764645383e-6
0.0023014418174084664	2.342512841053632e-6
0.002312064790175554	2.3320994133917065e-6
0.0023227367963570647	2.3547799656696947e-6
0.0023334580622809617	2.3775949455519755e-6
0.0023442288153198796	2.3751014695686467e-6
0.0023550492838959654	2.3900576925860575e-6
0.002365919697485715	2.387605947689251e-6
0.0023768402866248322	2.410621497343971e-6
0.0023878112829131344	2.4337726129501745e-6
0.0023988329190194457	2.4233243087175676e-6
0.002409905428686549	2.446548105860901e-6
0.002421029046736133	2.469908135082315e-6
0.0024322040090737685	2.4594517427154235e-6
0.002443430552693926	2.482885675014686e-6
0.0024547089156849835	2.5064565139028386e-6
0.0024660393372342906	2.5040912340663096e-6
0.002477422057633238	2.5196386317942925e-6
0.002488857318282342	2.5173160631031423e-6
0.0025003453616963835	2.5410961385942053e-6
0.002511886431509531	2.5650143070827944e-6
0.002523480772480524	2.5545283912087433e-6
0.0025351286304978577	2.578523646932243e-6
0.0025468302525849897	2.6026576919849617e-6
0.0025585858869055953	2.5921659223384415e-6
0.002570395782768812	2.6163783113305112e-6
0.0025822601906345427	2.6407301944294872e-6
0.002594179362118762	2.630233239277165e-6
0.0026061535499988416	2.654664733036161e-6
0.0026181830082189325	2.679236434144704e-6
0.0026302679918953275	2.668734974164641e-6
0.0026424087573218907	2.693387562835605e-6
0.002654605561975485	2.7181810805842766e-6
0.0026668586645214234	2.7076758090417305e-6
0.002679168324818977	2.7325515016027982e-6
0.002691534803926859	2.7575688534776042e-6
0.0027039583641087855	2.74706047640317e-6
0.0027164392688390254	2.7721613008540054e-6
0.0027289777828079817	2.7974045233864534e-6
0.0027415741719278245	2.7868937597565964e-6
0.002754228703338107	2.8122217633090135e-6
0.0027669416454114506	2.8376929122682613e-6
0.002779713267759229	2.827180494188143e-6
0.002792543841237276	2.8527377434586218e-6
0.002805433637951653	2.878438894045749e-6
0.0028183829312643915	2.867925566934536e-6
0.002831391995799315	2.8937141481390045e-6
0.002844461107447853	2.9110231882370735e-6
0.002857590543374882	2.909133917961846e-6
0.0028707805820246276	2.935155937112493e-6
0.002884031503126541	2.9526515918978045e-6
0.0028973435877012563	2.978906710129142e-6
0.00291071711806654	2.977068123655267e-6
0.002924152377843268	2.994752375857941e-6
0.0029376496519614645	3.0212446416167006e-6
0.0029512092266663174	3.010746293357134e-6
0.0029648313895242724	3.0373306289190374e-6
0.002978516429429121	3.06406220481835e-6
0.0029922646366081188	3.053566468757222e-6
0.0030060763026281616	3.0803914948322036e-6
0.003019951720401945	3.098535155473468e-6
0.0030338911841941976	3.125598620506759e-6
0.0030478949896279115	3.115120417315711e-6
0.0030619634336906034	3.1422793155784286e-6
0.0030760968147406356	3.169587305808817e-6
0.003090295432513516	3.1591137895925676e-6
0.0031045595881282794	3.1865186219593122e-6
0.003118889584093862	3.205133448651968e-6
0.0031332857243155086	3.232780571464763e-6
0.00314774831410124	3.2223277383434554e-6
0.0031622776601683018	3.2500737259775627e-6
0.003176874070649691	3.2689683201471375e-6
0.0031915378551006833	3.2969588428134667e-6
0.0032062693245053855	3.2955220097196787e-6
0.0032210687912833554	3.314620067345713e-6
0.0032359365692962018	3.3428635912371095e-6
0.003250872973854261	3.33244156908046e-6
0.0032658783217232763	3.360787460009443e-6
0.0032809529311311064	3.3801724491216637e-6
0.003296097121774495	3.408766880290174e-6
0.0033113112148258263	3.398370837507835e-6
0.0033265955329399586	3.427069723861543e-6
0.003341950400261057	3.4467458985224586e-6
0.0033573761424294593	3.4756956602596363e-6
0.003372873086588603	3.465327661589003e-6
0.003388441561391937	3.4943839915506133e-6
0.0034040818970099184	3.514355670465348e-6
0.0034197944251369997	3.543665244862304e-6
0.003435579478998655	3.5333274025600406e-6
0.003451437393358473	3.5627456836218607e-6
0.0034673685045252243	3.583017251168402e-6
0.0034833731503600236	3.6126911799651263e-6
0.00349945167028348	3.6331476760796945e-6
0.0035156044052828865	3.6228613099488796e-6
0.003531831697919476	3.6527463618109685e-6
0.0035481338923356587	3.6734088513478077e-6
0.003564511334262344	3.703552610582736e-6
0.0035809643710262634	3.6933014922989194e-6
0.0035974933515573243	3.723558962255825e-6
0.0036140986263960354	3.7445315938172975e-6
0.003630780547700914	3.7750502538283257e-6
0.0036475394692559756	3.764836658969932e-6
0.003664375746478232	3.7860208754419355e-6
0.0036812897364252115	3.816758635835092e-6
0.0036982817978025604	3.838135555612459e-6
0.0037153522909716213	3.869137668495175e-6
0.0037325015779570993	3.85898552894323e-6
0.0037497300224547305	3.8901064963358664e-6
0.003767037989838981	3.911804172020784e-6
0.003784425847170827	3.933593092623657e-6
0.003801893963205504	3.965086468666332e-6
0.003819442708400355	3.954999951743388e-6
0.0038370724549226785	3.98661514671456e-6
0.0038547835766576063	4.0087309477296486e-6
0.003872576449216062	4.0309397335326125e-6
0.0038904514499426934	4.062932317493993e-6
0.0039084089579239055	4.052915708642636e-6
0.003926449353995885	4.0753493561270665e-6
0.003944573020752668	4.107575034080353e-6
0.00396278034255428	4.13021170437801e-6
0.0039810717055348555	4.162711578029814e-6
0.003999447497610855	4.185552726404686e-6
0.004017908108489281	4.175635424165211e-6
0.004036453929675929	4.208373210736434e-6
0.004055085354483719	4.231445942968327e-6
0.004073802778041005	4.254615645861445e-6
0.004092606597299984	4.287742134923922e-6
0.004111497211045099	4.311120702232477e-6
0.004130475019901488	4.301309715536559e-6
0.004149540426343505	4.334680113612597e-6
0.004168693834703227	4.3582960707014405e-6
0.004187935651179054	4.382011263758869e-6
0.004207266283844313	4.415776745765026e-6
0.004226686142655899	4.439705289887e-6
0.004246195639462999	4.430007865284089e-6
0.004265795188015795	4.454064927386268e-6
0.0042854852039742606	4.488195260174823e-6
0.004305266104916974	4.512468702778953e-6
0.0043251383103499515	4.536844125640056e-6
0.004345102241715581	4.571377201040201e-6
0.004365158322401522	4.5959713941029635e-6
0.0043853069777497165	4.586424551968179e-6
0.004405548635065395	4.611151799557412e-6
0.0044258837236261245	4.646059803016627e-6
0.004446312674690947	4.671008931764406e-6
0.004466835921509489	4.696062864295492e-6
0.004487453899331176	4.731381469738398e-6
0.004508167045414457	4.7566597389181845e-6
0.004528975799036061	4.782044105877764e-6
0.004549880601500341	4.772690564633141e-6
0.004570881896148602	4.798213412563283e-6
0.004591980128368535	4.834037962436842e-6
0.0046131757456036445	4.859789211044966e-6
0.004634469197362727	4.885648619446281e-6
0.0046558609352294385	4.911616640430594e-6
0.0046773514128718285	4.947983382055364e-6
0.004698941086051997	4.974183220349558e-6
0.00472063041263575	5.000493012767287e-6
0.004742419852602289	4.991382544030759e-6
0.004764309868054001	5.017837222043245e-6
0.004786300923226224	5.054727472618009e-6
0.004808393484497122	5.081418177082029e-6
0.004830588020397566	5.1082209779138095e-6
0.004852885001621046	5.135136345226601e-6
0.0048752849010337005	5.162164751212636e-6
0.004897788193684296	5.199738278473836e-6
0.00492039535681434	5.227007169619208e-6
0.004943106869868187	5.254390496344154e-6
0.00496592321450319	5.281888738874524e-6
0.004988844874599953	5.2731172068765126e-6
0.00501187233627255	5.300768639341497e-6
0.0050350060878788724	5.328536288825651e-6
0.005058246620030966	5.3669123371499905e-6
0.0050815944256054285	5.39492673554729e-6
0.005105049999753888	5.4230587881549145e-6
0.00512861383991347	5.451308989647679e-6
0.005152286445817383	5.479677836896657e-6
0.0051760683195054965	5.508165828979697e-6
0.0051999599653349765	5.5367734671921796e-6
0.005223961889991016	5.5655012550575215e-6
0.005248074602497541	5.604984450339855e-6
0.005272298614228038	5.6339665816257545e-6
0.005296634438916391	5.663070348699771e-6
0.005321082592667751	5.69229626368636e-6
0.005345643593969528	5.721644840989452e-6
0.005370317963702335	5.751116597303615e-6
0.00539510622515108	5.780712051624955e-6
0.005420008904016045	5.772611139980886e-6
0.005445026528424014	5.802374656092787e-6
0.00547015962893952	5.8322632840994665e-6
0.005495408738576046	5.862277552052968e-6
0.00552077439280737	5.892417990362757e-6
0.005546257129578906	5.922685131807059e-6
0.005571857489319093	5.953079511544331e-6
0.005597576014950898	5.983601667124753e-6
0.005623413251903284	6.014252138501811e-6
0.005649369748122814	6.055833924762811e-6
0.005675446054085262	6.086754623272341e-6
0.005701642722807263	6.117805227129563e-6
0.005727960309858082	6.148986285556896e-6
0.005754399373371355	6.1802983502359445e-6
0.005780960474056962	6.211741975319448e-6
0.005807644175212904	6.2433177174432225e-6
0.005834451042737227	6.275026135738225e-6
0.005861381645140069	6.306867791842664e-6
0.005888436553555667	6.338843249914309e-6
0.005915616341754513	6.370953076642467e-6
0.005942921586155502	6.392266302124086e-6
0.00597035286583814	6.4246351295961055e-6
0.005997910762554868	6.457140091194678e-6
0.006025595860743347	6.489781764354997e-6
0.006053408747538901	6.522560729109334e-6
0.006081350012786946	6.555477568099852e-6
0.006109420249055484	6.588532866591135e-6
0.006137620051647707	6.621727212483152e-6
0.006165950018614583	6.655061196324002e-6
0.006194410750767571	6.728766825723469e-6
0.006223002851691354	6.76246742935905e-6
0.006251726927756613	6.7963096233516545e-6
0.006280583588132936	6.83029400924319e-6
0.006309573444801685	6.864421191289508e-6
0.006338697112569017	6.898691776473547e-6
0.006367955209078908	6.921983358290332e-6
0.006397348354826227	6.95653204300224e-6
0.006426877173169945	6.991226026326807e-6
0.006456542290346298	7.0260659268373385e-6
0.006486344335482123	7.061052365905198e-6
0.006516283940608168	7.09618596771372e-6
0.006546361740672486	7.131467359271734e-6
0.0065765783735539434	7.1668971704278444e-6
0.0066069344800756945	7.191310371276234e-6
0.006637430704018818	7.227028844389445e-6
0.0066680676921359525	7.262897706564158e-6
0.006698846094164991	7.3406184205265224e-6
0.006729766562842907	7.376878354514114e-6
0.0067608297539195426	7.413290781365147e-6
0.006792036326171565	7.438607533868217e-6
0.006823386941416418	7.475317315298218e-6
0.006854882264526333	7.512181617886855e-6
0.00688652296344248	7.549201102133021e-6
0.00691830970918908	7.586376431540758e-6
0.006950243175887678	7.612451889413645e-6
0.006982324040771426	7.649931646575718e-6
0.00701455298419942	7.730153352876176e-6
0.0070469306896711785	7.768039668250309e-6
0.007079457843841084	7.806085434813462e-6
0.00711213513653299	7.832966920636739e-6
0.007144963260754835	7.871324838907814e-6
0.007177942912713314	7.909844339101589e-6
0.007211074791828695	7.948526114007014e-6
0.007244359600749595	7.976051132277497e-6
0.007277798045367929	8.0583517606326e-6
0.007311390834833866	8.097607485734008e-6
0.0073451386815708355	8.125661993860594e-6
0.007379042301290698	8.165240905171026e-6
0.007413102413008858	8.204986645659463e-6
0.007447319739059569	8.244899932232666e-6
0.007481695005111224	8.273621948218382e-6
0.00751622894018173	8.357800008103593e-6
0.007550922276654017	8.398305041223922e-6
0.00758577575029151	8.427577306953238e-6
0.007620790100253788	8.468416965124999e-6
0.007655966069112233	8.50942888356729e-6
0.00769130440286576	8.539227114674842e-6
0.0077268058509566894	8.580578506541414e-6
0.007762471166286578	8.66668259890677e-6
0.007798301105232243	8.697049697746977e-6
0.007834296427661775	8.739014140755245e-6
0.007870457896950638	8.781155701639302e-6
0.007906786279997906	8.812065650380226e-6
0.007943282347242463	8.899596666763092e-6
0.00797994687267941	8.942362247996504e-6
0.008016780633876437	8.973860268728918e-6
0.008053784411990306	9.01698130971176e-6
0.008090958991783465	9.048862817149523e-6
0.008128305161640629	9.137847898104844e-6
0.008165823713585554	9.170155214839908e-6
0.008203515443297817	9.214093499455738e-6
0.00824138115012965	9.258217454740346e-6
0.008279421637122973	9.291097570507187e-6
0.008317637711026334	9.381564483399812e-6
0.008356030182312098	9.414882577038396e-6
0.008394599865193595	9.459843378339009e-6
0.008433347577642369	9.493563934614864e-6
0.008472274141405582	9.585252189424692e-6
0.008511380382023375	9.630877983146134e-6
0.008550667128846438	9.665234983452558e-6
0.008590135215053566	9.711242860769271e-6
0.008629785477669304	9.746013202249227e-6
0.00866961875758177	9.839235293075026e-6
0.008709635899560404	9.874466584535708e-6
0.008749837752273953	9.921348254989449e-6
0.008790225168308437	1.0004114501279617e-5
0.008830799004185215	1.005148866434728e-5
0.0088715601203792	1.0087614110311516e-5
0.008912509381337039	1.0123972347016034e-5
0.008953647655495516	1.0219440985764395e-5
0.008994975815299932	1.0256279396351783e-5
0.00903649473722259	1.0304755142838524e-5
0.009078205301781434	1.0342032895668311e-5
0.009120108393558668	1.0438801704074013e-5
0.009162204901219561	1.0476570758699652e-5
0.00920449571753128	1.0525968957623261e-5
0.009246981739381785	1.0612360426650505e-5
0.009289663867798927	1.0650871474649512e-5
0.009332543007969466	1.070099766570765e-5
0.009375620069258352	1.07399656528187e-5
0.009418895965227965	1.083908147234445e-5
0.009462371613657474	1.0878561172989337e-5
0.009506047936562362	1.0918292198490643e-5
0.009549925860213901	1.1018446908757738e-5
0.009594006315158865	1.1058698842584987e-5
0.009638290236239242	1.1099206390913534e-5
0.00968277856261202	1.1200412908174665e-5
0.009727472237769184	1.1241450716933564e-5
0.009772372209557631	1.128274851718097e-5
0.009817479430199363	1.1385019957712546e-5
0.009862794856311625	1.1426857530926434e-5
0.00990831944892719	1.1468959561647968e-5
0.009954054173514786	1.1572309245478895e-5
0.00999999999999951	1.161496072531872e-5
0.010046157902783459	1.165788121944583e-5
0.010092528860766349	1.1762322674166082e-5
0.01013911385736629	1.1805802460428862e-5
0.010185913880540664	1.1849555910287294e-5
0.010232929922807034	1.1943879275586952e-5
0.010280162981264225	1.1999425630132659e-5
0.010327614057613463	1.2094565587558938e-5
0.010375284158179607	1.2139504476339842e-5
0.01042317429393252	1.2184725230815027e-5
0.010471285480508472	1.2292178674663776e-5
0.010519618738231703	1.2337986339362098e-5
0.010568175092136055	1.2435119807224378e-5
0.010616955571986709	1.248156240466717e-5
0.010665961212302039	1.2528295358959935e-5
0.010715193052375522	1.263769692458033e-5
0.010764652136297804	1.2685034923182615e-5
0.010814339512978834	1.2784211431019966e-5
0.0108642562361701	1.2832203759406388e-5
0.010914403364487008	1.2880495234737014e-5
0.01096478196143129	1.298089340984645e-5
0.011015393095413587	1.3040802914295198e-5
0.011066237839776099	1.3142073457504074e-5
0.01111731727281534	1.3191663004339289e-5
0.011168632477805035	1.3293813369057771e-5
0.011220184543019056	1.3344085809583182e-5
0.011271974561754524	1.339467039066885e-5
0.011324003632354987	1.349808916224598e-5
0.011376272858233717	1.3549369250067505e-5
0.011428783347897122	1.3653691124334914e-5
0.01148153621496823	1.3705675553669562e-5
0.011534532578210322	1.3821671282437735e-5
0.011587773561550658	1.3874323639416078e-5
0.011641260294104302	1.398047546061892e-5
0.011694993910198095	1.4033849640986843e-5
0.011748975549394679	1.4140932252425918e-5
0.011803206356516677	1.4195037436559765e-5
0.011857687481670978	1.4303060646795505e-5
0.011912420080273116	1.4357906137875005e-5
0.0119674053130718	1.446687987929713e-5
0.012022644346173492	1.4522475105112439e-5
0.012078138351067162	1.4632409435749066e-5
0.012133888504649129	1.4688763950535577e-5
0.012189895989248013	1.4799669055890922e-5
0.012246161992649832	1.4856792542195144e-5
0.012302687708123157	1.4968678737117316e-5
0.012359474334444443	1.5026581007692978e-5
0.012416523075923447	1.5129144579355145e-5
0.012473835142428757	1.5187885655671621e-5
0.012531411749413484	1.530177906029858e-5
0.012589254117940993	1.536131959529732e-5
0.01264736347471083	1.547622699448007e-5
0.01270574105208473	1.55917122366873e-5
0.012764388088112743	1.5652509478197564e-5
0.012823305826559517	1.5769024921756815e-5
0.012882495516930638	1.5830647885482337e-5
0.012941958414499155	1.5948204606473796e-5
0.013001695780332195	1.6000723312603818e-5
0.013061708881317696	1.611935164460345e-5
0.01312199899019131	1.618271185165688e-5
0.013182567385563346	1.6302405280695567e-5
0.013243415351945918	1.6422701615319533e-5
0.01330454417978018	1.648739416941764e-5
0.013365955165463681	1.65990612963309e-5
0.013427649611377894	1.666468538461793e-5
0.013489628825915787	1.678718177466502e-5
0.013551894123509609	1.6910295884094548e-5
0.013614446824658745	1.696778396684649e-5
0.013677288255957725	1.7092037061436926e-5
0.013740419750124383	1.7216917216704544e-5
0.013803842646028077	1.728538133869838e-5
0.013867558288718109	1.7402056967618672e-5
0.013931568029452251	1.7471504513514762e-5
0.01399587322572539	1.7598691679619382e-5
0.014060475241298345	1.7726521572412873e-5
0.014125375446226746	1.7788301889826275e-5
0.01419057521689012	1.7917328632719963e-5
0.014256075936021077	1.804700798596976e-5
0.014321878992734618	1.8110495706591803e-5
0.014387985782557636	1.8241394815861293e-5
0.014454397707458452	1.837295663529748e-5
0.014521116175876595	1.8438190139390837e-5
0.014588142602752653	1.857099511227773e-5
0.014655478409558274	1.8695797001749004e-5
0.014723125024326343	1.877149166825521e-5
0.014791083881681225	1.890623672731472e-5
0.014859356422869216	1.9033170291029337e-5
0.014927944095789104	1.916932627998965e-5
0.014996848355022867	1.923887955370431e-5
0.015066070661866547	1.93763363306324e-5
0.015135612484361205	1.9514491525127328e-5
0.015205475297324076	1.9585926954257025e-5
0.015275660582379842	1.972540808798337e-5
0.015346169827992046	1.985756932148931e-5
0.015417004529494693	1.9998519576957817e-5
0.015488166189123909	2.0072627374514966e-5
0.015559656316049835	2.021493907780909e-5
0.01563147642640863	2.0350238070484194e-5
0.0157036280433346	2.0494053985759765e-5
0.015776112696992556	2.063100486227234e-5
0.0158489319246102	2.0716131416227648e-5
0.015922087270510765	2.0854654414363432e-5
0.015995580286145745	2.0994068911207892e-5
0.01606941253012782	2.1141627934402165e-5
0.016143585568263903	2.12221347227664e-5
0.016218100973588338	2.1371139993054898e-5
0.016292960326396256	2.1513892312138264e-5
0.016368165214277114	2.165756790747667e-5
0.016443717232148332	2.1808992568092647e-5
0.01651961798228916	2.189328832647229e-5
0.016595869074374613	2.2039571993287814e-5
0.01667247212550963	2.219334122588819e-5
0.01674942876026337	2.2341429469199595e-5
0.016826740610703658	2.2490481364350804e-5
0.01690440931643162	2.264676425163675e-5
0.01698243652461642	2.279765846877908e-5
0.017060823890030205	2.2887650704985045e-5
0.01713957307508322	2.3046376373923902e-5
0.017218685749859023	2.320003345855017e-5
0.017298163592149963	2.335469661598376e-5
0.017378008287492697	2.3510373575743037e-5
0.017458221529203975	2.367261896228686e-5
0.017538805018416544	2.3830231159910743e-5
0.01761976046411521	2.398887939273059e-5
0.017701089583173124	2.4085838557393825e-5
0.017782794100388136	2.424647936295206e-5
0.017864875748519412	2.4413161106008276e-5
0.017947336268324163	2.4575808161475682e-5
0.018030177408594573	2.4739530473800555e-5
0.018113400926194904	2.4904336390778342e-5
0.01819700858609871	2.507023433541205e-5
0.018281002161426297	2.5237232806683595e-5
0.01836538343348233	2.540534038033243e-5
0.018450154191793588	2.5578699756327005e-5
0.01853531623414696	2.5748918968879514e-5
0.018620871366627514	2.5920271941834576e-5
0.01870682140365684	2.609276755070273e-5
0.018793168168031515	2.6266414751619597e-5
0.01887991349096175	2.6441222582178593e-5
0.01896705921211027	2.66172001622712e-5
0.019054607179631276	2.6794356694940774e-5
0.019142559250209655	2.6972701467240195e-5
0.019230917289100376	2.7152243851105412e-5
0.019319683170168016	2.7332993304235036e-5
0.019408858775926553	2.7514959370982194e-5
0.01949844599757922	2.7698151683255418e-5
0.01958844673505866	2.788257996143027e-5
0.019678862897067204	2.806825401527272e-5
0.019769696401117347	2.8255183744870525e-5
0.019860949173572447	2.8441560109058304e-5
0.019952623149687522	2.8631190384538078e-5
0.020044720273650334	2.8822108389303456e-5
0.020137242498622598	2.9014324412342503e-5
0.020230191786781416	2.920784883799405e-5
0.020323570109360912	2.9402692146946048e-5
0.02041737944669398	2.9598864917253175e-5
0.020511621788254334	2.9795755068077583e-5
0.020606299132698676	2.9994791205356607e-5
0.02070141348790908	3.0261467009432262e-5
0.02079696687103561	3.0463346371010032e-5
0.02089296130853904	3.066661158212792e-5
0.02098939883623388	3.087157773412406e-5
0.02108628149933153	3.1077831149156546e-5
0.021183611352483634	3.128550638048432e-5
0.02128139045982573	3.1494614970746974e-5
0.021379620895020924	3.170626172318616e-5
0.021478304741303935	3.1985553416376086e-5
0.021577444091525257	3.2199330710713956e-5
0.02167704104819552	3.2416314280440535e-5
0.021777097723530155	3.26332676622423e-5
0.021877616239494087	3.285173039189078e-5
0.021978598727846802	3.3074087311673986e-5
0.022080047330187546	3.336350520402361e-5
0.02218196419800072	3.35897218788063e-5
0.02228435149270156	3.3814872122763315e-5
0.022387211385681914	3.404159941684952e-5
0.02249054605835632	3.434153017709657e-5
0.02259435770220828	3.457177336842654e-5
0.022698648518836705	3.480765643725071e-5
0.02280342072000266	3.504137414888694e-5
0.0229086765276762	3.528126006863539e-5
0.023014418174083548	3.558710172524858e-5
0.023120647901754405	3.583118098664355e-5
0.023227367963569508	3.6072147348546684e-5
0.023334580622808458	3.638925699060941e-5
0.023442288153197644	3.663986426022731e-5
0.023550492838958513	3.688659100100589e-5
0.02365919697485599	3.71414805313465e-5
0.023768402866247155	3.746124981878771e-5
0.023878112829130157	3.7720621181049474e-5
0.02398832919019328	3.7982360995934436e-5
0.024099054286864315	3.8308452271676564e-5
0.024210290467360143	3.857480652998189e-5
0.024322040090736494	3.884360136295886e-5
0.024434305526938052	3.917618861708245e-5
0.02454708915684863	3.9449735001712286e-5
0.02466039337234171	3.979581147139622e-5
0.024774220576331163	4.007453545004182e-5
0.0248885731828222	4.03460146095658e-5
0.025003453616962594	4.0699860591167425e-5
0.025118864315094074	4.098614971743921e-5
0.025234807724804013	4.1345564863360545e-5
0.025351286304977336	4.1637301595280144e-5
0.025468302525848648	4.193174395675757e-5
0.025585858869054685	4.228777270202045e-5
0.02570395782768686	4.258746983828633e-5
0.025822601906344174	4.296089425706852e-5
0.025941793621186347	4.326632520091284e-5
0.02606153549998714	4.364572142526777e-5
0.02618183008218803	4.395700934212603e-5
0.026302679918951986	4.434250146735483e-5
0.026424087573217625	4.465977256017762e-5
0.026546055619753543	4.505148775043779e-5
0.026668586645212926	4.5374871344787945e-5
0.02679168324818844	4.5772939919427346e-5
0.02691534803926727	4.6102568551240606e-5
0.02703958364108654	4.6507124073841025e-5
0.027164392688388918	4.6843133579937434e-5
0.02728977782807848	4.725431295015206e-5
0.02741574171927689	4.7614955665171756e-5
0.027542287033379718	4.80333692257479e-5
0.02766941645411316	4.838300953289254e-5
0.027797132677590923	4.880834326240792e-5
0.027925438412371394	4.923721268073042e-5
0.02805433637951514	4.9597205680776196e-5
0.028183829312642534	5.0054258660770454e-5
0.028313919957991776	5.0494426754419185e-5
0.028444611074477134	5.0865599784652386e-5
0.028575905433747422	5.131315436487062e-5
0.02870780582024485	5.1714751038774926e-5
0.028840315031263993	5.2170387810288836e-5
0.028973435877011153	5.262988292519141e-5
0.029107171180663968	5.3044987132557684e-5
0.029241523778431245	5.351284685976922e-5
0.029376496519613188	5.4010702941866756e-5
0.029512092266661728	5.448715889952881e-5
0.029648313895241286	5.489430652107338e-5
0.029785164294289748	5.54067398800596e-5
0.029922646366079716	5.5896144393841564e-5
0.030060763026280125	5.6345199314264004e-5
0.030199517204017968	5.6843684070130874e-5
0.0303389118419405	5.737686463559482e-5
0.030478949896277616	5.788467552672095e-5
0.030619634336904532	5.842864500142994e-5
0.03076096814740483	5.890446063810051e-5
0.030902954325133646	5.94269883207158e-5
0.031045595881281286	5.9987957311492136e-5
0.03118889584093709	6.055501545815543e-5
0.03133285724315355	6.109283792860925e-5
0.03147748314101084	6.167152419013864e-5
0.03162277660168147	6.218210513382125e-5
0.031768740706495366	6.273578281300068e-5
0.03191537855100526	6.333280863814814e-5
0.03206269324505228	6.393640554100885e-5
0.03221068791283196	6.454666219170486e-5
0.032359365692960426	6.516366865651874e-5
0.03250872973854103	6.574567336974951e-5
0.03265878321723116	6.637556436411963e-5
0.032809529311309454	6.701247065914694e-5
0.032960971217743315	6.765648794409141e-5
0.033113112148256636	6.830771343022654e-5
0.03326595532939797	6.896624587829764e-5
0.03341950400260893	6.963218562654015e-5
0.03357376142429295	7.030563461925549e-5
0.033728730865884356	7.098669643597261e-5
0.03388441561391771	7.167547632119292e-5
0.03404081897009753	7.237208121474301e-5
0.034197944251368316	7.307661978274362e-5
0.034355794789984864	7.378920244920759e-5
0.03451437393358302	7.456447294342433e-5
0.03467368504525054	7.529456476596312e-5
0.034833731503598545	7.603305931620178e-5
0.03499451670283308	7.678007465326987e-5
0.035156044052827136	7.753573076732118e-5
0.03531831697919301	7.83604023021657e-5
0.035481338923354845	7.921072788666405e-5
0.03564511334262171	7.999428542536855e-5
0.03580964371026088	8.085102652713414e-5
0.035974933515571475	8.165425940050416e-5
0.03614098626395856	8.24669329569664e-5
0.036307805477007356	8.335710315445086e-5
0.036475394692557984	8.426646368268242e-5
0.03664375746478052	8.51803767977219e-5
0.03681289736425031	8.603489528998007e-5
0.036982817978023774	8.697318532669408e-5
0.03715352290971439	8.792584665393287e-5
0.03732501577956918	8.888939812016832e-5
0.03749730022454546	8.986662261530462e-5
0.037670379898387965	9.08542769789662e-5
0.037844258471706395	9.185800308303415e-5
0.03801893963205317	9.287608138454603e-5
0.0381944270840017	9.390043485813098e-5
0.038370724549224904	9.494632604013201e-5
0.038547835766574175	9.600728776213835e-5
0.0387257644921587	9.716017667266146e-5
0.03890451449942502	9.825217555002973e-5
0.039084089579237154	9.934286310111126e-5
0.039264493539956924	1.0046507355594041e-4
0.039445730207524746	1.0168026885530243e-4
0.039627803425540835	1.0283564864024998e-4
0.0398107170553466	1.0408462268660394e-4
0.03999447497610661	1.0527433789204862e-4
0.040179081084890836	1.0655827754393443e-4
0.040364539296757304	1.0778354197021657e-4
0.040550853544835175	1.0910368286617786e-4
0.040738027780408054	1.1047834327226705e-4
0.040926065972997853	1.1183829843115678e-4
0.041114972110448976	1.132174933754274e-4
0.04130475019901285	1.1453966452210147e-4
0.041495404263433	1.1608080361873006e-4
0.041686938347030224	1.1752239976772468e-4
0.04187935651178851	1.1890808851619944e-4
0.04207266283844106	1.2052175920800256e-4
0.04226686142655692	1.2202932633639175e-4
0.04246195639462789	1.2361797499707355e-4
0.04265795188015585	1.2517258080349674e-4
0.04285485203974052	1.2689161201517963e-4
0.04305266104916762	1.2849499262682505e-4
0.04325138310349739	1.3019318319120162e-4
0.04345102241715366	1.3184737200135462e-4
0.04365158322401308	1.336802465155784e-4
0.04385306977749504	1.35544725956728e-4
0.04405548635065178	1.3728035697244774e-4
0.04425883723625907	1.3920644363751502e-4
0.04446312674690727	1.4116610337801448e-4
0.04466835921509269	1.4316005053256474e-4
0.04487453899330958	1.4511254342276588e-4
0.04508167045414237	1.471773115283413e-4
0.045289757990358386	1.4927861917349714e-4
0.04549880601500115	1.514172544597587e-4
0.04570881896148378	1.535940252518437e-4
0.04591980128368312	1.558860635283962e-4
0.04613175745603418	1.5814157368471913e-4
0.046344691973625	1.6043776618434187e-4
0.04655860935229208	1.6277553375645298e-4
0.046773514128715984	1.6537071355326638e-4
0.046989410860517694	1.67799218968438e-4
0.04720630412635518	1.7027222673792855e-4
0.047424198526020554	1.7302095620180073e-4
0.04764309868053764	1.7566705704492777e-4
0.04786300923225989	1.7852619796211323e-4
0.04808393484496889	1.811981696114262e-4
0.048305880203973285	1.84173000344273e-4
0.04852885001620808	1.8702741408767174e-4
0.04875284901033459	1.901236252489462e-4
0.04897788193684056	1.932860164443474e-4
0.04920395356814101	1.965918580210519e-4
0.04943106869867944	1.9960624081147917e-4
0.049659232145029465	2.0304578521486495e-4
0.04988844874599706	2.0648318843071437e-4
0.05011872336272305	2.1007072618884956e-4
0.05035006087878628	2.136601687032236e-4
0.05058246620030719	2.174035598118029e-4
0.050815944256051786	2.211531468516217e-4
0.051050499997536344	2.2540097931689893e-4
0.05128613839913218	2.294025677687387e-4
0.05152286445817132	2.3341755180047102e-4
0.05176068319505242	2.3796522527965152e-4
0.05199959965334721	2.4224708135038426e-4
0.05223961889990757	2.465502341673319e-4
0.05248074602497283	2.514236507026491e-4
0.05272298614227782	2.56419350557161e-4
0.05296634438916131	2.6112010261308653e-4
0.05321082592667491	2.6635964413765665e-4
0.053456435939692626	2.7165909239566056e-4
0.05370317963702071	2.771698512616342e-4
0.05395106225150818	2.8235240489328306e-4
0.05420008904015779	2.881377560082545e-4
0.054450265284237465	2.9407355382347043e-4
0.05470159628939249	3.0067664026528767e-4
0.054954087385757765	3.069426295206319e-4
0.05520774392807102	3.1344683290985555e-4
0.05546257129578634	3.200492924220789e-4
0.0557185748931882	3.274045464924387e-4
0.055975760149506205	3.3438261569193866e-4
0.056234132519030075	3.4216181269710363e-4
0.0564936974812254	3.496131969654235e-4
0.05675446054084984	3.5784585094339135e-4
0.05701642722806982	3.663277163578163e-4
0.05727960309857797	3.744443357275924e-4
0.05754399373371072	3.834293326173275e-4
0.05780960474056682	3.9276183501036905e-4
0.05807644175212619	4.023105815993698e-4
0.058344510427369406	4.130192603576488e-4
0.05861381645139778	4.232011054619294e-4
0.05888436553555378	4.337745403005877e-4
0.059156163417542255	4.4555858629719626e-4
0.0594292158615521	4.568413878406929e-4
0.05970352865837847	4.693565765479063e-4
0.0599791076255457	4.814072832879209e-4
0.06025595860743051	4.948582487708467e-4
0.06053408747538607	5.087882479410993e-4
0.060813500127866474	5.232178845699507e-4
0.061094202490551835	5.381687968590062e-4
0.06137620051647403	5.536637169079377e-4
0.0616595001861428	5.709482458152295e-4
0.0619441075076727	5.877186267997884e-4
0.06223002851691048	6.063662258566449e-4
0.06251726927756306	6.243924320088837e-4
0.06280583588132624	6.445998242128755e-4
0.06309573444801375	6.655721428936858e-4
0.0633869711256871	6.874824488734277e-4
0.06367955209078595	7.102433854595813e-4
0.06397348354825913	7.340316823377346e-4
0.06426877173169626	7.605481278363849e-4
0.06456542290345982	7.864904019968707e-4
0.06486344335481807	8.155060642242705e-4
0.06516283940607848	8.458863080497191e-4
0.06546361740672164	8.777086580196302e-4
0.06576578373553617	9.110557973875229e-4
0.0660693448007537	9.460159625867285e-4
0.06637430704018496	9.826833718681641e-4
0.06668067692135625	0.0010238411425778171
0.06698846094164662	0.0010671315680303814
0.06729766562842573	0.0011127577545130168
0.0676082975391921	0.0011609321477512489
0.06792036326171236	0.001211757455569585
0.06823386941416083	0.0012688068824845045
0.06854882264525997	0.0013256779008016452
0.06886522963442139	0.0013896690609247683
0.0691830970918874	0.0014575941305769485
0.0695024317588734	0.001534153347324243
0.06982324040771083	0.0016111909412866183
0.07014552984199075	0.0016981024478723964
0.07046930689670829	0.0017910467563445193
0.07079457843840736	0.001890410629170655
0.07112135136532645	0.002003043520745512
0.07144963260754485	0.002124232332925383
0.07177942912712962	0.0022547660287984563
0.07211074791828338	0.002395519444167485
0.0724435960074924	0.002555953605300191
0.07277798045367576	0.0027300368901683066
0.07311390834833507	0.0029192950969475513
0.07345138681570475	0.00313620590008587
0.07379042301290333	0.0033736938554460175
0.07413102413008495	0.0036473657033845243
0.07447319739059206	0.003949470344447091
0.07481695005110857	0.004283507030476851
0.07516228940181362	0.004671776201418273
0.07550922276653642	0.005125450515480267
0.07585775750291138	0.005635563165328094
0.07620790100253418	0.006236821075621131
0.07655966069111857	0.006920482483812529
0.07691304402865383	0.007734537865957869
0.07726805850956306	0.008711370028233056
0.07762471166286197	0.009847455197612712
0.07798301105231864	0.011283814693715765
0.07834296427661391	0.012991825151082593
0.07870457896950252	0.015193552734233697
0.07906786279997513	0.017979717251983315
0.07943282347242074	0.02155722997444387
