0.004647796093157464	0.0012686769779032062
0.004665577658272927	0.0012739707023911103
0.004683426911843707	0.00127928819867791
0.00470134410896539	0.00128462958713973
0.004719329505676046	0.001289994988871964
0.004737383358959494	0.0012953845256944187
0.004755505926748373	0.001300798320156445
0.004773697467928014	0.0013062364955423338
0.004791958242339391	0.0013116991758764952
0.004810288510782761	0.0013171864859288758
0.004828688535020955	0.001322698551220318
0.00484715857778284	0.0013282354980280096
0.004865698902766758	0.001333797453390974
0.004884309774643875	0.0013393845451155771
0.0049029914590616955	0.0013449969017811233
0.004921744222647605	0.0013506346527455085
0.004940568333012211	0.0013562979281508576
0.004959464058752813	0.001361986858929247
0.004978431669457079	0.0013677015768085307
0.004997471435706282	0.0013734422143180877
0.005016583629079086	0.0013792089047947752
0.00503576852215494	0.0013850017823888137
0.005055026388517623	0.0013908209820697698
0.005074357502758726	0.001396666639632564
0.005093762140481499	0.0014025388917036322
0.005113240578304051	0.0014084378757469587
0.005132793093863164	0.0014143637300703255
0.005152419965817941	0.001420316593831573
0.005172121473853153	0.0014262966070448216
0.005191897898683335	0.0014323039105869596
0.005211749522055733	0.0014383386462038588
0.005231676626754683	0.001444400956517046
0.005251679496604754	0.0014504909850300825
0.005271758416474661	0.0014566088761352092
0.005291913672280927	0.0014627547751199846
0.005312145550991439	0.0014689288281739385
0.005332454340629399	0.0014751311823953995
0.005352840330276751	0.0014813619857982302
0.005373303810078288	0.001487621387318808
0.005393845071244995	0.001493909536822855
0.005414464406058089	0.001500226585112513
0.005435162107872735	0.0015065726839333963
0.005455938471121739	0.0015129479859816906
0.00547679379131935	0.0015193526449113475
0.0054977283650653455	0.0015257868153414136
0.005518742490048385	0.0015322506528632242
0.005539836465050238	0.0015387443140478967
0.005561010589949426	0.0015452679564537267
0.005582265165725229	0.001551821738633749
0.005603600494461337	0.001558405820143264
0.005625016879350024	0.001565020361547574
0.0056465146246958845	0.001571665524429664
0.005668094035919556	0.0015783414713979437
0.005689755419562154	0.0015850483660942581
0.005711499083288617	0.0015917863732016599
0.005733325335892263	0.001598555658452587
0.005755234487298195	0.0016053563886367923
0.005777226848567571	0.0016121887316095805
0.00579930273190166	0.0016190528563000605
0.005821462450645664	0.0016259489327193997
0.005843706319292797	0.0016328771319692238
0.0058660346534883424	0.0016398376262500875
0.0058884477700337085	0.0016468305888700128
0.005910945986890465	0.0016538561942531004
0.005933529623184435	0.0016609146179482324
0.0059561989992097586	0.0016680060366378409
0.005978954436433037	0.0016751306281467789
0.006001796257497311	0.0016822885714512232
0.006024724786226392	0.001689480046687752
0.006047740347628981	0.001696705235162447
0.00607084326790252	0.001703964319359997
0.006094033874437837	0.0017112574829531097
0.006117312495822886	0.0017185849108117505
0.006140679461847311	0.0017259467890126938
0.006164135103506447	0.0017333433048490055
0.006187679753005572	0.001740774646839675
0.006211313743764235	0.001748241004739363
0.006235037410420362	0.0017557425695481645
0.006258851088834714	0.001763279533521567
0.00628275511609513	0.0017708520901804333
0.006306749830520593	0.0017784604343210263
0.006330835571665907	0.0017861047620252955
0.0063550126803258115	0.0017937852706710975
0.0063792814985393145	0.0018015021589425737
0.00640364236959422	0.0018092556268406747
0.006428095638031411	0.0018170458756937096
0.00645264164964895	0.0018248731081679452
0.006477280751507116	0.0018327375282785612
0.006502013291932278	0.0018406393414003809
0.00652683962052156	0.0018485787542789206
0.0065517600881473915	0.0018565559750415097
0.00657677504696154	0.0018645712132083663
0.006601884850400258	0.001872624679704091
0.006627089853188209	0.0018807165868689176
0.006652390411343188	0.0018888471484702976
0.0066777868821809114	0.001897016579714608
0.006703279624319019	0.001905225097258745
0.006728868997682115	0.0019134729192221223
0.006754555363506163	0.0019217602651985931
0.006780339084343054	0.0019300873562685355
0.006806220524065281	0.0019384544150110822
0.006832200047870558	0.0019468616655164454
0.006858278022286438	0.0019553093333983572
0.006884454815175041	0.001963797645806662
0.006910730795737669	0.0019723268314399884
0.006937106334519472	0.001980897120558562
0.006963581803414325	0.001989508744997191
0.00699015757566938	0.0019981619381782938
0.007016834025889904	0.002006856935125114
0.007043611530044104	0.0020155939724750753
0.007070490465467647	0.0020243732884931624
0.007097471210868859	0.0020331951230856318
0.00712455414633324	0.0020420597178136494
0.007151739653328351	0.0020509673159071744
0.007179028114708869	0.0020599181622790144
0.007206419914721178	0.0020689125035388885
0.00723391543900848	0.002077950588007773
0.007261515074615509	0.0020870326657322653
0.007289219209993713	0.0020961589884992316
0.0073170282350060204	0.0021053298098504666
0.007344942540931765	0.00211454538509754
0.007372962520471904	0.002123805971336882
0.007401088567753698	0.0021331118274648445
0.007429321078336126	0.0021424632141931327
0.0074576604492145385	0.00215186039406416
0.0074861070788260105	0.0021613036314667568
0.00751466136705428	0.002170793192651911
0.007543323715234965	0.0021803293457487477
0.007572094526160486	0.002189912360780571
0.007600974204085493	0.002199542509681217
0.007629963154731739	0.002209220066311405
0.007659061785293514	0.0022189453064754092
0.007688270504442734	0.0022287185079377957
0.007717589722334185	0.002238539950440373
0.0077470198506107086	0.0022484099157192875
0.007776561302408598	0.002258328687522352
0.007806214492362891	0.0022682965516265183
0.00783597983661256	0.002278313795855487
0.007865857752805952	0.0022883807100975736
0.007895848660106045	0.002298497586323692
0.007925952979196071	0.0023086647186056266
0.007956171132284568	0.0023188824031343228
0.007986503543111194	0.0023291509382385783
0.008016950636951813	0.002339470624403717
0.008047512840624351	0.0023498417642906656
0.008078190582493951	0.002360264662755023
0.008108984292478697	0.0023707396268664916
0.008139894402055066	0.002381266965928416
0.008170921344263726	0.00239184699149763
0.008202065553714707	0.0024024800174043148
0.008233327466593436	0.002413166359772314
0.00826470752066641	0.0024239063370395516
0.008296206155286416	0.0024347002699785167
0.008327823811398679	0.002445548481717244
0.008359560931546458	0.0024564512977603317
0.008391417959876727	0.0024674090460102063
0.008423395342146105	0.002478422056788681
0.008455493525726597	0.002489490662858675
0.008487712959611331	0.0025006151994461595
0.008520054094420736	0.002511796004262454
0.008552517382408083	0.002523033417526573
0.008585103277465696	0.0025343277819879924
0.008617812235130683	0.002545679442949519
0.008650644712591294	0.0025570887482905765
0.008683601168692252	0.002568556048490432
0.008716682063941855	0.0025800816966521883
0.008749887860516944	0.0025916660485263924
0.008783219022269886	0.0026033094625354937
0.008816676014734091	0.002615012299798119
0.008850259305130883	0.0026267749241540013
0.008883969362374965	0.0026385977021887593
0.00891780665708123	0.002650481003259334
0.008951771661570788	0.0026624251995194617
0.008985864849877392	0.002674430665945531
0.009020086697753768	0.0026864977803626924
0.009054437682678057	0.0026986269234712695
0.00908891828386017	0.0027108184788734294
0.009123528982248323	0.0027230728331001917
0.009158270260535449	0.0027353903756386832
0.009193142603166022	0.0027477714989598127
0.009228146496342269	0.0027602165985460532
0.009263282428031063	0.0027727260729197315
0.009298550887970564	0.0027853003236715406
0.00933395236767689	0.0027979397554893696
0.009369487360450901	0.0028106447761874786
0.00940515636138494	0.0028234157967359755
0.009440959867369859	0.0028362532312906944
0.009476898377101667	0.002849157497223292
0.009512972391088706	0.0028621290151518157
0.00954918241165848	0.0028751682089715137
0.009585528942964747	0.0028882755058860497
0.009622012490994699	0.0029014513364390925
0.009658633563575915	0.0029146961345461746
0.009695392670383697	0.0029280103375270232
0.009732290322948268	0.002941394386138198
0.009769327034662061	0.00295484872460612
0.009806503320787058	0.002968373800660474
0.009843819698462215	0.0029819700655680154
0.00988127668671098	0.002995637974166764
0.009918874806448721	0.003009377984900569
0.009956614580490328	0.0030231905598540887
0.009994496533557874	0.003037076164788196
0.010032521192288268	0.0030510352691757686
0.01007068908524132	0.0030650683462380007
0.01010900074290682	0.0030791758729808247
0.010147456697713322	0.003093358330232265
0.010186057484035727	0.003107616202679838
0.010224803638203083	0.003121949978908443
0.010263695698506896	0.003136360151438838
0.010302734205209559	0.0031508472167665834
0.010341919700552028	0.003165411675401202
0.010381252728762677	0.003180054031906137
0.010420733836065434	0.0031947747949389515
0.010460363570688164	0.00320957447729206
0.010500142482871424	0.0032244535959340395
0.010540071124877128	0.0032394126720513825
0.010580150050996837	0.0032544522310906255
0.010620379817561164	0.0032695728028012895
0.010660760982948374	0.003284774921279081
0.01070129410759312	0.0033000591250096287
0.010741979753995837	0.00331542595691293
0.01078281848673182	0.003330875964388217
0.010823810872460435	0.0033464096993593897
0.010864957479934542	0.0033620277183210316
0.010906258880009668	0.0033777305823849066
0.010947715645653933	0.0033935188573272178
0.010989328351957562	0.0034093931136362963
0.01103109757614234	0.0034253539265608436
0.011073023897571753	0.0034414018761589446
0.01111510789776118	0.003457537547347686
0.01115735016038738	0.003473761529953137
0.011199751271299062	0.003490074418761267
0.011242311818527284	0.0035064768135694186
0.011285032392295379	0.0035229693192382425
0.011327913585030117	0.0035395525457446466
0.011370955991371794	0.0035562271082350476
0.011414160208185444	0.0035729936270796057
0.011457526834571621	0.0035898527279269975
0.011501056471877161	0.0036068050417598263
0.011544749723706888	0.003623851204951022
0.011588607195934504	0.0036409918593206555
0.011632629496713997	0.003658227652193623
0.011676817236491605	0.0036755592364582034
0.011721171028017344	0.0036929872706251998
0.011765691486356674	0.003710512418887857
0.01181037922890287	0.003728135351182746
0.011855234875388919	0.0037458567432512354
0.011900259047899937	0.003763677276701914
0.011945452370885826	0.0037815976390738536
0.011990815471173458	0.003799618523900518
0.012036348977980036	0.003817740630774847
0.012082053522925552	0.003835964665414867
0.012127929740046268	0.0038542913397304718
0.012173978265807949	0.0038727213718909442
0.012220199739118955	0.0038912554863933116
0.012266594801344559	0.003909894414131957
0.012313164096320068	0.003928638892468728
0.012359908270365393	0.00394748966530443
0.012406827972298931	0.003966447483150989
0.01245392385345197	0.003985513103204741
0.012501196567683259	0.004004687289420706
0.01254864677139368	0.004023970812587861
0.012596275123541558	0.0040433644504056085
0.012644082285657155	0.004062868987560975
0.012692068921858495	0.004082485215807244
0.012740235698866958	0.004102213934043567
0.012788583286022575	0.004122055948395512
0.01283711235530033	0.004142012072297019
0.012885823581326145	0.004162083126573325
0.012934717641393317	0.004182269939525166
0.012983795215479238	0.00420257334701417
0.013033056986261794	0.004222994192549322
0.013082503639136621	0.004243533327374845
0.013132135862234384	0.004264191610559303
0.013181954346438257	0.00428496990908596
0.013231959785401265	0.0043058690979443336
0.013282152875564507	0.004326890060223289
0.013332534316175189	0.004348033687205347
0.013383104809304795	0.004369300878462328
0.013433865059867933	0.004390692541952557
0.013484815775640932	0.004412209594119319
0.013535957667281048	0.004433852959990887
0.013587291448345508	0.004455623573281909
0.01363881783531123	0.0044775223764964124
0.013690537547594436	0.004499550321032256
0.013742451307570567	0.004521708367287126
0.0137945598405947	0.004543997484766224
0.013846863875021629	0.0045664186521913565
0.013899364142227005	0.004588972857611956
0.013952061376627786	0.00461166109851744
0.014004956315703502	0.0046344843819514795
0.01405804970001804	0.004657443724628071
0.014111342273240516	0.004680540153049001
0.014164834782167719	0.004703774703623537
0.014218527976745818	0.004727148422789622
0.014272422610093047	0.004750662367137173
0.0143265194385215	0.0047743176035328835
0.014380819221560726	0.004798115209247499
0.014435322721980151	0.00482205627208455
0.014490030705812527	0.0048461418905113695
0.014544943942377342	0.0048703731737920475
0.014600063204303796	0.004894751242122219
0.01465538926755584	0.004919277226766596
0.014710922911455265	0.004943952270197895
0.014766664918706067	0.004968777526238312
0.014822616075419338	0.004993754160203325
0.014878777171137466	0.005018883349047448
0.01493514899885887	0.00504416628151241
0.01499173235506362	0.005069604158277903
0.015048528039738052	0.005095198192114315
0.015105536856400197	0.0051209496080380995
0.015162759612125433	0.005146859643469644
0.015220197117572247	0.005172929548393623
0.015277850187007872	0.005199160585521828
0.015335719638334055	0.0052255540304585865
0.01539380629311395	0.005252111171869182
0.01545211097659717	0.005278833311650299
0.015510634517747285	0.005305721765104
0.015569377749267576	0.005332777861113893
0.015628341507627517	0.00536000294232434
0.015687526633090067	0.005387398365322832
0.015746933969737704	0.005414965500824842
0.015806564365499445	0.005442705733862023
0.015866418672177883	0.005470620463973432
0.015926497745475613	0.005498711105399659
0.01598680244502243	0.005526979087280386
0.016047333634402118	0.005555425853855019
0.016108092181179617	0.00558405286466675
0.01616907895692733	0.0056128615947696695
0.01623029483725261	0.005641853534939704
0.01629174070182399	0.005671030191888599
0.016353417434398637	0.005700393088481893
0.016415325922848372	0.005729943763959998
0.016477467059186367	0.005759683774163218
0.016539841739594146	0.005789614691760647
0.016602450864447033	0.00581973810648234
0.0166652953383411	0.0058500556253559466
0.01672837607011867	0.005880568872946812
0.016791693972894515	0.005911279491602396
0.016855249964081047	0.0059421891417004895
0.0169190449654142	0.0059732995019018895
0.016983079902978013	0.006004612269406937
0.01704735570722981	0.006036129160216655
0.01711187331302455	0.006067851909398076
0.017176633659639565	0.006099782271354266
0.017241637690797083	0.006131922020098225
0.017306886354689705	0.006164272949532571
0.017372380604001782	0.00619683687373262
0.017438121395932846	0.006229615627235115
0.017504109692219723	0.006262611065331503
0.017570346459158222	0.00629582506436621
0.01763683266762451	0.006329259522039994
0.017703569293095942	0.006362916357718457
0.017770557315670225	0.006396797512745346
0.017837797720086358	0.006430904950762059
0.017905291495742846	0.006465240658031781
0.017973039636715357	0.0064998066437691755
0.018041043141775487	0.006534604940476316
0.018109303014407174	0.006569637604283754
0.018177820262822008	0.006604906715297249
0.018246595899975834	0.006640414377951168
0.018315630943582007	0.006676162721366998
0.01838492641612655	0.006712153899718958
0.018454483344878963	0.006748390092604615
0.018524302761905934	0.006784873505423229
0.018594385704080733	0.006821606369759313
0.018664733213094257	0.006858590943773768
0.01873534633546299	0.006895829512600945
0.018806226122537382	0.006933324388753053
0.018877373630508138	0.006971077912531161
0.018948789920411883	0.0070090924524434375
0.01902047605813566	0.007047370405630589
0.019092433114419886	0.007085914198298488
0.019164662164859857	0.0071247262861581905
0.019237164289907127	0.007163809154873942
0.019309940574867936	0.007203165320518346
0.01938299210990174	0.007242797330035884
0.01945631999001661	0.007282707761713845
0.0195299253150652	0.007322899225662119
0.019603809189737725	0.007363374364300754
0.019677972723553726	0.00740413585285603
0.019752417030852804	0.007445186399865386
0.019827143230782312	0.007486528747690521
0.019902152447285524	0.0075281656730402146
0.019977445809086176	0.007570099987501511
0.02005302444967197	0.007612334538080373
0.020128889507276728	0.007654872207751931
0.020205042124859508	0.007697715916019834
0.020281483450082925	0.00774086861948575
0.02035821463528942	0.007784333312428762
0.020435236837474877	0.007828113027394577
0.020512551218260535	0.007872210835795177
0.02059015894386327	0.007916629848519057
0.02066806118506353	0.007961373216552093
0.020746259117169836	0.00800644413160874
0.020824753919984104	0.008051845826775456
0.02090354677776148	0.008097581577164158
0.02098263887916921	0.00814365470057764
0.021062031417244054	0.008190068558187005
0.021141725589346325	0.008236826555220648
0.021221722597111067	0.008283932141665137
0.0213020236463979	0.008331388812978907
0.021382629947238115	0.008379200110818434
0.02146354271377821	0.008427369623776817
0.02154476316422226	0.008475900988135969
0.02162629252077097	0.00852479788863183
0.021708132009557502	0.008574064059232913
0.021790282860582186	0.008623703283933288
0.02187274630764233	0.008673719397558769
0.021955523588261826	0.008724116286588446
0.02203861594361479	0.00877489788998961
0.022122024618449764	0.008826068200068869
0.022205750861008396	0.008877631263337448
0.022289795922941655	0.008929591181392086
0.022374161059225326	0.008981952111812611
0.022458847528068406	0.00903471826907393
0.022543856590822278	0.009087893925475937
0.022629189511885257	0.009141483412089448
0.022714847558602945	0.009195491119718761
0.022800832001167767	0.009249921499882444
0.02288714411251345	0.00930477906581109
0.022973785168206987	0.009360068393463334
0.0230607564463377	0.00941579412256044
0.02314805922740218	0.009471960957639233
0.023235694794187016	0.009528573669124615
0.023323664431647084	0.009585637094421114
0.023411969426781344	0.009643156139024651
0.023500611068504703	0.009701135777654385
0.023589590647517294	0.009759581055405529
0.0236789094561694	0.009818497088922918
0.02376856878832314	0.009877889067596188
0.02385856993921132	0.009937762254777134
0.023948914205292406	0.00999812198901934
0.024039602884101986	0.010058973685340665
0.024130637274100395	0.010120322836508901
0.02422201867451733	0.010182175014351477
0.02431374838519393	0.01024453587108985
0.024405827706418148	0.010307411140697402
0.02449825793876002	0.010370806640284067
0.024591040382902156	0.010434728271506316
0.02468417633946546	0.010499182022002992
0.0247776671088332	0.01056417396685889
0.02487151399097047	0.01062971027009541
0.024965718285239632	0.010695797186189073
0.025060281290213943	0.010762441061619473
0.02515520430348517	0.01082964833644545
0.02525048862147007	0.01089742554591224
0.025346135539211768	0.010965779322088443
0.025442146350177584	0.011034716395534239
0.025538522346054224	0.011104243597001845
0.02563526481653939	0.011174367859168517
0.025732375049128155	0.011245096218402006
0.02582985432889808	0.011316435816561082
0.025927703938289928	0.011388393902830274
0.02602592515688401	0.011460977835589777
0.026124519261175212	0.011534195084322508
0.026223487524341553	0.011608053231556906
0.026322831216013004	0.011682559974849243
0.026422551602033217	0.011757723128802982
0.026522649944221093	0.01183355062712914
0.02662312750012682	0.011910050524746182
0.0267239855227859	0.01198723099992179
0.026825225260468363	0.012065100356456276
0.026926847956427347	0.012143667025910453
0.0270288548486422	0.012222939569876618
0.027131247169558156	0.012302926682294763
0.027234026145826547	0.01238363719181662
0.027337192998036625	0.012465080064214689
0.027440748940448415	0.012547264404841494
0.027544695180721626	0.01263019946113794
0.02764903291964026	0.012713894625191737
0.02775376335083573	0.012798359436348265
0.027858887660507196	0.01288360358387463
0.027964407027138562	0.012969636909677607
0.02807032262121243	0.013056469411077142
0.028176635604922423	0.013144111243637128
0.02828334713188289	0.013232572724054419
0.028390458346834443	0.01332186433310669
0.0284979703853487	0.013411996718662056
0.028605884373530704	0.013502980698751258
0.028714201427718026	0.013594827264703293
0.028822922654177442	0.01368754758434649
0.028932049148801858	0.013781153005277814
0.02904158199680085	0.013875655058198846
0.029151522272393756	0.01397106546032428
0.02926187103849716	0.01406739611886076
0.02937262934641352	0.014164659134561011
0.029483798235515113	0.014262866805352197
0.02959537873292879	0.014362031630042996
0.02970737185321724	0.014462166312109165
0.02981977859806024	0.014563283763561242
0.02993259995593257	0.01466539710889465
0.030045836901783217	0.014768519689126616
0.030159490396710703	0.014872665065919373
0.030273561387638787	0.014977847025793876
0.030388050806990308	0.015084079584435266
0.03050295957236108	0.015191376991093044
0.030618288586191665	0.015299753733077542
0.030734038735438646	0.01540922454035561
0.030850210891246753	0.015519804390248863
0.03096680590861758	0.015631508512234802
0.031083824626080506	0.015744352392856237
0.031201267865361308	0.015858351780739556
0.03131913643105276	0.01597352269172664
0.0314374311102815	0.016089881414120415
0.031556152672378976	0.01620744451405111
0.03167530186854893	0.016326228840962093
0.03179487943153772	0.016446251533221982
0.03191488607530347	0.0165675300238639
0.03203532249468543	0.016690082046456032
0.032156189365074854	0.016813925641107577
0.032277487342085597	0.016939079160612505
0.032399217061226095	0.01706556127673591
0.03252137913757174	0.017193390986645785
0.03264397416543822	0.017322587619494678
0.032767002718057256	0.017453170843155726
0.03289046534725003	0.017585160671114795
0.03301436258310631	0.017718577469527003
0.03313869493366286	0.017853441964438718
0.0332634628845816	0.017989775249179635
0.03338866689883429	0.018127598791933167
0.03351430741638329	0.018266934443484293
0.03364038485386871	0.01840780444515528
0.03376689960429466	0.018550231436930444
0.033893852036720164	0.018694238465778036
0.03402124249594968	0.018839848994172004
0.03414907130222853	0.018987086908821997
0.0342773387509387	0.019135976529614705
0.03440604511229852	0.019286542618774622
0.034535190631064756	0.01943881039024911
0.034664775526237895	0.01959280551932493
0.034794799990770044	0.019748554152481886
0.034925264191274764	0.019906082917490218
0.035056168267742965	0.020065418933760827
0.0351875123332592	0.02022658982295223
0.035319296473724233	0.020389623719844895
0.035451520747577805	0.02055454928348715
0.035584185185527764	0.020721395708623927
0.03571728979028208	0.020890192737414465
0.03585083453628534	0.02106097067144818
0.035984819369457306	0.021233760384065988
0.03611924420693821	0.021408593332998656
0.03625410893683753	0.021585501573329474
0.03638941341798447	0.021764517770789627
0.0365251574796871	0.021945675215400386
0.03666134092149371	0.022129007835468218
0.03679796351295898	0.022314550211944964
0.0369350249934141	0.02250233759316336
0.037072525071745355	0.022692405909961865
0.03721046342617255	0.022884791791205138
0.037348839704035935	0.0230795325797173
0.03748765352158801	0.02327666634863838
0.03762690446378937	0.02347623191821596
0.03776659208411186	0.023678268873047564
0.03790671590434359	0.023882817579783843
0.03804727541440431	0.02408991920531226
0.03818827007216208	0.02429961573543008
0.03832969930325911	0.024511949994026973
0.03847156250094143	0.024726965662789473
0.03861385902589316	0.024944707301443925
0.03875658820608223	0.025165220368559508
0.03889974933660437	0.0253885512429198
0.03904334167954069	0.025614747245491273
0.03918736446381562	0.025843856661998513
0.03933181688506495	0.026075928766132083
0.039476698105509085	0.026311013843405777
0.03962200725383261	0.02654916321568474
0.03976774342506822	0.026790429266404868
0.03991390568049341	0.02703486546651112
0.040060493047525465	0.027282526401128465
0.04020750451963022	0.027533467796999653
0.04035493905623375	0.027787746550707364
0.04050279558264165	0.028045420757709758
0.04065107298996591	0.028306549742216056
0.04079977013505795	0.028571194087928898
0.04094888584044806	0.028839415669682386
0.04109841889429425	0.02911127768600777
0.041248368050335035	0.029386844692653832
0.04139873202785127	0.029666182637097666
0.041549509511634115	0.02994935889407718
0.04170069915196149	0.03023644230218156
0.04185229956457973	0.030527503201533142
0.04200430933069507	0.03082261347260152
0.0421567269969685	0.03112184657618384
0.042309551075521715	0.03142527759459696
0.042462780043949454	0.03173298327412011
0.042616412345336536	0.03204504206873002
0.042770446388285706	0.032361534185178245
0.04292488054695041	0.032682541629453034
0.0430797131610768	0.03300814825467792
0.0432349425360496	0.03333843981049347
0.043390566942951174	0.03367350399398207
0.04354658461862134	0.03401343050218092
0.04370299376572897	0.03435831108624875
0.0438597925528495	0.03470823960734109
0.044016979114549576	0.0350633120942566
0.04417455155148008	0.03542362680291959
0.044332507930474475	0.03578928427776324
0.04449084628465535	0.03616038741508557
0.044649564613549596	0.0365370415284502
0.04480866088320993	0.03691935441620642
0.04496813302634157	0.03730743643120538
0.04512797894243842	0.0377014005527984
0.045288196497927154	0.038101362461200765
0.045448783526316296	0.038507440614307845
0.045609737828352474	0.03891975632705813
0.04577105717218494	0.039338433853440026
0.045932739293537105	0.03976360047124273
0.046094781895883785	0.04019538656965468
0.04625718265063649	0.040633925739821324
0.04641993919733518	0.041079354868474964
0.04658304914384517	0.04153181423475502
0.046746510066565855	0.0419914476103488
0.0469103195106387	0.04245840236307186
0.04707447499016925	0.04293282956403673
0.047238973988450124	0.04341488409853986
0.047403813958192854	0.04390472478082222
0.047568992321767756	0.044402514472857334
0.04773450647144567	0.044908420207322663
0.047900353769652085	0.045422613314933295
0.048066531549220144	0.04594526955630159
0.04823303711365819	0.04647656925852253
0.048399867737415364	0.04701669745666246
0.04856702066615886	0.04756584404036588
0.04873449311705438	0.048124203905784035
0.048902282279053515	0.04869197711305015
0.04907038531318601	0.04926936904953118
0.04923879935285911	0.04985659059910057
0.049407521504159335	0.05045385831768216
0.0495765488461645	0.05106139461533859
0.0497458784312573	0.051679427945174966
0.04991550728544482	0.052308192999354686
0.05008543240868536	0.052947930912534906
0.0502556507752166	0.05359888947303745
0.05042615933389389	0.0542613233421013
0.05059695500852775	0.05493549428155907
0.05076803469823019	0.055621671390318574
0.05093939527776473	0.05632013135003425
0.05111103359789939	0.057031158680376094
0.05128294648576703	0.05775504600433132
0.05145513074522719	0.0584920943239831
0.051627583157234244	0.059242613307246415
0.05180030048020845	0.060006921586055376
0.051973279450412135	0.06078534706652961
0.05214651678232838	0.061578227251666263
0.052320009169043495	0.06238590957714063
0.05249375328263694	0.06320875176082896
0.052667745774568654	0.064047122166684
0.052841983276075186	0.06490140018365287
0.05301646239856459	0.0657719766203372
0.053191179734020336	0.06665925411615865
0.05336613185540215	0.0675636475698049
0.0535413153170531	0.06848558458580072
0.053716726655110104	0.06942550594008001
0.05389236238791599	0.07038386606548255
0.0540682190164328	0.07136113355815259
0.054244293024661626	0.07235779170587857
0.05442058088005959	0.07337433903945068
0.05459707903396428	0.07441128990820087
0.05477378392201623	0.07546917508092742
0.054950691964586094	0.07654854237349891
0.05512779956720228	0.07764995730448772
0.05530510312098082	0.07877400378027405
0.05548259900305644	0.07992128481113553
0.05566028357701616	0.08109242325993393
0.05583815319333425	0.08228806262509775
0.05601620418980597	0.08350886785970023
0.05619443289198707	0.08475552622855151
0.05637283561363018	0.08602874820531545
0.05655140865712303	0.08732926841180388
0.05673014831393067	0.08865784660172568
0.05690905086503214	0.09001526869129159
0.05708811258136591	0.09140234783925662
0.057267329724268234	0.09281992557909745
0.05744669854591493	0.09426887300623008
0.05762621528976481	0.09575009202333515
0.05780587619100134	0.09726451664705017
0.057985677476973634	0.09881311437950252
0.05816561536764018	0.10039688764838132
0.05834568607601003	0.10201687531947239
0.0585258858085823	0.10367415428584319
0.05870621076579026	0.1053698411381504
0.05888665714243961	0.10710509392080489
0.059067221128149015	0.10888111397907776
0.05924789890778775	0.11069914790254701
0.05942868666191556	0.11256048957066364
0.05960958056721873	0.11446648230659141
0.05979057679694608	0.11641852114590956
0.059971671521342855	0.11841805522721159
0.06015286090808542	0.12046659031212972
0.06033414112271315	0.12256569144283122
0.06051550832905735	0.12471698574559933
0.06069695868967162	0.12692216538973966
0.060878488366259184	0.12918299071169004
0.06106009352009602	0.1315012935149338
0.06124177031245703	0.13387898055710182
0.06142351490503581	0.13631803723645103
0.06160532346036411	0.13882053149083454
0.06178719214222923	0.14138861792324411
0.06196911711608915	0.14402454216906238
0.06215109454948499	0.1467306455213065
0.0623331206124502	0.14950936983139182
0.06251519147791895	0.15236326270429396
0.06269730332213197	0.15529498300844988
0.06287945232503599	0.15830730672231935
0.0630616346706872	0.1614031331413011
0.06324384654764374	0.16458549147051543
0.06342608414936218	0.16785754783109746
0.06360834367458817	0.17122261270981845
0.06379062132774144	0.17468414888432193
0.06397291331930524	0.1782457798589503
0.0641552158662014	0.18191129884897453
0.06433752519217445	0.1856846783543398
0.06451983752816079	0.18957008036738665
0.06470214911266511	0.1935718672629613
0.06488445619212382	0.19769461342337977
0.06506675502127258	0.2019431176554154
0.0652490418635044	0.20632241646141453
0.06543131299122829	0.21083779823226081
0.06561356468622294	0.21549481843593946
0.06579579323998355	0.22029931588216614
0.06597799495407211	0.22525743015096872
0.06616016614045447	0.2303756202811644
0.06634230312184045	0.235660684823765
0.0665244022320203	0.24111978337521567
0.06670645981618957	0.24676045971633048
0.06688847223127967	0.25259066669506625
0.06707043584627725	0.25861879300462526
0.06725234704254246	0.2648536920234385
0.06743420221412313	0.2713047129001656
0.06761599776806342	0.27798173408532084
0.0677977301247098	0.28489519953174675
0.06797939571801073	0.2920561578090528
0.06816099099581427	0.2994763044027819
0.06834251242016053	0.3071680274976155
0.06852395646756892	0.31514445757595777
0.0687053196293205	0.3234195211990496
0.06888659841174133	0.3320079993779997
0.06906778933647034	0.34092559098713865
0.06924888894073625	0.35018898172305385
0.06942989377761999	0.3598159191695914
0.06961080041631637	0.36982529459374563
0.06979160544239034	0.3802372321700633
0.06997230545802981	0.3910731864135491
0.07015289708229554	0.40235604869433184
0.07033337695135848	0.41411026381309796
0.07051374171874437	0.42636195773670427
0.07069398805556552	0.43913907773004046
0.07087411265074922	0.452471546276435
0.07105411221126263	0.46639143035706604
0.07123398346233632	0.48093312786383197
0.0714137231476756	0.4961335731538209
0.07159332802967487	0.5120324640221788
0.0717727948896216	0.5286725126789591
0.07195212052790081	0.5460997236719219
0.07213130176419008	0.5643637021086686
0.072310335437655	0.5835179960081643
0.07248921840713375	0.6036204771644351
0.07266794755132286	0.6247337655484129
0.07284651976895883	0.6469257030232244
0.07302493197898637	0.6702698830238264
0.07320318112073512	0.6948462438778227
0.07338126415407964	0.7207417346481735
0.07355917805960353	0.7480510637967556
0.07373691983875387	0.7768775426411838
0.07391448651399647	0.8073340375588904
0.07409187512895934	0.839544047244531
0.07426908274857724	0.8736429241281918
0.07444610645923153	0.9097792624074601
0.07462294336888185	0.9481164791558773
0.07479959060719922	0.9888346197909177
0.07497604532568641	1.0321324250003152
0.0751523046978057	1.0782297032678367
0.07532836591908783	1.1273700616974218
0.07550422620725053	1.1798240582770683
0.07567988280230512	1.2358928515141425
0.07585533296665782	1.2959124391092922
0.07603057398521199	1.360258596777655
0.07620560316546371	1.4293526524572169
0.07638041783759054	1.50366826124008
0.07655501535454053	1.5837393840850318
0.07672939309211542	1.6701697208989625
0.07690354844904844	1.7636439087897458
0.07707747884707995	1.8649408730184758
0.07725118173102744	1.9749498165326753
0.07742465456885211	2.09468946084366
0.0775978948517252	2.2253313157903607
0.07777090009408132	2.368227971238714
0.0779436678336791	2.52494768771979
0.07811619563164711	2.6973169400960755
0.0782884810725373	2.887473073296951
0.07846052176436126	3.097929911323994
0.07863231533863743	3.3316600909735583
0.07880385945042319	3.5921991730021587
0.0789751517783487	3.8837783671484187
0.07914619002464433	4.2114952189753305
0.07931697191516694	4.58153518640397
0.07948749519942329	5.00146220397464
0.07965775765058629	5.480603906156788
0.07982775706550937	6.030568445478462
0.07999749126474058	6.665946876310987
