8.141371054588527e-4	2.0353427636471318e-4
0.0010294167905738642	2.5735419764346605e-4
0.0013032198422428557	3.2580496056071394e-4
0.0016525089194380572	4.1312722985965437e-4
0.0020999178314090768	5.249794579596373e-4
0.0026762738044117914	6.690684726787422e-4
0.0034249458133675044	8.562379527860276e-4
0.004410641225400456	0.0011027052538506454
0.005739771653266337	0.001435637268314423
0.007599698545086347	0.0019063197285762224
0.010290492542479938	0.0026121630758400385
0.014163819872792804	0.003720540934725568
0.019425180373777454	0.005494253150790921
0.02593552729071874	0.00833912074201257
0.03321268933413311	0.01289531452027309
0.04063623609546086	0.020185202315857558
0.04767364404864048	0.031841285825392966
0.05399030744578523	0.05046286325571263
0.059444302151727954	0.08018090883661291
0.0640292118595056	0.12755484268577388
0.06781433898426245	0.20299550045067274
0.07090137938259759	0.3230218371673963
0.07339858413568286	0.5138388927682158
0.07540755884382677	0.8170099081457006
0.07701773210938061	1.2984477154550056
