0.001	9.765625e-7
0.0012589254117941675	1.2294193474552417e-6
0.001584893192461114	1.5477472582628067e-6
0.001995262314968879	1.948498354461796e-6
0.0025118864315095794	2.4530140932710737e-6
0.0031622776601683794	3.088161777508183e-6
0.003981071705534973	3.8877653374364975e-6
0.005011872336272725	4.894406578391333e-6
0.00630957344480193	6.161692817189385e-6
0.007943282347242814	7.75711166722931e-6
0.01	9.765625e-6
0.012589254117941675	1.2294193474552417e-5
0.015848931924611134	1.547747258262806e-5
0.0199526231496888	1.9484983544617968e-5
0.025118864315095794	2.4530140932710737e-5
0.03162277660168379	3.088161777508183e-5
0.039810717055349734	3.8877653374364975e-5
0.05011872336272723	4.894406578391331e-5
0.06309573444801933	6.161692817189388e-5
0.07943282347242814	7.75711166722931e-5
