0.0010000000000000009	2.500000000000002e-4
0.0010046157902783709	2.511539475695927e-4
0.0010092528860767003	2.5231322151917507e-4
0.0010139113857366572	2.534778464341643e-4
0.0010185913880541436	2.546478470135359e-4
0.0010232929922807527	2.5582324807018816e-4
0.001028016298126433	2.5700407453160823e-4
0.0010327614057614037	2.5819035144035093e-4
0.001037528415818001	2.5938210395450023e-4
0.0010423174293933135	2.605793573483284e-4
0.0010471285480508907	2.617821370127227e-4
0.0010519618738231984	2.629904684557996e-4
0.0010568175092136312	2.642043773034078e-4
0.0010616955571987052	2.654238892996763e-4
0.0010665961212302094	2.6664903030755235e-4
0.001071519305237592	2.67879826309398e-4
0.0010764652136298208	2.691163034074552e-4
0.001081433951297936	2.70358487824484e-4
0.0010864256236170489	2.716064059042622e-4
0.0010914403364487707	2.728600841121927e-4
0.0010964781961431969	2.741195490357992e-4
0.0011015393095413634	2.7538482738534084e-4
0.0011066237839776616	2.766559459944154e-4
0.0011117317272815869	2.779329318203967e-4
0.001116863247780514	2.792158119451285e-4
0.0011220184543019873	2.8050461357549683e-4
0.0011271974561754966	2.8179936404387415e-4
0.0011324003632355445	2.831000908088861e-4
0.0011376272858234227	2.8440682145585566e-4
0.0011428783347897514	2.8571958369743786e-4
0.0011481536214968807	2.870384053742202e-4
0.0011534532578210688	2.883633144552672e-4
0.0011587773561551329	2.896943390387832e-4
0.0011641260294105032	2.910315073526258e-4
0.001169499391019846	2.923748477549615e-4
0.001174897554939533	2.9372438873488324e-4
0.0011803206356517382	2.9508015891293454e-4
0.0011857687481671292	2.964421870417823e-4
0.0011912420080273656	2.978105020068414e-4
0.0011967405313072499	2.9918513282681247e-4
0.0012022644346173922	3.0056610865434805e-4
0.0012078138351067635	3.019534587766909e-4
0.0012133888504649581	3.0334721261623954e-4
0.0012189895989248578	3.0474739973121445e-4
0.001224616199265005	3.0615404981625127e-4
0.001230268770812365	3.0756719270309124e-4
0.001235947433444462	3.089868583611155e-4
0.0012416523075923919	3.1041307689809797e-4
0.0012473835142429307	3.118458785607327e-4
0.0012531411749414217	3.1328529373535544e-4
0.0012589254117941207	3.1473135294853016e-4
0.0012647363474711515	3.1618408686778787e-4
0.0012705741052085329	3.176435263021332e-4
0.001276438808811356	3.19109702202839e-4
0.0012823305826559772	3.205826456639943e-4
0.001288249551693113	3.2206238792327826e-4
0.0012941958414500188	3.235489603625047e-4
0.001300169578033264	3.25042394508316e-4
0.0013061708881317996	3.265427220329499e-4
0.0013121998990191924	3.280499747547981e-4
0.0013182567385564281	3.2956418463910703e-4
0.001324341535194673	3.3108538379866825e-4
0.0013304544179780775	3.326136044945194e-4
0.0013365955165464127	3.341488791366032e-4
0.0013427649611378462	3.3569124028446154e-4
0.0013489628825916478	3.3724072064791194e-4
0.0013551894123509933	3.3879735308774833e-4
0.0013614446824659204	3.403611706164801e-4
0.0013677288255958542	3.4193220639896355e-4
0.0013740419750125077	3.435104937531269e-4
0.0013803842646028658	3.4509606615071645e-4
0.0013867558288718634	3.4668895721796586e-4
0.0013931568029452446	3.4828920073631114e-4
0.0013995873225726013	3.4989683064315033e-4
0.0014060475241299136	3.515118810324784e-4
0.0014125375446227134	3.5313438615567835e-4
0.0014190575216890683	3.5476438042226707e-4
0.0014256075936021767	3.564018984005442e-4
0.0014321878992735182	3.5804697481837955e-4
0.0014387985782557955	3.5969964456394887e-4
0.0014454397707459182	3.6135994268647956e-4
0.0014521116175877508	3.630279043969377e-4
0.0014588142602753318	3.6470356506883295e-4
0.001465547840955872	3.66386960238968e-4
0.00147231250243271	3.680781256081775e-4
0.0014791083881682127	3.6977709704205317e-4
0.001485935642287009	3.7148391057175226e-4
0.0014927944095789736	3.731986023947434e-4
0.0014996848355023351	3.749212088755838e-4
0.001506607066186716	3.76651766546679e-4
0.001513561248436171	3.7839031210904275e-4
0.0015205475297324772	3.801368824331193e-4
0.0015275660582380335	3.8189151455950837e-4
0.001534616982799289	3.8365424569982223e-4
0.0015417004529495182	3.8542511323737955e-4
0.0015488166189124714	3.8720415472811784e-4
0.0015559656316050663	3.8899140790126657e-4
0.0015631476426409274	3.9078691066023186e-4
0.001570362804333536	3.92590701083384e-4
0.0015776112696992833	3.9440281742482083e-4
0.001584893192461051	3.9622329811526275e-4
0.0015922087270511254	3.9805218176278134e-4
0.0015995580286146116	3.998895071536529e-4
0.0016069412530128335	4.017353132532084e-4
0.0016143585568264701	4.0358963920661753e-4
0.001621810097358914	4.054525243397285e-4
0.001629296032639685	4.0732400815992123e-4
0.0016368165214277475	4.0920413035693687e-4
0.0016443717232148963	4.110929308037241e-4
0.0016519617982289625	4.129904495572406e-4
0.0016595869074375463	4.148967268593866e-4
0.0016672472125510707	4.1681180313776767e-4
0.001674942876026389	4.1873571900659726e-4
0.0016826740610704355	4.2066851526760887e-4
0.001690440931643264	4.22610232910816e-4
0.0016982436524616978	4.2456091311542446e-4
0.0017060823890031052	4.265205972507763e-4
0.001713957307508382	4.284893268770955e-4
0.0017218685749859908	4.304671437464977e-4
0.0017298163592150556	4.324540898037639e-4
0.0017378008287493446	4.3445020718733615e-4
0.0017458221529205037	4.364555382301259e-4
0.0017538805018417342	4.3847012546043354e-4
0.0017619760464115952	4.404940116028988e-4
0.0017701089583173901	4.4252723957934753e-4
0.0017782794100388993	4.4456985250972483e-4
0.0017864875748520165	4.466218937130041e-4
0.0017947336268325231	4.486834067081308e-4
0.0018030177408595444	4.507544352148861e-4
0.0018113400926195872	4.528350231548968e-4
0.0018197008586099683	4.549252146524921e-4
0.0018281002161427001	4.5702505403567503e-4
0.0018365383433483207	4.5913458583708017e-4
0.0018450154191794604	4.612538547948651e-4
0.0018535316234147836	4.633829058536959e-4
0.001862087136662846	4.655217841657115e-4
0.0018706821403657592	4.676705350914398e-4
0.001879316816803242	4.698292042008105e-4
0.0018879913490962713	4.7199783727406783e-4
0.001896705921211106	4.741764803027765e-4
0.0019054607179632282	4.7636517949080706e-4
0.0019142559250210356	4.785639812552589e-4
0.0019230917289101285	4.807729322275321e-4
0.001931968317016905	4.8299207925422624e-4
0.001940885877592724	4.85221469398181e-4
0.0019498445997580272	4.874611499395068e-4
0.001958844673505933	4.897111683764832e-4
0.00196788628970683	4.919715724267075e-4
0.0019769696401118336	4.942424100279584e-4
0.001986094917357323	4.965237293393307e-4
0.0019952623149687987	4.988155787421997e-4
0.0020044720273651034	5.011180068412759e-4
0.0020137242498623614	5.034310624655904e-4
0.002023019178678198	5.057547946695495e-4
0.002032357010936181	5.080892527340453e-4
0.0020417379446694833	5.104344861673708e-4
0.0020511621788255052	5.127905447063763e-4
0.00206062991326994	5.15157478317485e-4
0.002070141348790966	5.175353371977415e-4
0.0020796966871036437	5.199241717759109e-4
0.002089296130853985	5.223240327134962e-4
0.002098939883623502	5.247349709058755e-4
0.0021086281499331783	5.271570374832946e-4
0.0021183611352484366	5.295902838121092e-4
0.0021281390459826355	5.320347614956589e-4
0.002137962089502163	5.344905223755407e-4
0.0021478304741304882	5.369576185326221e-4
0.0021577444091526177	5.394361022881544e-4
0.0021677041048196455	5.419260262049114e-4
0.002177709772353112	5.44427443088278e-4
0.0021877616239495135	5.469404059873784e-4
0.0021978598727847576	5.494649681961894e-4
0.0022080047330188535	5.520011832547134e-4
0.0022181964198001447	5.545491049500362e-4
0.002228435149270236	5.57108787317559e-4
0.002238721138568281	5.596802846420702e-4
0.002249054605835729	5.622636514589323e-4
0.002259435770220919	5.648589425552297e-4
0.00226986485188381	5.674662129709525e-4
0.0022803420720003686	5.700855180000922e-4
0.002290867652767717	5.727169131919292e-4
0.0023014418174084617	5.753604543521154e-4
0.0023120647901755664	5.780161975438916e-4
0.0023227367963570417	5.806841990892604e-4
0.002333458062280913	5.833645155702283e-4
0.002344228815319885	5.860572038299712e-4
0.002355049283895974	5.887623209739935e-4
0.00236591969748573	5.914799243714325e-4
0.00237684028662484	5.9421007165621e-4
0.0023878112829130993	5.969528207282748e-4
0.0023988329190194058	5.997082297548514e-4
0.0024099054286865346	6.024763571716336e-4
0.002421029046736134	6.052572616840335e-4
0.0024322040090737768	6.080510022684442e-4
0.002443430552693915	6.108576381734787e-4
0.002454708915684986	6.136772289212465e-4
0.0024660393372342715	6.165098343085679e-4
0.0024774220576332107	6.193555144083027e-4
0.0024888573182823004	6.222143295705751e-4
0.0025003453616963683	6.250863404240921e-4
0.0025118864315095274	6.279716078773818e-4
0.0025234807724805186	6.308701931201297e-4
0.0025351286304978737	6.337821576244684e-4
0.0025468302525849806	6.367075631462452e-4
0.0025585858869056066	6.396464717264017e-4
0.0025703957827687973	6.425989456921993e-4
0.002582260190634525	6.455650476586312e-4
0.0025941793621187537	6.485448405296884e-4
0.002606153549998824	6.51538387499706e-4
0.0026181830082189217	6.545457520547304e-4
0.0026302679918953076	6.575669979738269e-4
0.0026424087573218846	6.606021893304712e-4
0.002654605561975512	6.63651390493878e-4
0.002666858664521418	6.667146661303545e-4
0.002679168324818973	6.697920812047432e-4
0.002691534803926865	6.728837009817162e-4
0.0027039583641087633	6.759895910271908e-4
0.0027164392688390077	6.791098172097519e-4
0.0027289777828079648	6.822444457019912e-4
0.0027415741719278297	6.853935429819574e-4
0.0027542287033381213	6.885571758345303e-4
0.0027669416454114693	6.917354113528673e-4
0.002779713267759193	6.949283169397982e-4
0.002792543841237269	6.981359603093172e-4
0.00280543363795166	7.01358409487915e-4
0.002818382931264393	7.045957328160983e-4
0.0028313919957993344	7.078479989498336e-4
0.0028444611074478487	7.111152768619622e-4
0.0028575905433749077	7.143976358437269e-4
0.0028707805820246263	7.176951455061566e-4
0.002884031503126508	7.21007875781627e-4
0.0028973435877012593	7.243358969253148e-4
0.002910717118066522	7.276792795166305e-4
0.00292415237784327	7.310380944608175e-4
0.0029376496519614576	7.344124129903644e-4
0.002951209226666293	7.378023066665733e-4
0.002964831389524261	7.412078473810653e-4
0.002978516429429104	7.44629107357276e-4
0.002992264636608108	7.48066159152027e-4
0.003006076302628155	7.515190756570388e-4
0.0030199517204018977	7.549879301004744e-4
0.0030338911841941846	7.584727960485461e-4
0.003047894989627889	7.619737474069722e-4
0.003061963433690598	7.654908584226496e-4
0.0030760968147406226	7.690242036851556e-4
0.003090295432513504	7.72573858128376e-4
0.003104559588128261	7.761398970320653e-4
0.0031188895840938563	7.797223960234643e-4
0.00313328572431551	7.833214310788777e-4
0.003147748314101237	7.869370785253094e-4
0.0031622776601682584	7.905694150420648e-4
0.0031768740706496906	7.942185176624229e-4
0.003191537855100665	7.978844637751665e-4
0.0032062693245053925	8.015673311263483e-4
0.003221068791283338	8.052671978208348e-4
0.003235936569296202	8.089841423240509e-4
0.003250872973854249	8.127182434635628e-4
0.0032658783217233006	8.164695804308257e-4
0.0032809529311310925	8.202382327827739e-4
0.0032960971217744633	8.240242804436166e-4
0.003311311214825821	8.278278037064562e-4
0.003326595532939944	8.31648883234987e-4
0.003341950400261043	8.35487600065262e-4
0.0033573761424294524	8.393440356073646e-4
0.003372873086588568	8.432182716471439e-4
0.003388441561391925	8.471103903479835e-4
0.003404081897009928	8.510204742524846e-4
0.0034197944251370127	8.549486062842562e-4
0.0034355794789986543	8.588948697496672e-4
0.0034514373933584724	8.628593483396226e-4
0.003467368504525184	8.668421261313012e-4
0.003483373150360042	8.708432875900166e-4
0.0034994516702834683	8.748629175708742e-4
0.0035156044052828544	8.789011013207222e-4
0.0035318316979194575	8.829579244798744e-4
0.003548133892335603	8.870334730839126e-4
0.0035645113342623325	8.911278335655972e-4
0.0035809643710262573	8.952410927565808e-4
0.0035974933515573043	8.993733378893455e-4
0.0036140986263960007	9.03524656599023e-4
0.0036307805477008848	9.07695136925248e-4
0.0036475394692559587	9.118848673140212e-4
0.003664375746478238	9.160939366195964e-4
0.003681289736425189	9.203224341063406e-4
0.003698281797802544	9.24570449450687e-4
0.003715352290971599	9.288380727429592e-4
0.003732501577957112	9.331253944893476e-4
0.0037497300224547253	9.374325056137628e-4
0.0037670379898389755	9.417594974598389e-4
0.0037844258471707998	9.461064617928109e-4
0.0038018939632054743	9.504734908014979e-4
0.0038194427084003446	9.548606771002371e-4
0.003837072454922666	9.592681137308422e-4
0.0038547835766575833	9.636958941646004e-4
0.003872576449216042	9.681441123042485e-4
0.0038904514499426696	9.726128624859441e-4
0.003908408957923909	9.771022394812988e-4
0.003926449353995859	9.81612338499338e-4
0.003944573020752656	9.861432551885971e-4
0.003962780342554262	9.906950856390674e-4
0.003981071705534828	9.952679263842885e-4
0.003999447497610817	9.998618744033777e-4
0.004017908108489232	0.0010044770271230873
0.004036453929675832	0.0010091134824198591
0.004055085354483651	0.001013771338621954
0.004073802778040939	0.001018450694511437
0.004092606597299875	0.0010231516493263563
0.004111497211044993	0.0010278743027628484
0.004130475019901353	0.0010326187549771829
0.004149540426343343	0.0010373851065879603
0.004168693834703058	0.0010421734586782102
0.004187935651178851	0.0010469839127975262
0.004207266283844074	0.001051816570964253
0.004226686142655645	0.0010566715356676271
0.004246195639462727	0.0010615489098699485
0.004265795188015453	0.0010664487970087593
0.004285485203973899	0.0010713713009990892
0.0043052661049165775	0.0010763165262355789
0.004325138310349433	0.001081284577594728
0.004345102241715013	0.0010862755604371887
0.004365158322400836	0.001091289580609859
0.004385306977748943	0.001096326744448268
0.004405548635064552	0.0011013871587787429
0.0044258837236251375	0.0011064709309206774
0.004446312674689826	0.0011115781686888817
0.004466835921508219	0.0011167089803957879
0.004487453899329696	0.0011218634748537766
0.004508167045412764	0.0011270417613775147
0.004528975799034149	0.0011322439497862295
0.004549880601498149	0.001137470150406046
0.0045708818961461145	0.0011427204740723587
0.0045919801283657025	0.0011479950321321465
0.004613175745600384	0.0011532939364463487
0.004634469197359034	0.0011586172993922638
0.0046558609352252145	0.001163965233865873
0.0046773514128670285	0.0011693378532843025
0.004698941086046515	0.0011747352715881748
0.004720630412629545	0.0011801576032440832
0.004742419852595228	0.001185604963246946
0.004764309868045949	0.0011910774671225158
0.004786300923217107	0.0011965752309298183
0.004808393484486778	0.0012020983712635676
0.004830588020385829	0.0012076470052566977
0.004852885001607729	0.0012132212505828193
0.004875284901018628	0.0012188212254587393
0.004897788193667235	0.001224447048646935
0.004920395356795032	0.0012300988394581115
0.0049431068698463365	0.0012357767177537196
0.00496592321447846	0.0012414808039484997
0.004988844874572004	0.00124721121901306
0.00501187233624098	0.001252968084476412
0.005035006087843241	0.0012587515224285824
0.005058246619990783	0.0012645616555231954
0.00508159442556011	0.0012703986069800698
0.005105049999702821	0.0012762625005878717
0.005128613839855953	0.0012821534607067092
0.00515228644575258	0.0012880716122707896
0.00517606831943257	0.0012940170807911179
0.005199959965252965	0.001299989992358102
0.005223961889898807	0.0013059904736442691
0.005248074602393932	0.0013120186519069766
0.005272298614111701	0.0013180746549911083
0.00529663443878578	0.0013241586113317818
0.005321082592521217	0.001330270649957136
0.0053456435938052105	0.001336410900491036
0.0053703179635181675	0.0013425794931558601
0.00539510622494474	0.001348776558775275
0.005420008903785009	0.0013550022287770567
0.005445026528165434	0.0013612566351958488
0.005470159628650259	0.0013675399106760418
0.005495408738252605	0.0013738521884745722
0.005520774392445929	0.0013801936024638187
0.0055462571291751694	0.0013865642871344222
0.00557185748886832	0.0013929643775982127
0.0055975760144478665	0.0013993940095911085
0.005623413251342191	0.001405853319476011
0.005649369747497246	0.0014123424442457652
0.005675446053388128	0.0014188615215261061
0.005701642722030775	0.0014254106895786333
0.005727960308993585	0.0014319900873037761
0.005754399372409319	0.0014385998542438304
0.005780960472986887	0.0014452401305859737
0.005807644174023199	0.0014519110571653
0.00583445104141514	0.001458612775467894
0.005861381643671476	0.0014653454276338928
0.005888436551925141	0.0014721091564606477
0.005915616339945015	0.0014789041054057708
0.00594292158414822	0.0014857304185903147
0.005970352863612541	0.0014925882408019953
0.0059979107600882375	0.0014994777174982656
0.00602559585801081	0.0015063989948096448
0.006053408744513156	0.0015133522195428998
0.0060813500094379636	0.0015203375391843001
0.006109420245350383	0.0015273551019029511
0.0061376200475504045	0.00153440505655407
0.0061659500140855	0.0015414875526823374
0.006194410745763351	0.0015486027405252874
0.0062230028461645465	0.0015557507710167037
0.006251726921655265	0.0015629317957900298
0.0062805835814001565	0.0015701459671818437
0.006309573437375315	0.0015773934382353777
0.006338697104380994	0.0015846743627039885
0.006367955200054912	0.0015919888950548004
0.006397348344885062	0.0015993371904722443
0.0064268771622229826	0.0016067194048617359
0.006456542278296742	0.001614135694853308
0.006486344322224363	0.0016215862178053785
0.006516283926027072	0.0016290711318085057
0.006546361724642472	0.0016365905956891506
0.006576578355938223	0.0016441447690136014
0.006606934460725175	0.001651733812091794
0.00663743068277127	0.0016593578859813592
0.006668067668814712	0.0016670171524915285
0.006698846068577874	0.0016747117741872607
0.006729766534780912	0.0016824419143933419
0.006760829723155476	0.0016902077371985507
0.006792036292458489	0.0016980094074598932
0.006823386904486098	0.0017058470908069266
0.006854882224087533	0.0017137209536461184
0.006886522919179017	0.001721631163165271
0.006918309660757974	0.0017295778873380836
0.006950243122916894	0.0017375612949286881
0.006982323982857586	0.0017455815554963522
0.007014552920905359	0.0017536388394002347
0.007046930620523334	0.001761733317804243
0.00707945776832658	0.0017698651626819307
0.00711213505409658	0.0017780345468215567
0.0071449631707956734	0.0017862416438312269
0.0071779428145814644	0.0017944866281441162
0.007211074684821364	0.0018027696750238238
0.00724435948410708	0.001811090960569813
0.007277797918269324	0.0018194506617230139
0.007311390696392528	0.0018278489562715385
0.007345138530829326	0.001836286022856457
0.00737904213721563	0.0018447620409778442
0.007413102234485228	0.0018532771910008356
0.007447319544884742	0.00186183165416191
0.007481694793988483	0.0018704256125752889
0.007516228710713474	0.0018790592492395283
0.007550922027334386	0.001887732748044244
0.00758577547949861	0.001896446293777035
0.007620789806241354	0.0019052000721305855
0.007655965750000743	0.0019139942697099482
0.007691304056632944	0.001922829074040023
0.007726805475427478	0.001931704673573275
0.007762470759122356	0.0019406212576976202
0.007798300663919372	0.0019495790167445637
0.007834295949499442	0.0019585781419975716
0.007870457379037937	0.0019676188257006814
0.00790678571922003	0.0019767012610673582
0.007943281740256061	0.0019858256422896118
0.007979946215897038	0.0019949921645474166
0.008016779923449943	0.002004201024018359
0.008053783643793333	0.0020134524178876518
0.008090958161392797	0.0020227465443584136
0.008128304264316363	0.0020320836026622513
0.008165822744250081	0.0020414637930702183
0.008203514396513525	0.002050887316904086
0.008241380020075337	0.0020603543765479932
0.008279420417568767	0.0020698651754604562
0.008317636395307068	0.002079419918186729
0.008356028763299342	0.002089018810371678
0.008394598335265721	0.0020986620587729074
0.008433345928653108	0.00210834987127445
0.008472272364650521	0.0021180824569008152
0.008511378468204808	0.00212786002583159
0.00855066506803595	0.0021376827894164178
0.00859013299665251	0.002147550960190521
0.008629783090367063	0.00215746475189073
0.008669616189311696	0.0021674243794720764
0.008709633137453182	0.002177430059124851
0.00874983478260842	0.002187482008292316
0.008790221976459608	0.0021975804456889395
0.00883079557456945	0.0022077255913192624
0.008871556436396477	0.0022179176664974304
0.008912505425309775	0.002228156893867241
0.008953643408604384	0.0022384434974230404
0.008994971257515985	0.0022487777025311487
0.00903648984723579	0.0022591597359520664
0.009078200056925473	0.002269589825863448
0.009120102769731561	0.0022800682018837147
0.009162198872800342	0.0022905950950965984
0.00920448925729199	0.002301170738076322
0.00924697481839519	0.0023117953649137604
0.009289656455341147	0.00232246921124332
0.009332535071417875	0.0023331925142708056
0.009375611573983894	0.0023439655128020655
0.009418886874482363	0.002354788447272717
0.009462361888454368	0.0023656615597786408
0.009506037535552736	0.0023765850941076393
0.009549914739555146	0.0023875592957719573
0.009593994428377176	0.0023985844120418716
0.009638277534085513	0.0024096606919804292
0.009682764992910431	0.0024207883864791435
0.009727457745258336	0.0024319677482948737
0.009772356735724269	0.0024431990320879014
0.009817462913103661	0.0024544824944610533
0.009862777230404296	0.0024658183940001388
0.009908300644857843	0.0024772069913155874
0.00995403411793118	0.002488648549085359
0.009999978615337385	0.0025001433320991427
0.01004613510704623	0.00251169160730383
0.010092504567294977	0.002523293643850497
0.010139087974598088	0.002534949713142589
0.010185886311757292	0.002546660088885695
0.010232900565870687	0.0025584250471386216
0.010280131728341982	0.002570244866366079
0.010327580794889227	0.0025821198274928476
0.01037524876555286	0.0025940502139594275
0.010423136644703776	0.0026060363117793683
0.010471245441050867	0.002618078409598199
0.010519576167647787	0.002630176798753912
0.010568129841899754	0.0026423317733392537
0.010616907485569552	0.002654543630265654
0.010665910124783365	0.0026668126693289744
0.010715138790035647	0.0026791391932769275
0.010764594516193896	0.002691523507878414
0.010814278342502814	0.0027039659219946963
0.010864191312587687	0.0027164667476523843
0.010914334474457457	0.0027290263001184195
0.010964708880507143	0.002741644897976979
0.011015315587519545	0.002754322863208341
0.011066155656666396	0.0027670605212697856
0.011117230153508975	0.0027798582011785665
0.011168540147997896	0.0027927162355969324
0.011220086714472194	0.002805634960919251
0.011271870931657962	0.002818614717361347
0.011323893882665956	0.0028316558490519487
0.01137615665498859	0.002844758704126373
0.011428660340496263	0.0028579236348224837
0.011481406035432712	0.0028711509975788787
0.011534394840409634	0.0028844411531354047
0.011587627860400476	0.002897794466636008
0.011641106204733423	0.0029112113077339723
0.011694830987083474	0.0029246920506995396
0.011748803325463478	0.0029382370745299332
0.011803024342214488	0.002951846763061897
0.011857495163994952	0.002965521505086666
0.011912216921769123	0.0029792616944675078
0.011967190750794346	0.0029930677302597674
0.012022417790607295	0.003006940016833486
0.012077899185009275	0.0030208789639986416
0.012133636082050425	0.0030348849871330128
0.012189629634012683	0.00304895850731265
0.012245880997391975	0.003063099951445125
0.012302391332878818	0.00307730975240536
0.012359161805338026	0.0030915883491742604
0.012416193583787274	0.0031059361869801108
0.012473487841374184	0.0031203537174426823
0.012531045755352313	0.0031348413987201717
0.012588868507055984	0.003149399695658997
0.012646957281873553	0.0031640290799463617
0.012705313269219476	0.0031787300302657134
0.012763937662505123	0.003193503032455114
0.012822831659108039	0.0032083485796684627
0.01288199646033987	0.0032232671725396633
0.01294143327141277	0.0032382593193497045
0.013001143301404644	0.0032533255361967693
0.013061127763222352	0.0032684663471691886
0.01312138787356397	0.003283682284521513
0.01318192485287914	0.0032989738888535127
0.013242739925328081	0.0033143417092922393
0.013303834318738578	0.0033297863036770275
0.013365209264561972	0.003345308238747695
0.01342686599782697	0.003360908090335666
0.01348880575709202	0.0033765864435582413
0.013551029784395902	0.0033923438930159185
0.013613539325206578	0.003408181042992815
0.013676335628368494	0.003424098507660247
0.013739419946047438	0.003440096911283261
0.013802793533674584	0.0034561768884305405
0.013866457649887809	0.0034723390841872245
0.013930413556471483	0.003488584154370959
0.013994662518294537	0.0035049127657511346
0.01405920580324628	0.0035213255962712087
0.01412404468217042	0.0035378233352742223
0.014189180428797216	0.003554406683731525
0.014254614319673273	0.0035710763544745837
0.014320347634089917	0.0035878330724301234
0.014386381654008809	0.0036046775748582918
0.014452717663986037	0.0036216106115941537
0.014519356951093812	0.00363863294529231
0.01458630080484026	0.003655745351674783
0.014653550517086722	0.0036729486197820305
0.014721107381963416	0.003690243552227312
0.014788972695782193	0.003707630965454089
0.01485714775694788	0.003725111689996875
0.014925633865866816	0.0037426865707451606
0.014994432324853216	0.0037603564672106116
0.015063544438033483	0.0037781222537975633
0.015132971511248039	0.0037959848200767293
0.015202714851950808	0.003813945071062158
0.015272775769106628	0.0038320039274915246
0.015343155573085868	0.003850162326109586
0.015413855575557106	0.003868421219955028
0.01548487708937707	0.003886781578650519
0.015556221428478442	0.0039052443886961265
0.015627889907755085	0.00392381065376601
0.01569988384294478	0.003942481395008419
0.015772204550509664	0.003961257651349066
0.015844853347514135	0.003980140479797826
0.015917831551500172	0.003999130955758764
0.015991140480360252	0.004018230173343567
0.0160647814522078	0.004037439245688371
0.016138755785245013	0.004056759305273962
0.016213064797628157	0.004076191504249408
0.016287709807330505	0.0040957370147591725
0.016362692132002393	0.004115397029273615
0.016438013088828973	0.004135172760923031
0.01651367399438544	0.004155065443835229
0.01658967616448931	0.004175076333476526
0.016666020914050672	0.004195206706996464
0.016742709556919408	0.004215457863575991
0.016819743405729906	0.0042358311247793
0.016897123771743405	0.004256327834909369
0.01697485196468755	0.004276949361367143
0.01705292929259325	0.004297697095014425
0.017131357061629326	0.004318572450540629
0.017210136575934107	0.004339576866833225
0.017289269137444788	0.00436071180735214
0.017368756045723965	0.0043819787605079725
0.01744859859778372	0.004403379240044227
0.01752879808790707	0.004424914785423515
0.017609355807466767	0.004446586962217794
0.01769027304474184	0.004468397362502813
0.01777155108473097	0.004490347605256556
0.017853191208964017	0.004512439336762132
0.017935194695310533	0.004534674231014815
0.0180175628177858	0.004557053990133497
0.01810029684635457	0.00457958034477663
0.018183398046732094	0.004602255054562633
0.01826686768018264	0.004625079908494908
0.01835070700331566	0.0046480567253915535
0.018434917267879533	0.004671187354319863
0.018519499720552626	0.004694473675035619
0.018604455602732134	0.004717917598427387
0.01868978615032041	0.004741521066965829
0.018775492593509066	0.004765286055158201
0.018861576156560464	0.004789214570008043
0.018948038057587033	0.004813308651480263
0.01903487950832833	0.004837570372971709
0.01912210171392552	0.004862001841787264
0.019209705872693994	0.004886605199621726
0.01929769317589336	0.004911382623047442
0.019386064807495496	0.004936336324007967
0.019474821943950338	0.004961468550317774
0.01956396575394942	0.004986781586168198
0.019653497398187475	0.005012277752639768
0.01974341802912187	0.005037959408221057
0.019833728790729838	0.005063828949334146
0.019924430818264047	0.005089888810867008
0.020015525238005802	0.005116141466712774
0.020107013167016602	0.005142589430316226
0.020198895712887577	0.005169235255227543
0.020291173973487273	0.005196081535663611
0.020383849036707452	0.005223130907076938
0.020476921980207105	0.005250386046732453
0.020570393871154807	0.005277849674292349
0.020664265765969483	0.005305524552409202
0.020758538710059116	0.005333413487327433
0.020853213737558426	0.005361519329493559
0.020948291871064402	0.005389844974175138
0.021043774121370887	0.005418393362088958
0.02113966148720111	0.005447167480038351
0.02123595495493942	0.005476170361560184
0.02133265549836119	0.005505405087581504
0.021429764078361495	0.005534874787086175
0.021527281642682798	0.005564582637791843
0.02162520912564115	0.0055945318668373
0.021723547447851273	0.0056247257514806135
0.021822297515950648	0.005655167619808282
0.02192146022232258	0.005685860851455675
0.022021036444818128	0.005716808878338971
0.022121027046477157	0.005748015185398958
0.022221432875248734	0.005779483311356994
0.022322254763710234	0.005811216849483247
0.0224234935287864	0.0058432194483778455
0.022525149971467	0.005875494812764844
0.022627224876524146	0.0059080467042996136
0.02272971901222942	0.005940878942389952
0.022832633130069786	0.005973995405031015
0.02293596796446354	0.006007400029654672
0.023039724232475828	0.0060410968139934995
0.02314390263353367	0.006075089816959717
0.023248503849141018	0.006109383159539589
0.023353528542593302	0.006143981025703415
0.023458977358692075	0.006178887663331701
0.023564850923459703	0.006214107385157814
0.023671149843853656	0.006249644569727367
0.023777874707481474	0.006285503662375046
0.023885026082315332	0.006321689176218897
0.023992604516407202	0.006358205693172817
0.024100610537604192	0.006395057864977463
0.024209044653264088	0.0064322504142500575
0.024317907349971635	0.006469788135553594
0.024427199093255053	0.006507675896485789
0.024536920327303292	0.006545918638788302
0.02464707147468384	0.00658452137947666
0.024757652936061164	0.006623489211991322
0.02486866508991626	0.0066628273073705176
0.024980108292266656	0.006702540915445116
0.025091982876387538	0.006742635366056213
0.0252042891525339	0.006783116070295892
0.025317027407663728	0.006823988521771683
0.02543019790516237	0.006865258297895238
0.025543800884567897	0.006906931061195741
0.02565783656129802	0.006949012560658701
0.02577230512637836	0.006991508633090642
0.025887206746171842	0.007034425204510186
0.02600254156211001	0.007077768291566311
0.02611830969042555	0.007121544002984168
0.026234511221886678	0.007165758541039238
0.02635114622153316	0.007210418203060376
0.02646821472841413	0.007255529382962402
0.026585716755327844	0.007301098572808913
0.026703652288563112	0.007347132364405882
0.02682202128764314	0.0073936374509269345
0.026940823685071016	0.007440620628570733
0.027060059386077695	0.007488088798251424
0.027179728268371943	0.007536048967322686
0.02729983018189263	0.007584508251336206
0.0274203649485635	0.0076334738758353764
0.027541332362050183	0.007682953178184872
0.027662732187519787	0.007732953609437001
0.027784564161403104	0.00778348273623559
0.027906827991159233	0.00783454824275818
0.02802952335504314	0.00788615793269748
0.02815264990187588	0.007938319731282867
0.028276207250817496	0.007991041687342755
0.028400194991143178	0.008044331975408917
0.02852461268202186	0.00809819889786339
0.02864945985229842	0.008152650887129227
0.02877473600027842	0.008207696507905725
0.028900440593516402	0.008263344459449403
0.029026573068607217	0.00831960357790151
0.02915313283098052	0.008376482838663147
0.029280119254698943	0.008433991358819165
0.02940753168225929	0.008492138399611694
0.029535369424397384	0.008550933368964557
0.02966363175989644	0.008610385824059655
0.029792317935398868	0.008670505473966377
0.029921427165221948	0.00873130218232534
0.030050958631176926	0.008792785970087522
0.030180911482392006	0.008854967018310084
0.030311284835139223	0.008917855671010166
0.030442077772664868	0.008981462438077755
0.0305732893450242	0.009045797998249196
0.030704918568919812	0.009110873202142463
0.030836964427544272	0.009176699075355678
0.030969425870426504	0.009243286821630212
0.031102301813282628	0.00931064782607986
0.031235591137870722	0.009378793658487521
0.03136929269184994	0.0094477360766709
0.0315034052886437	0.009517487029918718
0.031637927707307535	0.009588058662499175
0.03177285869240079	0.009659463317241955
0.03190819695386315	0.009731713539195795
0.03204394116689539	0.00980482207936306
0.03218008997184472	0.009878801898513133
0.032316641974094465	0.009953666171076382
0.032453595743958466	0.010029428289120504
0.03259094981658016	0.010106101866411204
0.03272870269183591	0.0101837007425589
0.032866852834243544	0.010262238987253657
0.03300539867287522	0.0103417309045902
0.03314433860127507	0.010422191037484973
0.033283670977381816	0.010503634172187627
0.03342339412345606	0.010586075342888766
0.03356350632601236	0.010669529836426342
0.03370400583575634	0.01075401319709293
0.033844890867526546	0.010839541231546124
0.03398615960024133	0.010926130013824517
0.03412781017685065	0.011013795890471616
0.034269840704292856	0.011102555485770249
0.03441224925345645	0.011192425707089955
0.034555033859146995	0.011283423750350022
0.034698192520058846	0.011375567105600802
0.03484172319875221	0.011468873562726148
0.03498562382163513	0.011563361217269662
0.03512989227895064	0.011659048476387785
0.03527452642476905	0.011755954064932546
0.0354195240769853	0.011854097031667163
0.03556488301732162	0.011953496755617493
0.0357106009913352	0.012054172952562576
0.03585667570843122	0.012156145681667627
0.03600310484188088	0.012259435352262628
0.03614988602884483	0.012364062730770266
0.03629701687040161	0.012470048947786447
0.036444494931581625	0.012577415505317335
0.036592317741406005	0.012686184284176368
0.03674048279293093	0.012796377551545193
0.03688898754329708	0.012908017968702473
0.037037829413784515	0.013021128598924583
0.03718700578987254	0.013135732915562193
0.03733651402130507	0.01325185481029724
0.03748635142216106	0.013369518601584281
0.037636515270930315	0.013488749043281106
0.0377870028105945	0.013609571333472792
0.03793781124871336	0.01373201112349422
0.03808893775751631	0.013856094527155761
0.038240379473999095	0.01398184813017692
0.03839213350002581	0.014109298999833387
0.038544196902436045	0.014238474694822405
0.038696566713157396	0.01436940327535197
0.03884923992932303	0.014502113313459367
0.039002213513394494	0.014636633903564561
0.03915548439328974	0.014772994673264492
0.039309049462516295	0.01491122579437401
0.03946290558030962	0.015051357994219694
0.03961704957177659	0.01519342256719288
0.039771478228044096	0.015337451386568163
0.03992618830641274	0.015483476916594248
0.040081176530515704	0.015631532224863864
0.04023643959048261	0.015781650994969698
0.04039197414310856	0.015933867539453646
0.04054777681202798	0.016088216813056635
0.04070384418789375	0.016244734426276757
0.040860172828561164	0.01640345665924346
0.04101675925927686	0.016564420475915703
0.04117359997287285	0.01672766353861264
0.04133069142996525	0.016893224222884768
0.04148803005915809	0.017061141632734828
0.0416456122572518	0.017231455616196895
0.041803434389456856	0.017404206781283307
0.0419614927896119	0.01757943651230849
0.04211978376040681	0.017757186986599546
0.0422783035736105	0.017937501191603682
0.042437048470303496	0.01812042294240262
0.042596014661115046	0.01830599689964449
0.0427551983264652	0.018494268587904417
0.04291459561681109	0.018685284414484235
0.04307420265289815	0.01887909168866365
0.04323401552601579	0.019075738641414024
0.043394030298257516	0.019275274445587215
0.043554243002785716	0.019477749236591894
0.04371464964410066	0.01968321413356995
0.043875246198314115	0.019891721261086626
0.04403602861342723	0.020103323771347482
0.04419699280961286	0.020318075866956605
0.044358134679502136	0.020536032824230024
0.044519450088475146	0.020757251017079287
0.04468093487495612	0.02098178794148047
0.04484258485071263	0.021209702240544293
0.04500439580115891	0.021441053730203122
0.04516636348566337	0.021675903425531936
0.04532848363786009	0.02191431356771969
0.045490751965964284	0.022156347651709284
0.045653164153091945	0.022402070454523706
0.04581571585758308	0.022651548064297065
0.04597840271332922	0.02290484791002984
0.04614122033010438	0.023162038792087676
0.04630416429390008	0.023423190913464457
0.046467230167264	0.02368837591183
0.04663041348964235	0.023957666892384433
0.04679370977772597	0.02423113846154098
0.04695711452579985	0.024508866761459868
0.04712062320609635	0.0247909295054574
0.047284231269152016	0.025077406014313672
0.04744793414416762	0.02536837725350422
0.04761172723937185	0.025663925871381197
0.0477756059423882	0.025964136238330302
0.047939565620605286	0.02626909448693082
0.04810360162155038	0.026578888553146805
0.04826770927326617	0.026893608218578103
0.04843188388469077	0.027213345153801267
0.04859612074604067	0.02753819296283043
0.04876041512919703	0.027868247228730512
0.0489247622880947	0.028203605560414447
0.04908915745911438	0.028544367640658708
0.04925359586147785	0.02889063527537123
0.049418072697645664	0.02924251244414731
0.04958258315371804	0.02960010535215043
0.04974712239983837	0.02996352248335597
0.04991168559059942	0.030332874655196167
0.05007626786545239	0.03070827507464747
0.05024086434911821	0.03108983939580066
0.050405470152001836	0.03147768577895756
0.050570080370608804	0.03187193495129764
0.050734690087964295	0.0322727102691604
0.05089929437403468	0.032680137781990144
0.051063888286151334	0.03309434629799153
0.051228466869436766	0.03351546745154594
0.05139302515723311	0.033943635772440015
0.05155755817153279	0.034378988756959106
0.05172206092341123	0.034821666940901136
0.05188652841346181	0.035271813974566114
0.052050955632232714	0.035729576699780774
0.052215337560666014	0.03619510522901794
0.052379669170538476	0.036668553026672296
0.05254394542490447	0.03715007699255745
0.05270816127854043	0.03763983754768903
0.052872311678391515	0.038137998722423516
0.053036391564019666	0.03864472824702203
0.053200395868053495	0.03916019764471205
0.053364319516639926	0.03968458232732256
0.05352815742989721	0.04021806169356887
0.05369190452236964	0.040760819230068204
0.0538555557034837	0.04131304261516818
0.05401910587800567	0.04187492382567276
0.05418254994650068	0.042446659246555114
0.05434588280579292	0.04302844978374633
0.0545090993494274	0.04362050098009569
0.05467219446813272	0.04422302313459822
0.05483516305028517	0.044836231424990186
0.054997999982374014	0.04546034603381619
0.05516070014946762	0.04609559227807347
0.05532325843568092	0.04674220074254573
0.05548566972464375	0.04740040741693927
0.05564792889997	0.0480704538369394
0.05581003084572797	0.0487525872293097
0.05597197044691129	0.049447060661158906
0.0561337425899107	0.05015413319350673
0.05629534216298671	0.0508740700392821
0.05645676405674284	0.05160714272589401
0.05661800316459958	0.052353629262517395
0.05677905438326884	0.053113814312243074
0.05693991261322915	0.053887989369246596
0.05710057275920117	0.05467645294113267
0.05726102973062383	0.055479510736621634
0.05742127844213084	0.056297475858746365
0.057581313814027424	0.05713066900373546
0.05774113077276763	0.05797941866576601
0.05790072425143171	0.05884406134777141
0.05806008919020381	0.0597249417785009
0.05821922053684994	0.06062241313603128
0.058378113247195794	0.0615368372779381
0.05853676228560501	0.06246858497834301
0.058695162625457216	0.06341803617205964
0.0588533092496262	0.06438558020606865
0.05901119715095805	0.06537161609856064
0.05916882133274907	0.06637655280579395
0.059326176809223675	0.06740080949702328
0.059483258606012085	0.06844481583776406
0.05964006176062773	0.06950901228166619
0.05979658132294452	0.07059385037128173
0.05995281235567358	0.07169979304801898
0.060108749934839806	0.07282731497158912
0.06026438915025793	0.07397690284925933
0.060419725106008154	0.07514905577523844
0.06057475292091127	0.07634428558053552
0.060729467729003284	0.07756311719363758
0.06088386468000928	0.07880608901237288
0.061037938939816946	0.08007375328733454
0.0611916856909491	0.08136667651725267
0.061345100133035825	0.08268543985672008
0.06149817748328546	0.08403063953668909
0.0616509129769551	0.08540288729817234
0.06180330186782004	0.08680281083959833
0.06195533942864247	0.08823105427828469
0.06210702095163907	0.08968827862651599
0.06225834174894772	0.09117516228272031
0.06240929715309305	0.09269240153826927
0.0625598825174511	0.09424071110043679
0.06271009321671263	0.09582082463207349
0.06285992464734551	0.09743349530857827
0.06300937222805554	0.09907949639276217
0.06315843140024638	0.10075962182823259
0.0633070976284779	0.10247468685193885
0.06345536640092327	0.10422552862655116
0.0636032332298247	0.1060130068933676
0.0637506936519476	0.10783800464646791
0.06389774322903334	0.10970142882886638
0.06404437754825043	0.111604211051436
0.06419059222264409	0.11354730833541178
0.06433638289158429	0.11553170387931114
0.06448174522121186	0.1175584078511345
0.06462667490488319	0.11962845820675358
0.06477116766361282	0.12174292153541974
0.0649152192465145	0.12390289393336333
0.06505882543124009	0.12610950190649775
0.06520198202441674	0.12836390330326825
0.06534468486208202	0.13066728827874274
0.06548692981011689	0.13302088029106826
0.06562871276467686	0.13542593713147216
0.06577002965262081	0.1378837519890245
0.06591087643193765	0.14039565455143108
0.06605124909217075	0.142963012143175
0.06619114365484027	0.1455872309023745
0.06633055617386276	0.14826975699777836
0.06646948273596887	0.15101207788738352
0.06660791946111805	0.15381572362020088
0.06674586250291133	0.1566822681827798
0.06688330804900101	0.1596133308921432
0.0670202523214982	0.16261057783686533
0.06715669157737737	0.165675723368087
0.06729262210887833	0.16881053164233473
0.06742804024390542	0.17201681821809112
0.06756294234642377	0.17529645170813132
0.06769732481685292	0.17865135548973293
0.06783118409245718	0.1820835094749477
0.06796451664773315	0.1855949519431984
0.06809731899479417	0.18918778143858872
0.06822958768375166	0.19286415873437435
0.06836131930309317	0.19662630886716645
0.06849251048005733	0.20047652324353882
0.06862315788100536	0.20441716182181066
0.06875325821178926	0.20845065537190954
0.06888280821811665	0.21257950781631635
0.06901180468591198	0.21680629865523443
0.06914024444167427	0.22113368547925252
0.06926812435283122	0.225564406572893
0.06939544132808957	0.23010128361260315
0.0695221923177818	0.23474722446287133
0.06964837431420895	0.23950522607431862
0.06977398435197962	0.24437837748777333
0.06989901950834489	0.24936986294850116
0.07002347690352939	0.25448296513494867
0.07014735370105818	0.2597210685065267
0.07027064710807947	0.2650876627751743
0.07039335437568321	0.27058634650562224
0.07051547279921529	0.2762208308494937
0.07063699971858738	0.2819949434186116
0.07075793251858246	0.2879126323030843
0.0708782686291557	0.29397797024001293
0.07099800552573084	0.30019515893888093
0.07111714072949189	0.3065685335699846
0.07123567180767022	0.31310256742249576
0.07135359637382667	0.31980187673908417
0.07147091208812897	0.32667122573427676
0.07158761665762411	0.3337155318040804
0.07170370783650583	0.34093987093471034
0.07181918342637683	0.34834948331860655
0.071934041276506	0.35594977918628606
0.07204827928408042	0.3637463448629586
0.07216189539445186	0.37174494905920885
0.07227488760137811	0.3799515494054896
0.07238725394725876	0.38837229924057765
0.07249899252336545	0.3970135546646017
0.07261010147006654	0.40588188186773905
0.07272057897704609	0.41498406474615185
0.07283042328351706	0.42432711281727553
0.0729396326784287	0.43391826944709483
0.07304820550066804	0.4437650204026269
0.07315614013925534	0.45387510274343695
0.07326343503353358	0.4642565140665923
0.07337008867335176	0.4749175221202062
0.07347609959924191	0.48586667480128853
0.07358146640259002	0.4971128105544687
0.07368618772580038	0.5086650691888102
0.07379026226245364	0.5205329031307923
0.07389368875745835	0.5327260891323419
0.07399646600719581	0.54525474045366
0.0740985928596584	0.5581293195415313
0.07420006821458115	0.5713606512247505
0.07430089102356638	0.5849599364492785
0.07440106029020166	0.5989387665768651
0.07450057507017072	0.613309138271908
0.07459943447135733	0.6280834690025401
0.0746976376539422	0.6432746131831149
0.07479518383049259	0.6588958789866071
0.07489207226604477	0.6749610458566887
0.07498830227817924	0.6914843827507607
0.07508387323708843	0.7084806671466709
0.07517878456563722	0.725965204847352
0.07527303573941571	0.7439538506193495
0.07536662628678466	0.7624630297028726
0.07545955578891309	0.7815097602327972
0.07555182387980847	0.8011116766120352
0.07564343024633895	0.821287053880567
0.07573437462824786	0.8420548331256297
0.07582465681816042	0.8634346479807575
0.0759142766615824	0.8854468522635864
0.07600323405689101	0.9081125488049685
0.0760915289553175	0.9314536195243105
0.07617916136092195	0.9554927568089144
0.0762661313305598	0.9802534962578273
0.07635243897384016	1.0057602508538057
0.07643808445307597	1.0320383466300476
0.07652306798322596	1.0591140599017246
0.07660738983182806	1.0870146561358143
0.07669105031892476	1.1157684305364264
0.07677404981697977	1.145404750426642
0.07685638875078649	1.1759540995120061
0.0769380675973678	1.2074481241150734
0.07701908688586759	1.2399196814749125
0.0770994471974334	1.273402890210304
0.07717914916509086	1.3079331830502625
0.07725819347360922	1.3435473619409166
0.07733658085935852	1.3802836556433253
0.07741431211015781	1.418181779942549
0.07749138806511499	1.4572830005946942
0.07756780961445779	1.497630199145027
0.07764357769935601	1.5392679417571535
0.07771869331173518	1.5822425512005809
0.07779315749408136	1.6266021821515408
0.07786697133923724	1.672396899970134
0.0779401359901895	1.719678763125194
0.0780126526398473	1.7685019094476115
0.07808452253081227	1.8189226464018118
0.07815574695513942	1.8709995455756538
0.07822632725408951	1.9247935415992317
0.07829626481787261	1.9803680357143096
0.0783655610853829	2.037789004227938
0.07843421754392475	2.0971251120963164
0.07850223572893018	2.1584478318978717
0.07856961722366747	2.221831568468838
0.07863636365894117	2.287353789488749
0.0787024767127835	2.3550951623193916
0.07876795811013712	2.4251396974165895
0.0788328096225292	2.497574898651917
0.07889703306773707	2.5724919208997443
