8.141371054588527e-4	7.949118488867642e-7
8.179580950633919e-4	7.986412124401121e-7
8.21797327578053e-4	8.023883611606359e-7
8.256548931418026e-4	8.06153382628117e-7
8.295308823694747e-4	8.099363648803011e-7
8.33425386354604e-4	8.137373964155445e-7
8.373384966722509e-4	8.175565661954979e-7
8.412703053818815e-4	8.213939636477869e-7
8.452209050302479e-4	8.252496786687217e-7
8.491903886543022e-4	8.291238016260375e-7
8.531788497841133e-4	8.330164233616203e-7
8.571863824458276e-4	8.369276351942862e-7
8.612130811646326e-4	8.408575289225476e-7
8.652590409677356e-4	8.448061968274397e-7
8.693243573874076e-4	8.487737316753135e-7
8.734091264639891e-4	8.527602267206988e-7
8.775134447489568e-4	8.567657757091444e-7
8.816374093080034e-4	8.607904728801229e-7
8.85781117724135e-4	8.648344129698947e-7
8.899446681008043e-4	8.688976912144661e-7
8.941281590650328e-4	8.729804033524967e-7
8.983316897706172e-4	8.770826456282615e-7
9.025553599012837e-4	8.812045147946594e-7
9.067992696739255e-4	8.853461081161774e-7
9.11063519841842e-4	8.895075233719373e-7
9.153482116979923e-4	8.936888588587228e-7
9.196534470782933e-4	8.9789021339404e-7
9.239793283649163e-4	9.021116863192217e-7
9.283259584896339e-4	9.063533775025085e-7
9.326934409371849e-4	9.106153873422011e-7
9.370818797486431e-4	9.148978167697785e-7
9.414913795248519e-4	9.192007672531032e-7
9.45922045429829e-4	9.235243407995862e-7
9.503739831942637e-4	9.278686399594197e-7
9.5484729911898e-4	9.322337678288115e-7
9.593421000784473e-4	9.36619828053244e-7
9.63858493524345e-4	9.410269248307486e-7
9.683965874891188e-4	9.454551629152429e-7
9.72956490589545e-4	9.499046476198159e-7
9.775383120303996e-4	9.543754848201398e-7
9.821421616080877e-4	9.588677809577849e-7
9.86768149714295e-4	9.633816430436681e-7
9.914163873397254e-4	9.6791717866146e-7
9.960869860778277e-4	9.724744959710376e-7
0.0010007800581285386	9.770537037119547e-7
0.0010054957163020796	9.81654911206959e-7
0.001010234074022781	9.862782283654824e-7
0.0010149952453329335	9.909237656872394e-7
0.001019779344896643	9.9559163426575e-7
0.0010245864880037766	1.0002819457919818e-6
0.0010294167905738599	1.0049948125579617e-6
0.0010342703691600624	1.0097303474604114e-6
0.0010391473409532045	1.0144886640044623e-6
0.0010440478237857714	1.0192698763073367e-6
0.0010489719361359842	1.0240740991020815e-6
0.0010539197971318904	1.0289014477413386e-6
0.001058891526555481	1.0337520382011121e-6
0.0010638872448468645	1.0386259870846262e-6
0.001068907073108446	1.04352341162611e-6
0.00107395113310914	1.0484444296947065e-6
0.0010790195472886448	1.0533891597983566e-6
0.0010841124387617415	1.0583577210877392e-6
0.0010892299313225659	1.0633502333602034e-6
0.001094372149449032	1.06836681706378e-6
0.0010995392183071897	1.073407593301176e-6
0.0011047312637556476	1.078472683833828e-6
0.0011099484123500531	1.0835622110859742e-6
0.0011151907913475856	1.088676298148749e-6
0.001120458528711503	1.0938150687843367e-6
0.0011257517531156778	1.0989786474301103e-6
0.0011310705939492495	1.1041671592028527e-6
0.0011364151813212332	1.1093807299029574e-6
0.0011417856460652456	1.114619486018718e-6
0.0011471821197441845	1.1198835547305809e-6
0.0011526047346549974	1.125173063915499e-6
0.00115805362383352	1.1304881421512653e-6
0.0011635289210592448	1.135828918720916e-6
0.001169030760860271	1.1411955236171166e-6
0.0011745592785181703	1.146588087546673e-6
0.001180114610072973	1.1520067419349627e-6
0.0011856968923281577	1.1574516189304864e-6
0.0011913062628556709	1.1629228514093976e-6
0.0011969428600010683	1.1684205729801279e-6
0.0012026068228885725	1.1739449179879588e-6
0.0012082982914262917	1.179496021519747e-6
0.0012140174063113988	1.1850740194085502e-6
0.0012197643090353888	1.1906790482384026e-6
0.0012255391418893992	1.1963112453490654e-6
0.0012313420479695347	1.2019707488408287e-6
0.0012371731711822596	1.2076576975793486e-6
0.0012430326562498316	1.2133722312005406e-6
0.0012489206487157646	1.219114490115467e-6
0.0012548372949504074	1.224884615515301e-6
0.0012607827421564563	1.2306827493763318e-6
0.0012667571383745983	1.2365090344649591e-6
0.0012727606324892098	1.2423636143427833e-6
0.001278793374234023	1.248246633371716e-6
0.0012848555141979287	1.2541582367191197e-6
0.0012909472038307764	1.2600985703629692e-6
0.0012970685954492688	1.2660677810971313e-6
0.001303219842242845	1.27206601653658e-6
0.0013094010982796658	1.2780934251227337e-6
0.0013156125185126391	1.2841501561287983e-6
0.001321854258785483	1.2902363596651612e-6
0.0013281264758388746	1.296352186684813e-6
0.0013344293273166057	1.3024977889888543e-6
0.0013407629717718467	1.3086733192319775e-6
0.0013471275686733955	1.3148789309280602e-6
0.0013535232784120845	1.321114778455762e-6
0.0013599502623071163	1.327381017064177e-6
0.0013664086826125897	1.3336778028785358e-6
0.0013728987025239748	1.3400052929059485e-6
0.001379420486184713	1.346363645041185e-6
0.0013859741986928052	1.3527530180725094e-6
0.00139256000610758	1.3591735716875733e-6
0.001399178075456407	1.365625466479361e-6
0.0014058285747415196	1.3721088639520939e-6
0.0014125116729468764	1.378623926527347e-6
0.0014192275400451628	1.3851708175500634e-6
0.0014259763470046937	1.3917497012947106e-6
0.0014327582657966097	1.3983607429714042e-6
0.0014395734694018884	1.4050041087321793e-6
0.0014464221318186566	1.4116799656772437e-6
0.0014533044280693541	1.418388481861288e-6
0.0014602205342081503	1.425129826299902e-6
0.0014671706273283037	1.4319041689759519e-6
0.001474154885569615	1.4387116808460763e-6
0.0014811734881260443	1.445552533847247e-6
0.0014882266152532373	1.452426900903311e-6
0.0014953144482762557	1.4593349559316712e-6
0.0015024371695973333	1.466276873849956e-6
0.0015095949627036704	1.4732528305827844e-6
0.001516788012175383	1.480263003068555e-6
0.0015240165036934704	1.4873075692663332e-6
0.0015312806240478333	1.4943867081627596e-6
0.0015385805611454599	1.5015005997790311e-6
0.0015459165040186118	1.508649425177931e-6
0.0015532886428330827	1.5158333664709157e-6
0.001560697168896649	1.523052606825307e-6
0.001568142274667436	1.530307330471467e-6
0.0015756241537625067	1.5375977227100956e-6
0.0015831430009664508	1.5449239699195494e-6
0.0015906990122401031	1.5522862595632637e-6
0.0015982923847293177	1.5596847801971983e-6
0.001605923316773864	1.5671197214773698e-6
0.001613592007916354	1.5745912741674354e-6
0.0016212986589113146	1.5820996301463376e-6
0.0016290434717343442	1.5896449824160517e-6
0.0016368266495913168	1.5972275251093409e-6
0.0016446483969277017	1.6048474534976235e-6
0.0016525089194380325	1.6125049639988942e-6
0.0016604084240753546	1.62020025418569e-6
0.0016683471190608824	1.6279335227931745e-6
0.0016763252138937037	1.6357049697272466e-6
0.0016843429193605624	1.6435147960727444e-6
0.0016924004475458146	1.6513632041017104e-6
0.0017004980118413488	1.6592503972817224e-6
0.0017086358269568075	1.6671765802843238e-6
0.001716814108929729	1.6751419589934778e-6
0.001725033075135911	1.6831467405141896e-6
0.0017332929442998304	1.6911911331810443e-6
0.0017415939365051749	1.6992753465670177e-6
0.00174993627320551	1.7073995914921753e-6
0.0017583201772350312	1.715564080032641e-6
0.0017667458728194611	1.723769025529429e-6
0.001775213585587027	1.7320146425975308e-6
0.0017837235425795831	1.7403011471350432e-6
0.0017922759722638299	1.7486287563322474e-6
0.0018008711045426945	1.7569976886810024e-6
0.0018095091707667408	1.7654081639840138e-6
0.0018181904037458646	1.7738604033642882e-6
0.0018269150377609466	1.7823546292746658e-6
0.0018356833085756996	1.7908910655073795e-6
0.0018444954534487194	1.7994699372038264e-6
0.0018533517111455683	1.8080914708642422e-6
0.00186225232195096	1.81675589435765e-6
0.001871197527681276	1.8254634369318062e-6
0.0018801875716969675	1.8342143292231863e-6
0.0018892226989152992	1.8430088032672078e-6
0.0018983031558231324	1.851847092508413e-6
0.0019074291904898812	1.8607294318107888e-6
0.0019166010525805848	1.8696560574682307e-6
0.0019258189933692084	1.8786272072150126e-6
0.001935083265752005	1.8876431202364417e-6
0.0019443941242611165	1.8967040371795357e-6
0.0019537518250782454	1.9058102001638657e-6
0.001963156626048502	1.9149618527924273e-6
0.0019726087866945327	1.9241592401627227e-6
0.0019821085682306693	1.933402608877829e-6
0.0019916562335772327	1.942692207057595e-6
0.0020012520473752485	1.9520282843500595e-6
0.0020108962760009034	1.9614110919427965e-6
0.0020205891875806807	1.970840882574495e-6
0.0020303310520063183	1.9803179105466313e-6
0.002040122140949978	1.9898424317351664e-6
0.002049962727879869	1.9994147036025224e-6
0.002059853088075694	2.009034985209461e-6
0.0020697934986445695	2.018703537227271e-6
0.0020797842385369904	2.028420621949932e-6
0.0020898255885631106	2.0381865033064837e-6
0.002099917831409036	2.0480014468734685e-6
0.002110061251653552	2.057865719887508e-6
0.002120256135784885	2.0677795912580123e-6
0.0021305027722177622	2.0777433315799776e-6
0.0021408014513107556	2.087757213146934e-6
0.0021511524653835996	2.0978215099641027e-6
0.0021615561087350134	2.107936497761436e-6
0.0021720126776606737	2.1181024540070874e-6
0.002182522470471189	2.128319657920815e-6
0.0021930857875108465	2.138588390487573e-6
0.002203702931175897	2.148908934471283e-6
0.0022143742059336827	2.159281574428664e-6
0.0022250999183417936	2.1697065967232437e-6
0.0022358803770673647	2.1801842895394854e-6
0.0022467158929068303	2.1907149428971373e-6
0.0022576067788058684	2.201298848665561e-6
0.0022685533498796005	2.21193630057842e-6
0.002279555923433116	2.222627594248338e-6
0.0022906148189821745	2.2333730271817442e-6
0.002301730358274367	2.244172898794002e-6
0.0023129028653105133	2.2550275104244415e-6
0.0023241326663662096	2.2659371653517997e-6
0.002335420090013839	2.2769021688097038e-6
0.0023467654671450212	2.2879228280022353e-6
0.002358169130992973	2.29899945211984e-6
0.0023696314171557016	2.3101323523552576e-6
0.0023811526636191758	2.3213218419196495e-6
0.002392733210780862	2.332568236058881e-6
0.002404373401473898	2.3438718520701132e-6
0.002416073580991191	2.355233009318328e-6
0.0024278340971104076	2.3666520292532113e-6
0.002439655300118737	2.37812923542615e-6
0.0024515375428385074	2.389664953507414e-6
0.002463481180653066	2.4012595113034906e-6
0.002475486571532911	2.412913238774737e-6
0.0024875540760623846	2.424626468052971e-6
0.0024996840574667417	2.4363995334595247e-6
0.002511876881639685	2.4482327715232712e-6
0.002524132917171071	2.4601265209990364e-6
0.0025364525353756893	2.472081122886012e-6
0.002548836110321603	2.484096920446551e-6
0.0025612840188598343	2.4961742592250666e-6
0.0025737966406538847	2.50831348706711e-6
0.0025863743582101397	2.520514954138798e-6
0.0025990175569084516	2.5327790129462864e-6
0.002611726625033554	2.545106018355566e-6
0.002624501953806744	2.5574963276124433e-6
0.0026373439374182445	2.5699503003627593e-6
0.002650252973059971	2.5824682986728066e-6
0.0026632294609590505	2.5950506870499897e-6
0.0026762738044117324	2.6076978324637575e-6
0.002689386409817964	2.6204101043666646e-6
0.0027025676867165295	2.633187874715825e-6
0.0027158180478208775	2.6460315179944447e-6
0.0027291379090554372	2.6589414112337257e-6
0.0027425276895926935	2.6719179340350255e-6
0.0027559878118908324	2.6849614685920893e-6
0.002769518701732131	2.6980723997137726e-6
0.0027831207882619696	2.71125111484693e-6
0.0027967945040285177	2.7244980040995076e-6
0.002810540285023283	2.7378134602640193e-6
0.0028243585707221413	2.751197878841201e-6
0.0028382498041274137	2.764651658063997e-6
0.0028522144318103874	2.7781751989218378e-6
0.002866252903954933	2.791768905185149e-6
0.0028803656744016424	2.805433183430224e-6
0.002894553200692995	2.819168443064314e-6
0.0029088159441192094	2.8329750963511186e-6
0.002923154369765041	2.8468535584364537e-6
0.00293756894655745	2.860804247374368e-6
0.002952060147314023	2.874827584153448e-6
0.002966628448792509	2.888923992723565e-6
0.0029812743317411674	2.9030939000228763e-6
0.002995998280950063	2.917337736005128e-6
0.003010800785303285	2.9316559336673306e-6
0.003025682337832405	2.9460489290778455e-6
0.003040643435770543	2.9605171614047417e-6
0.0030556845806078386	2.97506107294444e-6
0.0030708062781477467	2.9896811091508866e-6
0.003086009038564547	3.0043777186649626e-6
0.003101293376461789	3.0191513533443022e-6
0.0031166598109319712	3.0340024682934534e-6
0.0031321088656174603	3.0489315218945363e-6
0.0031476410687723195	3.0639389758381044e-6
0.0031632569533254352	3.0790252951546505e-6
0.003178957056944979	3.094190948246173e-6
0.00319474192210394	3.1094364069185564e-6
0.003210612096146947	3.1247621464139694e-6
0.003226568131358367	3.1401686454440546e-6
0.0032426105850317994	3.1556563862232306e-6
0.003258740019540698	3.1712258545026486e-6
0.0032749570024105078	3.186877539604464e-6
0.0032912621063921265	3.2026119344566545e-6
0.0033076559095366956	3.2184295356281876e-6
0.003324138995271962	3.234330843364842e-6
0.003340711952479774	3.2503163616252014e-6
0.003357375375575404	3.2663865981174763e-6
0.003374129864588137	3.282542064336564e-6
0.0033909760252433907	3.298783275601682e-6
0.0034079144690464104	3.315110751094596e-6
0.0034249458133673895	3.33152501389815e-6
0.003442070681528475	3.348026591035647e-6
0.003459289702891877	3.3646160135103694e-6
0.003476603512950115	3.3812938163459936e-6
0.003494012753417489	3.398060538627333e-6
0.0035115180723234193	3.4149167235417245e-6
0.0035291201241074294	3.431862918420978e-6
0.003546819569715802	3.448899674783873e-6
0.0035646170766999233	3.4660275483793152e-6
0.0035825133193164325	3.483247099230013e-6
0.0036005089786290243	3.500558891676787e-6
0.0036186047426121433	3.5179634944234686e-6
0.003636801306256273	3.535461480582569e-6
0.003655099371675211	3.5530534277213634e-6
0.003673499648215188	3.5707399179087874e-6
0.0036920028525654564	3.5885215377629274e-6
0.003710609708871251	3.6063988784992017e-6
0.0037293209488479945	3.6243725359792577e-6
0.0037481373118980693	3.642443110760361e-6
0.003767059545228669	3.6606112081458618e-6
0.0037860884039722644	3.6788774382360094e-6
0.0038052246513084692	3.6972424159796997e-6
0.003824469058587918	3.7157067612268123e-6
0.0038438224054581542	3.7342710987815687e-6
0.003863285479991301	3.7529360584562287e-6
0.003882859078813626	3.771702275126006e-6
0.003902544007237141	3.790570388784393e-6
0.0039223410793928	3.809541044599544e-6
0.003942251118366029	3.828614892971408e-6
0.003962274956333707	3.84779258958947e-6
0.003982413434703309	3.867074795491719e-6
0.0040026674042539095	3.88646217712403e-6
0.004023037725278706	3.905955406400868e-6
0.004043525267730004	3.9255551607663456e-6
0.004064130911365485	3.9452621232566096e-6
0.004084855545896377	3.965076982562977e-6
0.004105700071137978	3.985000433095822e-6
0.004126665397160957	4.0050331750496e-6
0.004147752444445437	4.0251759144687875e-6
0.0041689621440360895	4.045429363314631e-6
0.004190295437699149	4.06579423953298e-6
0.004211753278081373	4.086271267123121e-6
0.004233336628870133	4.1068611762075334e-6
0.004255046464955468	4.127564703102652e-6
0.004276883772593487	4.148382590390645e-6
0.004298849549571695	4.169315586992379e-6
0.004320944805374962	4.19036444824122e-6
0.004343170561353997	4.211529935958012e-6
0.004365527850894339	4.232812818527122e-6
0.004388017719586948	4.254213870973541e-6
0.00441064122540029	4.275733875041233e-6
0.0044333994388532855	4.297373619272303e-6
0.004456293443189846	4.319133899087724e-6
0.004479324334553736	4.3410155168687335e-6
0.004502493222165338	4.363019282039876e-6
0.00452580122849885	4.385146011152861e-6
0.004549249489460292	4.40739652797177e-6
0.00457283915456682	4.429771663559517e-6
0.004596571387126061	4.4522722563653675e-6
0.004620447364416562	4.474899152313867e-6
0.004644468277868843	4.4976532048949625e-6
0.004668635333246233	4.520535275255381e-6
0.0046929497508270855	4.543546232291161e-6
0.0047174127655862114	4.566686952741869e-6
0.0047420256273773866	4.589958321285608e-6
0.004766789601115144	4.613361230635821e-6
0.004791705966957052	4.636896581639118e-6
0.004816776020485621	4.660565283374508e-6
0.004842001072889801	4.6843682532543466e-6
0.004867382451146462	4.708306417126053e-6
0.004892921498200921	4.732380709375732e-6
0.004918619573147123	4.756592073033028e-6
0.004944478051406976	4.780941459877372e-6
0.004970498324908663	4.805429830545689e-6
0.004996681802264167	4.8300581546417776e-6
0.005023029908945383	4.854827410846637e-6
0.005049544087459093	4.8797385870308925e-6
0.005076225797520233	4.904792680368261e-6
0.005103076516223928	4.929990697450783e-6
0.005130097738215448	4.955333654405426e-6
0.005157290975858456	4.980822577012409e-6
0.005184657759400942	5.006458500824827e-6
0.0052121996371392604	5.032242471290012e-6
0.005239918175579571	5.058175543872447e-6
0.005267814959596739	5.084258784178291e-6
0.005295891592590502	5.1104932680813695e-6
0.0053241496966388085	5.136880081850949e-6
0.005352590912648246	5.163420322281118e-6
0.005381216900500685	5.190115096821569e-6
0.005410029339197167	5.216965523710449e-6
0.005439029926997801	5.243972732108512e-6
0.005468220381557785	5.2711378622350065e-6
0.005497602440059973	5.2984620655056085e-6
0.005527177859342626	5.325946504671405e-6
0.00555694841602342	5.3535923539602e-6
0.005586915906618412	5.3814007992191375e-6
0.005617082147656664	5.409373038059303e-6
0.005647448975789677	5.437510280001899e-6
0.005678018247895941	5.46581374662628e-6
0.00570879184117998	5.494284671719651e-6
0.0057397716532660605	5.52292430142866e-6
0.00577095960228587	5.55173389441264e-6
0.005802357626960807	5.58071472199866e-6
0.005833967686677701	5.6098680683386015e-6
0.005865791761558449	5.639195230567592e-6
0.0058978318525230505	5.668697518964761e-6
0.005930089981346122	5.6983762571154295e-6
0.0059625681907061225	5.7282327820752675e-6
0.0059952685442278665	5.758268444536466e-6
0.0060281931265176785	5.788484608995382e-6
0.006061344043190516	5.81888265392242e-6
0.006094723420890298	5.8494639719335255e-6
0.006128333407301428	5.880229969963648e-6
0.006162176171152712	5.911182069442088e-6
0.0061962539022129975	5.942321706469644e-6
0.006230568811277992	5.973650331997813e-6
0.006265123130148564	6.005169412009669e-6
0.006299919111600463	6.036880427702823e-6
0.006334959029344292	6.068784875674215e-6
0.006370245177976795	6.1008842681067655e-6
0.00640577987292259	6.133180132958236e-6
0.006441565450365912	6.165674014151354e-6
0.006477604267173178	6.198367471766725e-6
0.006513898700805014	6.23126208223701e-6
0.006550451149218256	6.264359438543343e-6
0.006587264030757948	6.297661150413621e-6
0.0066243397840382735	6.331168844522666e-6
0.006661680867813438	6.36488416469448e-6
0.006699289760837321	6.398808772106448e-6
0.006737168961712095	6.432944345495158e-6
0.006775320988726292	6.467292581364823e-6
0.006813748379680769	6.50185519419689e-6
0.006852453691704028	6.536633916662335e-6
0.006891439501055477	6.571630499835376e-6
0.00693070840291727	6.606846713409521e-6
0.006970263011174208	6.6422843459153e-6
0.007010105958181841	6.677945204940247e-6
0.007050239894522218	6.713831117350647e-6
0.007090667488748175	6.749943929515305e-6
0.007131391427114339	6.786285507531419e-6
0.007172414413296882	6.822857737452255e-6
0.00721373916809987	6.8596625255169045e-6
0.007255368429149728	6.896701798381993e-6
0.00729730495057694	6.933977503355458e-6
0.007339551502684919	6.971491608632098e-6
0.0073821108716061274	7.009246103531468e-6
0.007424985858945794	7.047242998737342e-6
0.007468179281412246	7.085484326539444e-6
0.007511693970434859	7.123972141077211e-6
0.007555532771768549	7.162708518585261e-6
0.007599698545085931	7.2016955576411056e-6
0.007644194163555979	7.240935379414836e-6
0.007689022513410003	7.280430127920792e-6
0.007734186493494584	7.320181970270883e-6
0.007779689014811724	7.3601930969306815e-6
0.007825533000045437	7.400465721976698e-6
0.007871721383076236	7.441002083356127e-6
0.007918257108482188	7.48180444314854e-6
0.007965143131027093	7.522875087829439e-6
0.008012382415136236	7.564216328535927e-6
0.008059977934359128	7.605830501334362e-6
0.008107932670819433	7.647719967490097e-6
0.00815624961465241	7.689887113739012e-6
0.00820493176343032	7.7323343525613e-6
0.008253982121574556	7.775064122457225e-6
0.008303403699755654	7.818078888224812e-6
0.008353199514282143	7.861381141239514e-6
0.008403372586475551	7.904973399736065e-6
0.00845392594203449	7.948858209092424e-6
0.008504862610387551	7.993038142115363e-6
0.008556185624032982	8.037515799328495e-6
0.00860789801786778	8.08229380926226e-6
0.00866000282850556	8.127374828745696e-6
0.008712503093582829	8.17276154320072e-6
0.008765401851054509	8.218456666937819e-6
0.00881870213847853	8.264462943454693e-6
0.008872406992289888	8.310783145735946e-6
0.008926519447064688	8.357420076555658e-6
0.00898104253477342	8.404376568781607e-6
0.00903597928402456	8.451655485681839e-6
0.009091332719299058	8.4992597212329e-6
0.00914710586017438	8.547192200430875e-6
0.009203301720539913	8.595455879603566e-6
0.009259923307804056	8.644053746725922e-6
0.009316973622091341	8.692988821736515e-6
0.009374455655432424	8.742264156856957e-6
0.009432372390945382	8.791882836912766e-6
0.009490726802009264	8.841847979657201e-6
0.009549521851430768	8.892162736096544e-6
0.009608760490602806	8.942830290817697e-6
0.00966844565865709	8.99385386231833e-6
0.009728580281609958	9.045236703338812e-6
0.009789167271501727	9.096982101196643e-6
0.009850209525530814	9.149093378122747e-6
0.009911709925181976	9.2015738916005e-6
0.00997367133534946	9.254427034706466e-6
0.010036096603455754	9.307656236453903e-6
0.010098988558565168	9.361264962137962e-6
0.010162350010494777	9.415256713683896e-6
0.010226183748920165	9.469635029997034e-6
0.01029049254247922	9.524403487315058e-6
0.01035527913787221	9.579565699563132e-6
0.010420546258959728	9.635125318710653e-6
0.010486296605859046	9.691086035131397e-6
0.010552532854037795	9.747451577964663e-6
0.010619257653407557	9.804225715480252e-6
0.01068647362741562	9.861412255445114e-6
0.010754183372137141	9.919015045492336e-6
0.010822389455366642	9.977037973493163e-6
0.01089109441571061	1.0035484967930922e-5
0.010960300761680496	1.0094359998278163e-5
0.011030010970786954	1.0153667075375631e-5
0.011100227488636337	1.0213410251814208e-5
0.01117095272802855	1.0273593622319445e-5
0.011242189068058685	1.0334221324138483e-5
0.011313938853219983	1.0395297537430081e-5
0.011386204392512249	1.0456826485656632e-5
0.011458987958552146	1.0518812435979594e-5
0.011532291786689615	1.0581259699657045e-5
0.011606118074127997	1.0644172632444625e-5
0.011680468979049648	1.07075556349985e-5
0.011755346619747266	1.0771413153281856e-5
0.011830753073761238	1.0835749678973675e-5
0.011906690377023651	1.0900569749881023e-5
0.011983160523009209	1.0965877950353628e-5
0.012060165461893141	1.1031678911701568e-5
0.012137707099717666	1.1097977312616288e-5
0.012215787297566427	1.1164777879594035e-5
0.012294407870746848	1.1232085387363013e-5
0.012373570587983312	1.1299904659313073e-5
0.012453277170617484	1.1368240567928696e-5
0.01253352929182106	1.1437098035225179e-5
0.012614328575817067	1.1506482033188147e-5
0.012695676597112448	1.15763975842158e-5
0.01277757487974237	1.1646849761565042e-5
0.01286002489652491	1.1717843689800507e-5
0.012943028068328687	1.1789384545247128e-5
0.013026585763352803	1.1861477556446138e-5
0.013110699296418374	1.1934128004613751e-5
0.01319536992827481	1.2007341224105048e-5
0.013280598864917819	1.2081122602879356e-5
0.013366387256922739	1.2155477582970419e-5
0.013452736198790966	1.2230411660960035e-5
0.013539646728311393	1.2305930388454853e-5
0.013627119825936946	1.238203937256764e-5
0.013715156414175063	1.245874427640114e-5
0.013803757356995617	1.253605081953707e-5
0.01389292345925305	1.2613964778528043e-5
0.013982655466125272	1.2692491987393343e-5
0.014072954062568942	1.2771638338119539e-5
0.014163819872791724	1.285140978116358e-5
0.014255253459741057	1.2931812325961802e-5
0.014347255324610404	1.3012852041440784e-5
0.01443982590636329	1.3094535056534833e-5
0.014532965581274983	1.3176867560705288e-5
0.014626674662491955	1.3259855804465955e-5
0.014720953399609757	1.334350609991108e-5
0.014815801978270185	1.3427824821249677e-5
0.014911220519775517	1.351281840534252e-5
0.015007209080723184	1.3598493352243987e-5
0.015103767652658797	1.3684856225749598e-5
0.015200896161748939	1.3771913653945963e-5
0.01529859446847249	1.3859672329767779e-5
0.015396862367332946	1.3948139011557434e-5
0.015495699586589334	1.4037320523630291e-5
0.015595105788007683	1.412722375684509e-5
0.015695080566632314	1.4217855669178775e-5
0.015795623450577254	1.430922328630546e-5
0.015896733900838112	1.4401333702182123e-5
0.015998411311124134	1.4494194079637751e-5
0.016100655007710855	1.4587811650968657e-5
0.016203464249312828	1.4682193718538018e-5
0.016306838226977795	1.477734765538132e-5
0.01641077606400053	1.4873280905817068e-5
0.016515276815858196	1.4970000986062105e-5
0.016620339470165026	1.506751548485353e-5
0.016725962946649575	1.5165832064074933e-5
0.01683214609715162	1.5264958459389212e-5
0.01693888770563959	1.5364902480875493e-5
0.017046186488248377	1.5465672013674012e-5
0.01715404109333977	1.556727501863439e-5
0.01726245010158067	1.5669719532971073e-5
0.017371412026044034	1.5773013670924547e-5
0.017480925312329205	1.5877165624427903e-5
0.017590988338702988	1.5982183663780006e-5
0.017701599416261316	1.60880761383245e-5
0.017812756789110182	1.619485147713478e-5
0.017924458634568152	1.6302518189706037e-5
0.01803670306338715	1.6411084866651862e-5
0.018149488119995144	1.6520560180409462e-5
0.018262811782756315	1.6630952885949624e-5
0.018376671964252578	1.674227182149349e-5
0.018491066511584203	1.68545259092367e-5
0.018605993206688213	1.696772415607955e-5
0.018721449766678326	1.7081875654363694e-5
0.01883743384420174	1.71969895826163e-5
0.018953943027815348	1.7313075206300482e-5
0.019070974842381176	1.7430141878573147e-5
0.0191885267494782	1.754819904104989e-5
0.019306596147834826	1.7667256224576236e-5
0.019425180373776114	1.778732305000754e-5
0.019544276701691288	1.790840922899414e-5
0.019663882344517755	1.8030524564776143e-5
0.019783994454240724	1.815367895298371e-5
0.01990461012241213	1.8277882382446215e-5
0.0200257263806842	1.840314493600794e-5
0.02014734020135959	1.8529476791352044e-5
0.020269448497958583	1.865688822183256e-5
0.0203920481258004	1.8785389597313545e-5
0.020515135882601548	1.891499138501603e-5
0.02063870850908777	1.904570415037437e-5
0.02076276268962136	1.9177538557899e-5
0.02088729505284311	1.931050537204784e-5
0.021012302172328724	1.9444615458107467e-5
0.02113778056725769	1.9579879783079644e-5
0.02126372670309707	1.971630941657917e-5
0.02139013699229738	1.985391553173876e-5
0.021517007795002454	1.999270940612277e-5
0.02164433541977055	2.0132702422649352e-5
0.021772116124307316	2.027390607052264e-5
0.0219003461162132	2.041633194617191e-5
0.022029021553738298	2.0559991754201323e-5
0.022158138546551277	2.0704897308347464e-5
0.02228769315651733	2.0851060532447447e-5
0.022417681398487672	2.0998493461414825e-5
0.022548099241098005	2.1147208242225204e-5
0.022678942607576483	2.129721713491246e-5
0.022810207376561902	2.144853251357274e-5
0.02294188938292951	2.1601166867379268e-5
0.023073984418626795	2.175513280160582e-5
0.023206488233514885	2.1910443038661786e-5
0.02333939653622063	2.2067110419134225e-5
0.02347270499499312	2.222514790284393e-5
0.02360640923857055	2.2384568569907133e-5
0.02374050485704942	2.254538562181086e-5
0.023874987402763465	2.2707612382496564e-5
0.02400985239116707	2.2871262299455974e-5
0.02414509530172409	2.3036348944834847e-5
0.02428071157880121	2.3202886016549942e-5
0.02441669663256784	2.3370887339414987e-5
0.024553045839897973	2.3540366866278304e-5
0.024689754545276905	2.371133867917064e-5
0.024826818061713777	2.3883816990465004e-5
0.024964231671652425	2.4057816144046093e-5
0.025101990627891178	2.4233350616493067e-5
0.025240090154498372	2.441043501827144e-5
0.025378525447736416	2.4589084094937277e-5
0.02551729167698338	2.4769312728354015e-5
0.025656383985657765	2.495113593791951e-5
0.025795797492143672	2.513456888180455e-5
0.025935527290717093	2.5319626858205114e-5
0.026075568452472754	2.5506325306604987e-5
0.02621591602624968	2.5694679809050576e-5
0.02635656503955829	2.588470609143909e-5
0.026497510499505904	2.6076420024818033e-5
0.02663874739372062	2.626983762669668e-5
0.026780270691275653	2.6464975062371816e-5
0.02692207534361015	2.666184864626453e-5
0.027064156285449087	2.6860474843270532e-5
0.02720650843572081	2.7060870270123674e-5
0.027349126698472656	2.7263051696771026e-5
0.0274920059637816	2.74670360477635e-5
0.027635141108664215	2.767284040365709e-5
0.027778526997981615	2.788048200243053e-5
0.027922158485341905	2.8089978240912535e-5
0.02806603041399629	2.83013466762267e-5
0.028210137617734818	2.8514605027247613e-5
0.02835447492177267	2.872977117607213e-5
0.028499037143635997	2.894686316950354e-5
0.02864381909404019	2.916589922055104e-5
0.028788815577763315	2.9386897709942667e-5
0.028934021394514224	2.9609877187653413e-5
0.02907943133979451	2.9834856374446955e-5
0.029225040205754792	3.0061854163432712e-5
0.029370842782044763	3.029088962163774e-5
0.02951683385665572	3.052198199159365e-5
0.029663008216756888	3.0755150692937234e-5
0.029809360649526075	3.099041532402873e-5
0.02995588594297129	3.122779566358401e-5
0.030102578886745137	3.1467311672321776e-5
0.030249434272953766	3.1708983494627516e-5
0.030396446896954504	3.195283146023289e-5
0.030543611558149966	3.219887608591121e-5
0.030690923060769534	3.2447138077187734e-5
0.030838376214646173	3.269763833006851e-5
0.030985965835982107	3.295039793278394e-5
0.0311336867481085	3.320543816754897e-5
0.031281533782233625	3.346278051234037e-5
0.031429501778185	3.37224466426906e-5
0.03157758558513919	3.398445843349953e-5
0.031725780062346255	3.4248837960861596e-5
0.03187408007984118	3.451560750391164e-5
0.03202248051914842	3.478478954668802e-5
0.032170976273976616	3.5056406780012416e-5
0.03231956225090223	3.533048210338894e-5
0.03246823337004395	3.560703862691949e-5
0.03261698456572996	3.5886099673238686e-5
0.032765810787149185	3.6167688779465884e-5
0.03291470699900082	3.6451829699176626e-5
0.03306366818212576	3.6738546404391845e-5
0.033212689334131296	3.702786308758618e-5
0.033361765470009797	3.731980416371541e-5
0.03351089162273714	3.7614394272262485e-5
0.03366006284386992	3.7911658279304435e-5
0.03380927420412831	3.8211621279595096e-5
0.033958520793968924	3.85143085986721e-5
0.03410779772414632	3.8819745794980096e-5
0.03425710012626619	3.9127958662015683e-5
0.03440642315332554	3.943897323049246e-5
0.03455576198024335	3.975281577052541e-5
0.03470511180438162	4.0069512793836736e-5
0.034854467846053463	4.038909105598233e-5
0.03500382534902214	4.0711577558599054e-5
0.03515317958098962	4.1036999551672936e-5
0.03530252583407409	4.1365384535828426e-5
0.03545185942527427	4.169676026463975e-5
0.035601175696928576	4.203115474696485e-5
0.03575047001715848	4.236859624929808e-5
0.03589973778030388	4.27091132981483e-5
0.03604897440734651	4.305273468243751e-5
0.036198175346324114	4.339948945592272e-5
0.036347336072733195	4.3749406939639284e-5
0.036496452089920514	4.4102516724369475e-5
0.03664551892946569	4.445884867313136e-5
0.036794532151552366	4.48184329236929e-5
0.03694348734532814	4.5181299891109206e-5
0.037092380129257495	4.554748027028298e-5
0.037241206151457686	4.5917005038549426e-5
0.037389961090033966	4.62899054582851e-5
0.037538640653393705	4.666621307954133e-5
0.03768724058056027	4.704595974270248e-5
0.03783575664146868	4.742917758116804e-5
0.03798418463725799	4.781589902406101e-5
0.03813252040054741	4.820615679896053e-5
0.03828075979570858	4.859998393466196e-5
0.038428898719122154	4.8997413763958987e-5
0.03857693309943045	4.939847992645623e-5
0.038724858897773995	4.980321637140472e-5
0.03887267210802485	5.021165736056558e-5
0.03902036875700543	5.0623837471099657e-5
0.03916794490470105	5.103979159848375e-5
0.03931539664446056	5.1459554959456065e-5
0.03946272010319053	5.18831630949862e-5
0.03960991144153752	5.231065187327482e-5
0.03975696685406292	5.274205749278156e-5
0.03990388256940821	5.317741648527864e-5
0.040050654850451076	5.361676571893633e-5
0.040197279994453904	5.406014240143465e-5
0.04034375433320139	5.450758408310437e-5
0.040490074233132	5.495912866009951e-5
0.04063623609545908	5.5414814377595756e-5
0.040782236356284446	5.587467983302111e-5
0.040928071486702425	5.633876397931629e-5
0.04107373799289897	5.680710612822577e-5
0.041219232416237414	5.727974595361706e-5
0.041364551333341854	5.7756723494834295e-5
0.04150969135616748	5.823807916008103e-5
0.04165464913206844	5.872385372983481e-5
0.04179942134385205	5.921408836029318e-5
0.041944004709831735	5.9708824586852465e-5
0.042088395983867044	6.0208104327618623e-5
0.0422325919553987	6.0711969886949645e-5
0.04237658944947901	6.122046395903468e-5
0.042520385326789256	6.173362963149886e-5
0.0426639764836553	6.225151038905185e-5
0.0428073598520541	6.277415011716007e-5
0.04295053239961336	6.330159310576117e-5
0.04309349112960475	6.383388405300735e-5
0.043236233080931115	6.437106806904721e-5
0.04337875532810703	6.491319067983998e-5
0.04352105498123194	6.546029783100809e-5
0.04366312918595879	6.601243589172105e-5
0.04380497512345595	6.656965165862163e-5
0.04394659001036215	6.713199235978247e-5
0.04408797109873636	6.769950565870241e-5
0.04422911567600296	6.827223965834048e-5
0.04437002106488942	6.885024290518448e-5
0.044510684623359685	6.943356439336113e-5
0.04465110374454093	7.00222535687811e-5
0.04479127585664612	7.06163603333241e-5
0.04493119842289243	7.121593504906165e-5
0.045070868941410526	7.182102854252219e-5
0.04521028494515509	7.243169210898919e-5
0.0453494440018024	7.304797751684807e-5
0.04548834371365201	7.366993701196501e-5
0.04562698171751722	7.429762332211132e-5
0.045765355684613145	7.49310896614276e-5
0.045903463320441894	7.557038973492972e-5
0.04604130236467102	7.621557774305406e-5
0.04617887059100774	7.686670838624896e-5
0.04631616580707271	7.752383686960628e-5
0.04645318585426411	7.818701890753419e-5
0.04658992860762339	7.885631072847845e-5
0.0467263919756927	7.953176907968246e-5
0.04686257390037179	8.021345123199303e-5
0.046998472356769426	8.090141498471165e-5
0.04713408535305271	8.159571867048931e-5
0.047269410930291245	8.22964211602687e-5
0.04740444716229993	8.300358186826939e-5
0.04753919215547688	8.371726075702166e-5
0.04767364404863898	8.443751834244449e-5
0.047807801012855415	8.516441569897348e-5
0.04794166125127683	8.589801446473461e-5
0.04807522299896087	8.663837684676585e-5
0.04820848452269838	8.738556562628651e-5
0.048341444120833486	8.813964416401867e-5
0.04847410012308201	8.890067640555229e-5
0.04860645089034893	8.966872688676697e-5
0.04873849481454193	9.044386073929681e-5
0.048870230318383626	9.122614369605043e-5
0.04900165585522018	9.201564209678283e-5
0.04913276990882869	9.281242289371333e-5
0.0492635709932235	9.361655365720196e-5
0.049394057652458676	9.442810258147475e-5
0.04952422846043084	9.524713849040205e-5
0.049654082020676074	9.607373084333287e-5
0.04978361696617059	9.690794974097915e-5
0.049912831959127255	9.774986593135879e-5
0.05004172569078754	9.85995508157918e-5
0.05017029688121739	9.945707645494968e-5
0.05029854427909789	1.0032251557496642e-4
0.050426466661517295	1.0119594157359841e-4
0.05055406283375797	1.0207742852645083e-4
0.05068133162908592	1.0296705119325171e-4
0.050808271908537234	1.0386488502419212e-4
0.050934882560704206	1.047710061663191e-4
0.05106116250152085	1.0568549146999239e-4
0.0511871106740448	1.066084184953986e-4
0.051312726048242704	1.0753986551912523e-4
0.05143800762077071	1.0847991154079738e-4
0.051562954414757584	1.0942863628977222e-4
0.05168756547958331	1.1038612023190268e-4
0.05181183989066151	1.1135244457635387e-4
0.051935776749218066	1.1232769128249111e-4
0.05205937518207009	1.1331194306682888e-4
0.05218263434140587	1.1430528341003819e-4
0.05230555340456116	1.1530779656403108e-4
0.052428131573798664	1.1631956755909919e-4
0.05255036807608585	1.1734068221112643e-4
0.052672262162871124	1.1837122712885818e-4
0.05279381310986256	1.1941128972125413e-4
0.05291502021680358	1.2046095820489132e-4
0.05303588280725145	1.2152032161144672e-4
0.05315640022835393	1.2258946979524778e-4
0.053276571850625426	1.2366849344088926e-4
0.05339639706772566	1.247574840709211e-4
0.05351587529623488	1.2585653405361362e-4
0.05363500597543361	1.2696573661078432e-4
0.053753788567078534	1.2808518582570587e-4
0.053872222555180455	1.292149766510831e-4
0.053990307445783856	1.3035520491710414e-4
0.0541080427667429	1.31505967339566e-4
0.0542254280675024	1.326673615280793e-4
0.05434246291887565	1.3383948599433943e-4
0.054459146912824295	1.350224401604853e-4
0.05457547966223899	1.3621632436752978e-4
0.05469146080071993	1.3742123988386525e-4
0.05480708998235637	1.386372889138551e-4
0.05492236688151005	1.3986457460650028e-4
0.05503729119259655	1.4110320106418297e-4
0.055151862629869194	1.4235327335150016e-4
0.05526608092720117	1.436148975041716e-4
0.05537994583787148	1.4488818053802894e-4
0.05549345713434776	1.46173230458097e-4
0.05560661460807465	1.4747015626774947e-4
0.055719418069257905	1.4877906797795303e-4
0.05583186734665277	1.5010007661659866e-4
0.05594396228735371	1.5143329423791796e-4
0.05605570275657971	1.527788339319863e-4
0.05616708863746726	1.5413680983431116e-4
0.056278119830861034	1.5550733713551478e-4
0.05638879625510377	1.5689053209110324e-4
0.05649911784583073	1.58286512031326e-4
0.056609084555761864	1.5969539537112644e-4
0.05671869635449839	1.6111730162018248e-4
0.056827953228316457	1.6255235139304828e-4
0.0569368551799648	1.64000666419382e-4
0.057045402228462896	1.6546236955426383e-4
0.05715359440889951	1.6693758478862465e-4
0.05726143177223096	1.6842643725975664e-4
0.05736891438508541	1.6992905326192957e-4
0.057476042329561466	1.7144556025709885e-4
0.05758281570303478	1.729760868857233e-4
0.05768923461795918	1.74520762977667e-4
0.05779529920167405	1.7607971956321727e-4
0.05790100959621192	1.7765308888419745e-4
0.058006365958104614	1.7924100440517998e-4
0.05811136845819239	1.8084360082481005e-4
0.0582160172814352	1.8246101408722835e-4
0.05832031262672471	1.840933813936034e-4
0.05842425470669505	1.8574084121376753e-4
0.05852784374753973	1.8740353329796064e-4
0.058631079988823304	1.890815986886851e-4
0.05873396368330154	1.9077517973267039e-4
0.05883649509673608	1.9248442009294397e-4
0.05893867450771639	1.9420946476101788e-4
0.059040502207477204	1.959504600691868e-4
0.059141978499722817	1.9770755370294253e-4
0.05924310370044934	1.9948089471349612e-4
0.05934387813776633	2.0127063353042295e-4
0.059444302151726684	2.0307692197442566e-4
0.0595443760941501	2.048999132702051e-4
0.0596441003284535	2.0673976205946282e-4
0.05974347522947837	2.0859662441401387e-4
0.059842501183324445	2.104706578490287e-4
0.059941178587178005	2.1236202133639246e-4
0.06003950784915002	2.1427087531818945e-4
0.06013748938810667	2.1619738172031226e-4
0.06023512363350907	2.181417039661967e-4
0.060332411025248146	2.2010400699068398e-4
0.06042935201348452	2.2208445725401053e-4
0.06052594705848975	2.2408322275593097e-4
0.06062219663048609	2.261004730499637e-4
0.0607181012094902	2.281363792577751e-4
0.06081366128515767	2.3019111408369744e-4
0.06090887735662916	2.3226485182937384e-4
0.06100374993237497	2.3435776840854776e-4
0.06109827953004619	2.3647004136198013e-4
0.06119246667632283	2.386018498725151e-4
0.061286311906764944	2.407533747802717e-4
0.06137981576566477	2.4292479859799299e-4
0.06147297880590167	2.4511630552651715e-4
0.06156580158879525	2.4732808147041375e-4
0.061658284683963054	2.495603140537425e-4
0.061750428669177924	2.5181319263597654e-4
0.0618422341302266	2.540869083280612e-4
0.061933701660770904	2.563816540086279e-4
0.062024831862208314	2.5869762434034836e-4
0.062115625343535784	2.6103501578645766e-4
0.06220608272121393	2.6339402662741275e-4
0.06229620461903282	2.6577485697771127e-4
0.06238599166797779	2.6817770880287114e-4
0.062475444506098966	2.7060278593655916e-4
0.06256456377838077	2.7305029409788103e-4
0.06265335013661164	2.7552044090883713e-4
0.06274180423925746	2.780134359119268e-4
0.06282992675133396	2.80529490587931e-4
0.0629177183442824	2.8306881837384323e-4
0.0630051796958451	2.8563163468098594e-4
0.06309231148994217	2.88218156913269e-4
0.06317911441655076	2.9082860448564706e-4
0.06326558917158473	2.934631988427209e-4
0.06335173645677557	2.961221634775269e-4
0.0634375569795547	2.9880572395048986e-4
0.06352305145293774	3.0151410790856816e-4
0.06360822059540744	3.042475451045535e-4
0.06369306513080158	3.070062674165624e-4
0.06377758578820023	3.097905088677156e-4
0.06386178330181226	3.126005056459736e-4
0.06394565841086686	3.1543649612418605e-4
0.06402921185950464	3.1829872088030663e-4
0.06411244439666752	3.211874227178037e-4
0.06419535677599404	3.241028466862489e-4
0.06427794975571514	3.270452401021153e-4
0.06436022409854347	3.300148525697491e-4
0.06444218057157976	3.3301193600255056e-4
0.06452381994620256	3.3603674464433605e-4
0.06460514299797064	3.390895350909067e-4
0.06468615050652499	3.421705663118174e-4
0.06476684325548733	3.4528009967234704e-4
0.06484722203236318	3.4841839895566687e-4
0.06492728762844734	3.5158573038521413e-4
0.06500704083872727	3.5478236264727787e-4
0.0650864824617886	3.580085669137983e-4
0.0651656132997242	3.6126461686535635e-4
0.06524443415804003	3.645507887144064e-4
0.06532294584556615	3.6786736122868446e-4
0.06540114917436543	3.7121461575488667e-4
0.06547904495964614	3.7459283624250437e-4
0.06555663401967371	3.7800230926793207e-4
0.06563391717568612	3.8144332405876965e-4
0.06571089525180454	3.849161725183598e-4
0.06578756907495346	3.884211492505478e-4
0.06586393947477306	3.9195855158467656e-4
0.06594000728354162	3.955286796008036e-4
0.06601577333608934	3.991318361551607e-4
0.06609123846972105	4.0276832690584166e-4
0.0661664035241375	4.0643846033873833e-4
0.06624126934135303	4.1014254779370005e-4
0.06631583676562337	4.138809034909503e-4
0.06639010664336552	4.1765384455774235e-4
0.0664640798230852	4.214616910552562e-4
0.06653775715529857	4.2530476600575486e-4
0.06661113949246368	4.29183395419984e-4
0.06668422768890508	4.330979083248261e-4
0.06675702260074125	4.370486367912161e-4
0.06682952508581681	4.4103591596230134e-4
0.06690173600363124	4.4506008408188544e-4
0.06697365621527004	4.4912148252311144e-4
0.06704528658333712	4.5322045581742515e-4
0.06711662797188753	4.573573516837947e-4
0.06718768124636317	4.615325210582209e-4
0.06725844727352326	4.657463181234954e-4
0.06732892692138613	4.699991003392496e-4
0.06739912105915981	4.7429122847228027e-4
0.0674690305571819	4.786230666271482e-4
0.06753865628686136	4.8299498227707385e-4
0.06760799912060948	4.8740734629509924e-4
0.06767705993178914	4.918605329855605e-4
0.06774583959464661	4.963549201158325e-4
0.06781433898426162	5.00890888948377e-4
0.06788255897648166	5.054688242730857e-4
0.06795050044787199	5.100891144399173e-4
0.0680181642756553	5.147521513918567e-4
0.06808555133765783	5.194583306981429e-4
0.06815266251225695	5.242080515878402e-4
0.06821949867832247	5.290017169837008e-4
0.0682860607151698	5.338397335363352e-4
0.06835234950250246	5.387225116587336e-4
0.06841836592036434	5.436504655610491e-4
0.06848411084908745	5.486240132857637e-4
0.0685495851692427	5.536435767431323e-4
0.06861478976158975	5.587095817469812e-4
0.06867972550702972	5.638224580508281e-4
0.06874439328655566	5.689826393843445e-4
0.06880879398120965	5.74190563490138e-4
0.06887292847203005	5.794466721608958e-4
0.06893679764001052	5.847514112768553e-4
0.06900040236605529	5.90105230843637e-4
0.06906374353093214	5.955085850304061e-4
0.0691268220152305	6.009619322084168e-4
0.06918963869931716	6.064657349898764e-4
0.06925219446329695	6.120204602672098e-4
0.06931449018696809	6.176265792526442e-4
0.06937652674978097	6.232845675182039e-4
0.06943830503080084	6.289949050360376e-4
0.06949982590866559	6.347580762191427e-4
0.06956109026154719	6.405745699624542e-4
0.06962209896711383	6.464448796843225e-4
0.06968285290249136	6.523695033683697e-4
0.06974335294422572	6.583489436057217e-4
0.06980359996824734	6.643837076376655e-4
0.06986359484983393	6.704743073986651e-4
0.06992333846357619	6.766212595597834e-4
0.06998283168334221	6.828250855725259e-4
0.07004207538224123	6.890863117130662e-4
0.07010107043259503	6.954054691269038e-4
0.07015981770589864	7.017830938738939e-4
0.07021831807279102	7.08219726973756e-4
0.07027657240302315	7.14715914451938e-4
0.07033458156542508	7.212722073859579e-4
0.07039234642787458	7.278891619521461e-4
0.07044986785726803	7.345673394728204e-4
0.0705071467194906	7.413073064639097e-4
0.07056418387938465	7.481096346830079e-4
0.0706209802007219	7.549749011778778e-4
0.07067753654617515	7.61903688335405e-4
0.07073385377729198	7.688965839310062e-4
0.07078993275446221	7.759541811784755e-4
0.07084577433689679	7.830770787803194e-4
0.07090137938259683	7.902658809785408e-4
0.07095674874832979	7.975211976059052e-4
0.07101188328960435	8.048436441376557e-4
0.07106678386064177	8.122338417437527e-4
0.07112145131435565	8.196924173415406e-4
0.07117588650232662	8.272200036489282e-4
0.07123009027477555	8.348172392381024e-4
0.07128406348054296	8.424847685896473e-4
0.07133780696706604	8.502232421472494e-4
0.07139132158035585	8.580333163728687e-4
0.07144460816497435	8.659156538024159e-4
0.07149766756401384	8.738709231019727e-4
0.0715505006190761	8.818997991244982e-4
0.07160310817024905	8.90002962967094e-4
0.07165549105609081	8.981811020287634e-4
0.07170765011360519	9.064349100687448e-4
0.07175958617822444	9.147650872653503e-4
0.07181130008379064	9.231723402753582e-4
0.07186279266253351	9.316573822939722e-4
0.07191406474505802	9.402209331153292e-4
0.0719651171603197	9.488637191935286e-4
0.07201595073561096	9.575864737042853e-4
0.0720665662965415	9.663899366071163e-4
0.07211696466702451	9.752748547081235e-4
0.07216714666925722	9.84241981723317e-4
0.07221711312370482	9.932920783425826e-4
0.07226686484908686	0.00100242591229421
0.07231640266235734	0.0010116442584099977
0.07236572737869472	0.001020947898691
0.07241483981148482	0.0010303376223738609
0.07246374077230419	0.0010398142259977698
0.07251243107090806	0.001049378513472032
0.07256091151521646	0.001059031296144248
0.07260918291130078	0.0010687733928691726
0.07265724606336861	0.0010786056300781442
0.0727051017737536	0.0010885288418492208
0.07275275084289923	0.001098543869977926
0.07280019406935057	0.001108651564048637
0.07284743224973907	0.0011188527815067036
0.07289446617877175	0.0011291483877311256
0.0729412966492214	0.0011395392561080284
0.07298792445191114	0.0011500262681047079
0.07303435037570803	0.0011606103133444108
0.07308057520751107	0.0011712922896818124
0.07312659973223846	0.0011820731032791962
0.07317242473282128	0.001192953668683295
0.07321805099019066	0.0012039349089028822
0.07326347928327072	0.001215017755487089
0.07330871038896568	0.001226203148604416
0.0733537450821555	0.0012374920371224613
0.07339858413568225	0.0012488853786884755
0.07344322832034661	0.0012603841398105455
0.07348767840489505	0.0012719892959396086
0.07353193515601544	0.0012837018315521962
0.07357599933832487	0.0012955227402339463
0.07361987171436737	0.0013074530247638866
0.0736635530446028	0.001319493697199505
0.07370704408740049	0.0013316457789626255
0.07375034559903303	0.0013439103009260083
0.0737934583336688	0.0013562883035008486
0.07383638304336851	0.0013687808367249886
0.07387912047807292	0.0013813889603520417
0.0739216713856027	0.0013941137439412617
0.07396403651164912	0.001406956266948277
0.07400621659977166	0.0014199176188166812
0.07404821239138694	0.0014329988990704095
0.07409002462577198	0.0014462012174070646
0.07413165404005048	0.0014595256937920222
0.07417310136919446	0.0014729734585534433
0.07421436734601537	0.0014865456524781695
0.0742554527011632	0.001500243426908467
0.07429635816311946	0.0015140679438397434
0.07433708445819497	0.0015280203760191105
0.07437763231052584	0.001542101907044817
0.07441800244206745	0.0015563137314667215
0.07445819557259299	0.0015706570548875748
0.07449821241969258	0.0015851330940653502
0.07453805369876575	0.0015997430770164057
0.07457772012301853	0.0016144882431196833
0.07461721240346492	0.0016293698432218527
0.07465653124892109	0.0016443891397434005
0.07469567736600138	0.001659547406785746
0.07473465145912131	0.0016748459302393026
0.07477345423048853	0.001690286007892598
0.07481208638010721	0.001705868949542302
0.07485054860577289	0.0017215960771043985
0.07488884160306984	0.0017374687247263213
0.07492696606537126	0.0017534882389000832
0.07496492268383897	0.0017696559785765316
0.07500271214741942	0.0017859733152806488
0.07504033514284292	0.0018024416332278691
0.07507779235462547	0.0018190623294415133
0.07511508446506471	0.00183583681387128
0.07515221215424035	0.0018527665095129126
0.07518917610001319	0.0018698528525288353
0.07522597697802724	0.0018870972923700452
0.07526261546170386	0.0019045012918990423
0.07529909222224858	0.0019220663275139169
0.07533540792864352	0.0019397938892736213
0.07537156324765447	0.001957685481024349
0.07540755884382623	0.0019757426205271504
0.07544339537948361	0.001993966839586612
0.0754790735147353	0.0020123596841808513
0.07551459390746941	0.002030922714592664
0.07554995721335662	0.002049657505541874
0.07558516408585172	0.0020685656463189104
0.07562021517619281	0.0020876487409196443
0.07565511113340226	0.002106908408181449
0.0756898526042898	0.002126346281920531
0.07572444023344975	0.0021459640110705145
0.07575887466326815	0.0021657632598223488
0.0757931565339173	0.0021857457077654545
0.0758272864833624	0.002205913050030229
0.07586126514735982	0.0022262669974318313
0.07589509315946258	0.002246809276615298
0.07592877115101805	0.002267541630202064
0.07596229975116986	0.002288465816937749
0.07599567958686528	0.0023095836118413697
0.07602891128284954	0.002330896806355877
0.0760619954616736	0.0023524072085002066
0.0760949327436934	0.0023741166430226064
0.07612772374707477	0.0023960269515553925
0.07616036908779167	0.002418139992771272
0.07619286937963292	0.0024404576425409194
0.07622522523420244	0.002462981794092171
0.07625743726092059	0.002485714358170619
0.07628950606703183	0.0025086572632016645
0.07632143225760014	0.0025318124554541714
0.07635321643551803	0.002555181899205511
0.0763848592015076	0.0025787675769082135
0.07641636115412113	0.002602571489358173
0.0764477228897475	0.002626595655864317
0.07647894500261283	0.0026508421144199714
0.07651002808478505	0.002675312921875679
0.07654097272617669	0.0027000101541137375
0.07657177951454747	0.002724935906224265
0.07660244903550864	0.0027500922926829707
0.07663298187252623	0.002775481447530473
0.07666337860692486	0.002801105524553368
0.07669363981788851	0.002826966697466919
0.07672376608246913	0.0028530671600994896
0.07675375797558598	0.0028794091265785843
0.07678361607003024	0.002905994831518741
0.07681334093646987	0.0029328265302110933
0.0768429331434554	0.0029599064988145756
0.0768723932574171	0.002987237034549186
0.07690172184267546	0.0030148204558907562
0.07693091946144276	0.0030426591027676248
0.07695998667382727	0.0030707553367591706
0.07698892403783571	0.003099111541296133
0.07701773210938018	0.003127730121862837
