0.0010000000000000009	1.5625000000000014e-5
0.0010046157902783709	1.5697121723099545e-5
0.0010092528860767003	1.5769576344948442e-5
0.0010139113857366572	1.584236540213527e-5
0.0010185913880541436	1.5915490438345994e-5
0.0010232929922807527	1.598895300438676e-5
0.001028016298126433	1.6062754658225514e-5
0.0010327614057614037	1.6136896965021933e-5
0.001037528415818001	1.6211381497156264e-5
0.0010423174293933135	1.6286209834270524e-5
0.0010471285480508907	1.6361383563295168e-5
0.0010519618738231984	1.6436904278487475e-5
0.0010568175092136312	1.6512773581462987e-5
0.0010616955571987052	1.658899308122977e-5
0.0010665961212302094	1.6665564394222022e-5
0.001071519305237592	1.6742489144337376e-5
0.0010764652136298208	1.681976896296595e-5
0.001081433951297936	1.689740548903025e-5
0.0010864256236170489	1.697540036901639e-5
0.0010914403364487707	1.7053755257012042e-5
0.0010964781961431969	1.713247181473745e-5
0.0011015393095413634	1.7211551711583803e-5
0.0011066237839776616	1.7290996624650962e-5
0.0011117317272815869	1.7370808238774795e-5
0.001116863247780514	1.7450988246570532e-5
0.0011220184543019873	1.7531538348468552e-5
0.0011271974561754966	1.7612460252742134e-5
0.0011324003632355445	1.7693755675555383e-5
0.0011376272858234227	1.777542634099098e-5
0.0011428783347897514	1.7857473981089866e-5
0.0011481536214968807	1.793990033588876e-5
0.0011534532578210688	1.80227071534542e-5
0.0011587773561551329	1.810589618992395e-5
0.0011641260294105032	1.8189469209539113e-5
0.001169499391019846	1.8273427984685092e-5
0.001174897554939533	1.8357774295930203e-5
0.0011803206356517382	1.844250993205841e-5
0.0011857687481671292	1.8527636690111393e-5
0.0011912420080273656	1.8613156375427587e-5
0.0011967405313072499	1.869907080167578e-5
0.0012022644346173922	1.8785381790896753e-5
0.0012078138351067635	1.887209117354318e-5
0.0012133888504649581	1.895920078851497e-5
0.0012189895989248578	1.9046712483200903e-5
0.001224616199265005	1.9134628113515705e-5
0.001230268770812365	1.9222949543943203e-5
0.001235947433444462	1.931167864756972e-5
0.0012416523075923919	1.9400817306131123e-5
0.0012473835142429307	1.9490367410045792e-5
0.0012531411749414217	1.9580330858459715e-5
0.0012589254117941207	1.9670709559283135e-5
0.0012647363474711515	1.9761505429236742e-5
0.0012705741052085329	1.9852720393883326e-5
0.001276438808811356	1.9944356387677437e-5
0.0012823305826559772	2.0036415353999644e-5
0.001288249551693113	2.012889924520489e-5
0.0012941958414500188	2.0221810022656543e-5
0.001300169578033264	2.031514965676975e-5
0.0013061708881317996	2.040892012705937e-5
0.0013121998990191924	2.050312342217488e-5
0.0013182567385564281	2.059776153994419e-5
0.001324341535194673	2.0692836487416766e-5
0.0013304544179780775	2.078835028090746e-5
0.0013365955165464127	2.08843049460377e-5
0.0013427649611378462	2.0980702517778846e-5
0.0013489628825916478	2.1077545040494496e-5
0.0013551894123509933	2.117483456798427e-5
0.0013614446824659204	2.1272573163530007e-5
0.0013677288255958542	2.137076289993522e-5
0.0013740419750125077	2.1469405859570433e-5
0.0013803842646028658	2.1568504134419778e-5
0.0013867558288718634	2.1668059826122866e-5
0.0013931568029452446	2.1768075046019447e-5
0.0013995873225726013	2.1868551915196896e-5
0.0014060475241299136	2.19694925645299e-5
0.0014125375446227134	2.2070899134729897e-5
0.0014190575216890683	2.2172773776391692e-5
0.0014256075936021767	2.227511865003401e-5
0.0014321878992735182	2.2377935926148722e-5
0.0014387985782557955	2.2481227785246805e-5
0.0014454397707459182	2.2584996417904972e-5
0.0014521116175877508	2.2689244024808606e-5
0.0014588142602753318	2.279397281680206e-5
0.001465547840955872	2.28991850149355e-5
0.00147231250243271	2.3004882850511093e-5
0.0014791083881682127	2.3111068565128323e-5
0.001485935642287009	2.3217744410734516e-5
0.0014927944095789736	2.3324912649671462e-5
0.0014996848355023351	2.3432575554723986e-5
0.001506607066186716	2.3540735409167436e-5
0.001513561248436171	2.3649394506815172e-5
0.0015205475297324772	2.3758555152069956e-5
0.0015275660582380335	2.3868219659969273e-5
0.001534616982799289	2.397839035623889e-5
0.0015417004529495182	2.408906957733622e-5
0.0015488166189124714	2.4200259670507365e-5
0.0015559656316050663	2.431196299382916e-5
0.0015631476426409274	2.442418191626449e-5
0.001570362804333536	2.45369188177115e-5
0.0015776112696992833	2.4650176089051302e-5
0.001584893192461051	2.476395613220392e-5
0.0015922087270511254	2.4878261360173834e-5
0.0015995580286146116	2.4993094197103306e-5
0.0016069412530128335	2.5108457078325524e-5
0.0016143585568264701	2.5224352450413596e-5
0.001621810097358914	2.534078277123303e-5
0.001629296032639685	2.5457750509995077e-5
0.0016368165214277475	2.5575258147308554e-5
0.0016443717232148963	2.5693308175232755e-5
0.0016519617982289625	2.581190309732754e-5
0.0016595869074375463	2.593104542871166e-5
0.0016672472125510707	2.605073769611048e-5
0.001674942876026389	2.617098243791233e-5
0.0016826740610704355	2.6291782204225555e-5
0.001690440931643264	2.6413139556926e-5
0.0016982436524616978	2.653505706971403e-5
0.0017060823890031052	2.6657537328173518e-5
0.001713957307508382	2.6780582929818468e-5
0.0017218685749859908	2.6904196484156106e-5
0.0017298163592150556	2.7028380612735244e-5
0.0017378008287493446	2.715313794920851e-5
0.0017458221529205037	2.727847113938287e-5
0.0017538805018417342	2.7404382841277096e-5
0.0017619760464115952	2.7530875725181175e-5
0.0017701089583173901	2.765795247370922e-5
0.0017782794100388993	2.7785615781857802e-5
0.0017864875748520165	2.7913868357062757e-5
0.0017947336268325231	2.8042712919258174e-5
0.0018030177408595444	2.817215220093038e-5
0.0018113400926195872	2.830218894718105e-5
0.0018197008586099683	2.8432825915780755e-5
0.0018281002161427001	2.856406587722969e-5
0.0018365383433483207	2.869591161481751e-5
0.0018450154191794604	2.882836592467907e-5
0.0018535316234147836	2.8961431615855994e-5
0.001862087136662846	2.909511151035697e-5
0.0018706821403657592	2.9229408443214987e-5
0.001879316816803242	2.9364325262550657e-5
0.0018879913490962713	2.949986482962924e-5
0.001896705921211106	2.963603001892353e-5
0.0019054607179632282	2.977282371817544e-5
0.0019142559250210356	2.991024882845368e-5
0.0019230917289101285	3.0048308264220757e-5
0.001931968317016905	3.018700495338914e-5
0.001940885877592724	3.0326341837386313e-5
0.0019498445997580272	3.0466321871219174e-5
0.001958844673505933	3.06069480235302e-5
0.00196788628970683	3.074822327666922e-5
0.0019769696401118336	3.08901506267474e-5
0.001986094917357323	3.103273308370817e-5
0.0019952623149687987	3.117597367138748e-5
0.0020044720273651034	3.131987542757974e-5
0.0020137242498623614	3.14644414040994e-5
0.002023019178678198	3.1609674666846846e-5
0.002032357010936181	3.175557829587783e-5
0.0020417379446694833	3.190215538546068e-5
0.0020511621788255052	3.204940904414852e-5
0.00206062991326994	3.2197342394842815e-5
0.002070141348790966	3.234595857485884e-5
0.0020796966871036437	3.2495260735994434e-5
0.002089296130853985	3.264525204459351e-5
0.002098939883623502	3.2795935681617216e-5
0.0021086281499331783	3.294731484270591e-5
0.0021183611352484366	3.309939273825682e-5
0.0021281390459826355	3.325217259347868e-5
0.002137962089502163	3.3405657648471294e-5
0.0021478304741304882	3.355985115828888e-5
0.0021577444091526177	3.371475639300965e-5
0.0021677041048196455	3.387037663780696e-5
0.002177709772353112	3.4026715193017374e-5
0.0021877616239495135	3.418377537421115e-5
0.0021978598727847576	3.434156051226184e-5
0.0022080047330188535	3.4500073953419585e-5
0.0022181964198001447	3.465931905937726e-5
0.002228435149270236	3.4819299207347436e-5
0.002238721138568281	3.498001779012939e-5
0.002249054605835729	3.514147821618327e-5
0.002259435770220919	3.530368390970186e-5
0.00226986485188381	3.546663831068453e-5
0.0022803420720003686	3.563034487500576e-5
0.002290867652767717	3.5794807074495576e-5
0.0023014418174084617	3.596002839700721e-5
0.0023120647901755664	3.6126012346493225e-5
0.0023227367963570417	3.6292762443078776e-5
0.002333458062280913	3.646028222313927e-5
0.002344228815319885	3.66285752393732e-5
0.002355049283895974	3.6797645060874596e-5
0.00236591969748573	3.696749527321453e-5
0.00237684028662484	3.7138129478513126e-5
0.0023878112829130993	3.7309551295517177e-5
0.0023988329190194058	3.7481764359678215e-5
0.0024099054286865346	3.76547723232271e-5
0.002421029046736134	3.782857885525209e-5
0.0024322040090737768	3.800318764177776e-5
0.002443430552693915	3.817860238584242e-5
0.002454708915684986	3.835482680757791e-5
0.0024660393372342715	3.853186464428549e-5
0.0024774220576332107	3.8709719650518917e-5
0.0024888573182823004	3.8888395598160944e-5
0.0025003453616963683	3.9067896276505755e-5
0.0025118864315095274	3.9248225492336366e-5
0.0025234807724805186	3.94293870700081e-5
0.0025351286304978737	3.961138485152928e-5
0.0025468302525849806	3.979422269664032e-5
0.0025585858869056066	3.9977904482900103e-5
0.0025703957827687973	4.016243410576246e-5
0.002582260190634525	4.034781547866445e-5
0.0025941793621187537	4.0534052533105526e-5
0.002606153549998824	4.072114921873163e-5
0.0026181830082189217	4.090910950342065e-5
0.0026302679918953076	4.109793737336418e-5
0.0026424087573218846	4.128763683315445e-5
0.002654605561975512	4.147821190586738e-5
0.002666858664521418	4.166966663314716e-5
0.002679168324818973	4.186200507529645e-5
0.002691534803926865	4.2055231311357265e-5
0.0027039583641087633	4.224934943919943e-5
0.0027164392688390077	4.2444363575609495e-5
0.0027289777828079648	4.264027785637445e-5
0.0027415741719278297	4.283709643637234e-5
0.0027542287033381213	4.3034823489658145e-5
0.0027669416454114693	4.323346320955421e-5
0.002779713267759193	4.343301980873739e-5
0.002792543841237269	4.3633497519332326e-5
0.00280543363795166	4.3834900592994684e-5
0.002818382931264393	4.4037233301006144e-5
0.0028313919957993344	4.42404999343646e-5
0.0028444611074478487	4.444470480387264e-5
0.0028575905433749077	4.464985224023293e-5
0.0028707805820246263	4.4855946594134785e-5
0.002884031503126508	4.5062992236351686e-5
0.0028973435877012593	4.527099355783218e-5
0.002910717118066522	4.5479954969789406e-5
0.00292415237784327	4.568988090380109e-5
0.0029376496519614576	4.5900775811897774e-5
0.002951209226666293	4.611264416666083e-5
0.002964831389524261	4.632549046131658e-5
0.002978516429429104	4.653931920982975e-5
0.002992264636608108	4.6754134947001686e-5
0.003006076302628155	4.696994222856492e-5
0.0030199517204018977	4.718674563127965e-5
0.0030338911841941846	4.7404549753034134e-5
0.003047894989627889	4.7623359212935765e-5
0.003061963433690598	4.78431786514156e-5
0.0030760968147406226	4.806401273032223e-5
0.003090295432513504	4.82858661330235e-5
0.003104559588128261	4.850874356450408e-5
0.0031188895840938563	4.873264975146652e-5
0.00313328572431551	4.8957589442429856e-5
0.003147748314101237	4.918356740783184e-5
0.0031622776601682584	4.941058844012905e-5
0.0031768740706496906	4.963865735390143e-5
0.003191537855100665	4.9867778985947906e-5
0.0032062693245053925	5.009795819539677e-5
0.003221068791283338	5.032919986380218e-5
0.003235936569296202	5.056150889525318e-5
0.003250872973854249	5.0794890216472676e-5
0.0032658783217233006	5.1029348776926606e-5
0.0032809529311310925	5.126488954892337e-5
0.0032960971217744633	5.150151752772604e-5
0.003311311214825821	5.173923773165351e-5
0.003326595532939944	5.197805520218669e-5
0.003341950400261043	5.2217975004078876e-5
0.0033573761424294524	5.245900222546029e-5
0.003372873086588568	5.270114197794649e-5
0.003388441561391925	5.294439939674897e-5
0.003404081897009928	5.3188779640780286e-5
0.0034197944251370127	5.343428789276601e-5
0.0034355794789986543	5.36809293593542e-5
0.0034514373933584724	5.392870927122641e-5
0.003467368504525184	5.4177632883206325e-5
0.003483373150360042	5.442770547437604e-5
0.0034994516702834683	5.467893234817964e-5
0.0035156044052828544	5.4931318832545136e-5
0.0035318316979194575	5.518487027999215e-5
0.003548133892335603	5.543959206774454e-5
0.0035645113342623325	5.5695489597849826e-5
0.0035809643710262573	5.59525682972863e-5
0.0035974933515573043	5.621083361808409e-5
0.0036140986263960007	5.647029103743894e-5
0.0036307805477008848	5.6730946057828e-5
0.0036475394692559587	5.699280420712633e-5
0.003664375746478238	5.725587103872478e-5
0.003681289736425189	5.752015213164629e-5
0.003698281797802544	5.7785653090667934e-5
0.003715352290971599	5.805237954643495e-5
0.003732501577957112	5.8320337155584224e-5
0.0037497300224547253	5.858953160086017e-5
0.0037670379898389755	5.885996859123993e-5
0.0037844258471707998	5.913165386205068e-5
0.0038018939632054743	5.940459317509362e-5
0.0038194427084003446	5.967879231876482e-5
0.003837072454922666	5.995425710817764e-5
0.0038547835766575833	6.0230993385287526e-5
0.003872576449216042	6.050900701901553e-5
0.0038904514499426696	6.0788303905371505e-5
0.003908408957923909	6.106888996758118e-5
0.003926449353995859	6.135077115620862e-5
0.003944573020752656	6.163395344928732e-5
0.003962780342554262	6.191844285244171e-5
0.003981071705534828	6.220424539901803e-5
0.003999447497610817	6.249136715021111e-5
0.004017908108489232	6.277981419519296e-5
0.004036453929675832	6.30695926512412e-5
0.004055085354483651	6.336070866387212e-5
0.004073802778040939	6.365316840696481e-5
0.004092606597299875	6.394697808289727e-5
0.004111497211044993	6.424214392267803e-5
0.004130475019901353	6.453867218607393e-5
0.004149540426343343	6.483656916174752e-5
0.004168693834703058	6.513584116738814e-5
0.004187935651178851	6.543649454984539e-5
0.004207266283844074	6.573853568526581e-5
0.004226686142655645	6.60419709792267e-5
0.004246195639462727	6.634680686687178e-5
0.004265795188015453	6.665304981304746e-5
0.004285485203973899	6.696070631244307e-5
0.0043052661049165775	6.726978288972368e-5
0.004325138310349433	6.75802860996705e-5
0.004345102241715013	6.789222252732429e-5
0.004365158322400836	6.820559878811619e-5
0.004385306977748943	6.852042152801674e-5
0.004405548635064552	6.883669742367143e-5
0.0044258837236251375	6.915443318254234e-5
0.004446312674689826	6.94736355430551e-5
0.004466835921508219	6.979431127473674e-5
0.004487453899329696	7.011646717836104e-5
0.004508167045412764	7.044011008609467e-5
0.004528975799034149	7.076524686163934e-5
0.004549880601498149	7.109188440037787e-5
0.0045708818961461145	7.142002962952242e-5
0.0045919801283657025	7.174968950825916e-5
0.004613175745600384	7.20808710278968e-5
0.004634469197359034	7.241358121201649e-5
0.0046558609352252145	7.274782711661706e-5
0.0046773514128670285	7.30836158302689e-5
0.004698941086046515	7.342095447426092e-5
0.004720630412629545	7.37598502027552e-5
0.004742419852595228	7.410031020293413e-5
0.004764309868045949	7.444234169515724e-5
0.004786300923217107	7.478595193311364e-5
0.004808393484486778	7.513114820397298e-5
0.004830588020385829	7.54779378285436e-5
0.004852885001607729	7.58263281614262e-5
0.004875284901018628	7.61763265911712e-5
0.004897788193667235	7.652794054043344e-5
0.004920395356795032	7.688117746613197e-5
0.0049431068698463365	7.723604485960747e-5
0.00496592321447846	7.759255024678123e-5
0.004988844874572004	7.795070118831626e-5
0.00501187233624098	7.831050527977574e-5
0.005035006087843241	7.86719701517864e-5
0.005058246619990783	7.903510347019971e-5
0.00508159442556011	7.939991293625436e-5
0.005105049999702821	7.976640628674198e-5
0.005128613839855953	8.013459129416932e-5
0.00515228644575258	8.050447576692435e-5
0.00517606831943257	8.087606754944487e-5
0.005199959965252965	8.124937452238138e-5
0.005223961889898807	8.162440460276682e-5
0.005248074602393932	8.200116574418604e-5
0.005272298614111701	8.237966593694427e-5
0.00529663443878578	8.275991320823636e-5
0.005321082592521217	8.3141915622321e-5
0.0053456435938052105	8.352568128068975e-5
0.0053703179635181675	8.391121832224126e-5
0.00539510622494474	8.429853492345469e-5
0.005420008903785009	8.468763929856604e-5
0.005445026528165434	8.507853969974055e-5
0.005470159628650259	8.547124441725261e-5
0.005495408738252605	8.586576177966076e-5
0.005520774392445929	8.626210015398867e-5
0.0055462571291751694	8.666026794590139e-5
0.00557185748886832	8.706027359988829e-5
0.0055975760144478665	8.746212559944428e-5
0.005623413251342191	8.786583246725069e-5
0.005649369747497246	8.827140276536032e-5
0.005675446053388128	8.867884509538163e-5
0.005701642722030775	8.908816809866458e-5
0.005727960308993585	8.949938045648601e-5
0.005754399372409319	8.99124908902394e-5
0.005780960472986887	9.032750816162335e-5
0.005807644174023199	9.074444107283125e-5
0.00583445104141514	9.116329846674338e-5
0.005861381643671476	9.15840892271183e-5
0.005888436551925141	9.200682227879048e-5
0.005915616339945015	9.243150658786067e-5
0.00594292158414822	9.285815116189467e-5
0.005970352863612541	9.32867650501247e-5
0.0059979107600882375	9.37173573436416e-5
0.00602559585801081	9.41499371756028e-5
0.006053408744513156	9.458451372143124e-5
0.0060813500094379636	9.502109619901876e-5
0.006109420245350383	9.545969386893445e-5
0.0061376200475504045	9.590031603462937e-5
0.0061659500140855	9.634297204264609e-5
0.006194410745763351	9.678767128283046e-5
0.0062230028461645465	9.723442318854398e-5
0.006251726921655265	9.768323723687686e-5
0.0062805835814001565	9.813412294886523e-5
0.006309573437375315	9.858708988971111e-5
0.006338697104380994	9.904214766899928e-5
0.006367955200054912	9.949930594092502e-5
0.006397348344885062	9.995857440451527e-5
0.0064268771622229826	1.0041996280385849e-4
0.006456542278296742	1.0088348092833175e-4
0.006486344322224363	1.0134913861283616e-4
0.006516283926027072	1.018169457380316e-4
0.006546361724642472	1.0228691223057191e-4
0.006576578355938223	1.0275904806335009e-4
0.006606934460725175	1.0323336325573713e-4
0.00663743068277127	1.0370986787383495e-4
0.006668067668814712	1.0418857203072053e-4
0.006698846068577874	1.0466948588670379e-4
0.006729766534780912	1.0515261964958387e-4
0.006760829723155476	1.0563798357490942e-4
0.006792036292458489	1.0612558796624332e-4
0.006823386904486098	1.0661544317543291e-4
0.006854882224087533	1.071075596028824e-4
0.006886522919179017	1.0760194769782943e-4
0.006918309660757974	1.0809861795863022e-4
0.006950243122916894	1.0859758093304301e-4
0.006982323982857586	1.0909884721852201e-4
0.007014552920905359	1.0960242746251467e-4
0.007046930620523334	1.1010833236276518e-4
0.00707945776832658	1.1061657266762067e-4
0.00711213505409658	1.111271591763473e-4
0.0071449631707956734	1.1164010273945168e-4
0.0071779428145814644	1.1215541425900726e-4
0.007211074684821364	1.1267310468898899e-4
0.00724435948410708	1.1319318503561331e-4
0.007277797918269324	1.1371566635768837e-4
0.007311390696392528	1.1424055976697116e-4
0.007345138530829326	1.1476787642852857e-4
0.00737904213721563	1.1529762756111526e-4
0.007413102234485228	1.1582982443755222e-4
0.007447319544884742	1.1636447838511937e-4
0.007481694793988483	1.1690160078595556e-4
0.007516228710713474	1.1744120307747052e-4
0.007550922027334386	1.1798329675276525e-4
0.00758577547949861	1.1852789336106469e-4
0.007620789806241354	1.1907500450816159e-4
0.007655965750000743	1.1962464185687176e-4
0.007691304056632944	1.2017681712750144e-4
0.007726805475427478	1.2073154209832969e-4
0.007762470759122356	1.2128882860610126e-4
0.007798300663919372	1.2184868854653523e-4
0.007834295949499442	1.2241113387484822e-4
0.007870457379037937	1.229761766062926e-4
0.00790678571922003	1.235438288167099e-4
0.007943281740256061	1.2411410264310074e-4
0.007979946215897038	1.2468701028421354e-4
0.008016779923449943	1.2526256400114744e-4
0.008053783643793333	1.2584077611797824e-4
0.008090958161392797	1.2642165902240085e-4
0.008128304264316363	1.270052251663907e-4
0.008165822744250081	1.2759148706688864e-4
0.008203514396513525	1.2818045730650536e-4
0.008241380020075337	1.2877214853424958e-4
0.008279420417568767	1.2936657346627851e-4
0.008317636395307068	1.2996374488667055e-4
0.008356028763299342	1.3056367564822987e-4
0.008394598335265721	1.311663786733067e-4
0.008433345928653108	1.3177186695465312e-4
0.008472272364650521	1.3238015355630095e-4
0.008511378468204808	1.3299125161447437e-4
0.00855066506803595	1.336051743385261e-4
0.00859013299665251	1.3422193501190757e-4
0.008629783090367063	1.348415469931706e-4
0.008669616189311696	1.3546402371700478e-4
0.008709633137453182	1.360893786953032e-4
0.00874983478260842	1.3671762551826976e-4
0.008790221976459608	1.3734877785555872e-4
0.00883079557456945	1.379828494574539e-4
0.008871556436396477	1.386198541560894e-4
0.008912505425309775	1.3925980586670255e-4
0.008953643408604384	1.3990271858894002e-4
0.008994971257515985	1.405486064081968e-4
0.00903648984723579	1.4119748349700415e-4
0.009078200056925473	1.418493641164655e-4
0.009120102769731561	1.4250426261773217e-4
0.009162198872800342	1.431621934435374e-4
0.00920448925729199	1.438231711297701e-4
0.00924697481839519	1.4448721030711003e-4
0.009289656455341147	1.451543257027075e-4
0.009332535071417875	1.4582453214192535e-4
0.009375611573983894	1.464978445501291e-4
0.009418886874482363	1.4717427795454482e-4
0.009462361888454368	1.4785384748616505e-4
0.009506037535552736	1.4853656838172746e-4
0.009549914739555146	1.4922245598574733e-4
0.009593994428377176	1.4991152575261697e-4
0.009638277534085513	1.5060379324877683e-4
0.009682764992910431	1.5129927415494647e-4
0.009727457745258336	1.519979842684296e-4
0.009772356735724269	1.5269993950549384e-4
0.009817462913103661	1.5340515590381583e-4
0.009862777230404296	1.5411364962500867e-4
0.009908300644857843	1.548254369572242e-4
0.00995403411793118	1.5554053431783495e-4
0.009999978615337385	1.5625895825619642e-4
0.01004613510704623	1.5698072545648937e-4
0.010092504567294977	1.5770585274065606e-4
0.010139087974598088	1.5843435707141182e-4
0.010185886311757292	1.5916625555535593e-4
0.010232900565870687	1.5990156544616385e-4
0.010280131728341982	1.6064030414787993e-4
0.010327580794889227	1.6138248921830297e-4
0.01037524876555286	1.6212813837246422e-4
0.010423136644703776	1.6287726948621052e-4
0.010471245441050867	1.6362990059988743e-4
0.010519576167647787	1.643860499221195e-4
0.010568129841899754	1.6514573583370335e-4
0.010616907485569552	1.6590897689160337e-4
0.010665910124783365	1.666757918330609e-4
0.010715138790035647	1.6744619957980797e-4
0.010764594516193896	1.6822021924240088e-4
0.010814278342502814	1.6899787012466852e-4
0.010864191312587687	1.6977917172827402e-4
0.010914334474457457	1.7056414375740122e-4
0.010964708880507143	1.7135280612356118e-4
0.011015315587519545	1.7214517895052132e-4
0.011066155656666396	1.729412825793616e-4
0.011117230153508975	1.737411375736604e-4
0.011168540147997896	1.7454476472480827e-4
0.011220086714472194	1.7535218505745318e-4
0.011271870931657962	1.761634198350842e-4
0.011323893882665956	1.769784905657468e-4
0.01137615665498859	1.777974190078983e-4
0.011428660340496263	1.7862022717640523e-4
0.011481406035432712	1.7944693734867992e-4
0.011534394840409634	1.802775720709628e-4
0.011587627860400476	1.811121541647505e-4
0.011641106204733423	1.8195070673337327e-4
0.011694830987083474	1.8279325316872123e-4
0.011748803325463478	1.8363981715812083e-4
0.011803024342214488	1.8449042269136855e-4
0.011857495163994952	1.8534509406791663e-4
0.011912216921769123	1.8620385590421924e-4
0.011967190750794346	1.8706673314123547e-4
0.012022417790607295	1.8793375105209288e-4
0.012077899185009275	1.888049352499151e-4
0.012133636082050425	1.896803116958133e-4
0.012189629634012683	1.9055990670704061e-4
0.012245880997391975	1.9144374696532032e-4
0.012302391332878818	1.92331859525335e-4
0.012359161805338026	1.9322427182339128e-4
0.012416193583787274	1.9412101168625692e-4
0.012473487841374184	1.9502210734016764e-4
0.012531045755352313	1.9592758742001073e-4
0.012588868507055984	1.9683748097868732e-4
0.012646957281873553	1.977518174966476e-4
0.012705313269219476	1.986706268916071e-4
0.012763937662505123	1.9959393952844462e-4
0.012822831659108039	2.0052178622927892e-4
0.01288199646033987	2.0145419828372895e-4
0.01294143327141277	2.0239120745935653e-4
0.013001143301404644	2.0333284601229808e-4
0.013061127763222352	2.042791466980743e-4
0.01312138787356397	2.0523014278259457e-4
0.01318192485287914	2.0618586805334454e-4
0.013242739925328081	2.0714635683076495e-4
0.013303834318738578	2.0811164397981422e-4
0.013365209264561972	2.0908176492173095e-4
0.01342686599782697	2.1005675564597913e-4
0.01348880575709202	2.1103665272239008e-4
0.013551029784395902	2.120214933134949e-4
0.013613539325206578	2.1301131518705095e-4
0.013676335628368494	2.1400615672876545e-4
0.013739419946047438	2.150060569552038e-4
0.013802793533674584	2.1601105552690878e-4
0.013866457649887809	2.1702119276170153e-4
0.013930413556471483	2.1803650964818494e-4
0.013994662518294537	2.190570478594459e-4
0.01405920580324628	2.2008284976695054e-4
0.01412404468217042	2.211139584546389e-4
0.014189180428797216	2.221504177332203e-4
0.014254614319673273	2.2319227215466148e-4
0.014320347634089917	2.2423956702688271e-4
0.014386381654008809	2.2529234842864323e-4
0.014452717663986037	2.263506632246346e-4
0.014519356951093812	2.2741455908076937e-4
0.01458630080484026	2.2848408447967392e-4
0.014653550517086722	2.295592887363769e-4
0.014721107381963416	2.30640222014207e-4
0.014788972695782193	2.3172693534088056e-4
0.01485714775694788	2.3281948062480468e-4
0.014925633865866816	2.3391791067157254e-4
0.014994432324853216	2.3502227920066323e-4
0.015063544438033483	2.361326408623477e-4
0.015132971511248039	2.3724905125479558e-4
0.015202714851950808	2.3837156694138487e-4
0.015272775769106628	2.395002454682203e-4
0.015343155573085868	2.406351453818491e-4
0.015413855575557106	2.4177632624718925e-4
0.01548487708937707	2.4292384866565745e-4
0.015556221428478442	2.440777742935079e-4
0.015627889907755085	2.452381658603756e-4
0.01569988384294478	2.4640508718802616e-4
0.015772204550509664	2.475786032093166e-4
0.015844853347514135	2.487587799873641e-4
0.015917831551500172	2.4994568473492274e-4
0.015991140480360252	2.5113938583397295e-4
0.0160647814522078	2.523399528555232e-4
0.016138755785245013	2.5354745657962265e-4
0.016213064797628157	2.54761969015588e-4
0.016287709807330505	2.559835634224483e-4
0.016362692132002393	2.572123143296009e-4
0.016438013088828973	2.584482975576894e-4
0.01651367399438544	2.5969159023970183e-4
0.01658967616448931	2.6094227084228286e-4
0.016666020914050672	2.62200419187279e-4
0.016742709556919408	2.634661164734994e-4
0.016819743405729906	2.647394452987063e-4
0.016897123771743405	2.6602048968183556e-4
0.01697485196468755	2.6730933508544645e-4
0.01705292929259325	2.6860606843840155e-4
0.017131357061629326	2.699107781587893e-4
0.017210136575934107	2.712235541770766e-4
0.017289269137444788	2.7254448795950873e-4
0.017368756045723965	2.738736725317483e-4
0.01744859859778372	2.752112025027642e-4
0.01752879808790707	2.7655717408896967e-4
0.017609355807466767	2.779116851386121e-4
0.01769027304474184	2.792748351564258e-4
0.01777155108473097	2.8064672532853477e-4
0.017853191208964017	2.8202745854763326e-4
0.017935194695310533	2.834171394384259e-4
0.0180175628177858	2.8481587438334356e-4
0.01810029684635457	2.8622377154853936e-4
0.018183398046732094	2.8764094091016454e-4
0.01826686768018264	2.890674942809317e-4
0.01835070700331566	2.905035453369721e-4
0.018434917267879533	2.919492096449914e-4
0.018519499720552626	2.934046046897262e-4
0.018604455602732134	2.948698499017117e-4
0.01868978615032041	2.963450666853643e-4
0.018775492593509066	2.9783037844738754e-4
0.018861576156560464	2.993259106255027e-4
0.018948038057587033	3.008317907175164e-4
0.01903487950832833	3.0234814831073183e-4
0.01912210171392552	3.03875115111704e-4
0.019209705872693994	3.0541282497635787e-4
0.01929769317589336	3.0696141394046515e-4
0.019386064807495496	3.085210202504979e-4
0.019474821943950338	3.100917843948609e-4
0.01956396575394942	3.116738491355124e-4
0.019653497398187475	3.132673595399855e-4
0.01974341802912187	3.1487246301381604e-4
0.019833728790729838	3.1648930933338414e-4
0.019924430818264047	3.18118050679188e-4
0.020015525238005802	3.1975884166954836e-4
0.020107013167016602	3.214118393947641e-4
0.020198895712887577	3.2307720345172146e-4
0.020291173973487273	3.2475509597897567e-4
0.020383849036707452	3.2644568169230864e-4
0.020476921980207105	3.281491279207783e-4
0.020570393871154807	3.298656046432718e-4
0.020664265765969483	3.3159528452557515e-4
0.020758538710059116	3.3333834295796457e-4
0.020853213737558426	3.350949580933474e-4
0.020948291871064402	3.368653108859461e-4
0.021043774121370887	3.386495851305599e-4
0.02113966148720111	3.4044796750239695e-4
0.02123595495493942	3.422606475975115e-4
0.02133265549836119	3.44087817973844e-4
0.021429764078361495	3.4592967419288595e-4
0.021527281642682798	3.477864148619902e-4
0.02162520912564115	3.4965824167733123e-4
0.021723547447851273	3.5154535946753835e-4
0.021822297515950648	3.534479762380176e-4
0.02192146022232258	3.553663032159797e-4
0.022021036444818128	3.573005548961857e-4
0.022121027046477157	3.5925094908743487e-4
0.022221432875248734	3.6121770695981214e-4
0.022322254763710234	3.6320105309270293e-4
0.0224234935287864	3.6520121552361534e-4
0.022525149971467	3.6721842579780277e-4
0.022627224876524146	3.6925291901872585e-4
0.02272971901222942	3.71304933899372e-4
0.022832633130069786	3.7337471281443844e-4
0.02293596796446354	3.75462501853417e-4
0.023039724232475828	3.775685508745937e-4
0.02314390263353367	3.7969311355998234e-4
0.023248503849141018	3.8183644747122433e-4
0.023353528542593302	3.8399881410646343e-4
0.023458977358692075	3.8618047895823133e-4
0.023564850923459703	3.8838171157236335e-4
0.023671149843853656	3.9060278560796045e-4
0.023777874707481474	3.9284397889844037e-4
0.023885026082315332	3.951055735136811e-4
0.023992604516407202	3.973878558233011e-4
0.024100610537604192	3.9969111656109143e-4
0.024209044653264088	4.020156508906286e-4
0.024317907349971635	4.0436175847209963e-4
0.024427199093255053	4.0672974353036183e-4
0.024536920327303292	4.091199149242689e-4
0.02464707147468384	4.115325862172912e-4
0.024757652936061164	4.139680757494576e-4
0.02486866508991626	4.1642670671065735e-4
0.024980108292266656	4.1890880721531977e-4
0.025091982876387538	4.2141471037851334e-4
0.0252042891525339	4.2394475439349325e-4
0.025317027407663728	4.2649928261073017e-4
0.02543019790516237	4.2907864361845237e-4
0.025543800884567897	4.316831913247338e-4
0.02565783656129802	4.343132850411688e-4
0.02577230512637836	4.369692895681651e-4
0.025887206746171842	4.3965157528188663e-4
0.02600254156211001	4.4236051822289443e-4
0.02611830969042555	4.450965001865105e-4
0.026234511221886678	4.478599088149524e-4
0.02635114622153316	4.506511376912735e-4
0.02646821472841413	4.5347058643515015e-4
0.026585716755327844	4.5631866080055706e-4
0.026703652288563112	4.5919577277536765e-4
0.02682202128764314	4.621023406829334e-4
0.026940823685071016	4.650387892856708e-4
0.027060059386077695	4.68005549890714e-4
0.027179728268371943	4.710030604576679e-4
0.02729983018189263	4.740317657085129e-4
0.0274203649485635	4.7709211723971103e-4
0.027541332362050183	4.801845736365545e-4
0.027662732187519787	4.8330960058981255e-4
0.027784564161403104	4.864676710147244e-4
0.027906827991159233	4.896592651723863e-4
0.02802952335504314	4.928848707935925e-4
0.02815264990187588	4.961449832051792e-4
0.028276207250817496	4.994401054589222e-4
0.028400194991143178	5.027707484630573e-4
0.02852461268202186	5.061374311164619e-4
0.02864945985229842	5.095406804455767e-4
0.02877473600027842	5.129810317441078e-4
0.028900440593516402	5.164590287155877e-4
0.029026573068607217	5.199752236188444e-4
0.02915313283098052	5.235301774164467e-4
0.029280119254698943	5.271244599261978e-4
0.02940753168225929	5.307586499757309e-4
0.029535369424397384	5.344333355602848e-4
0.02966363175989644	5.381491140037285e-4
0.029792317935398868	5.419065921228985e-4
0.029921427165221948	5.457063863953338e-4
0.030050958631176926	5.495491231304701e-4
0.030180911482392006	5.534354386443803e-4
0.030311284835139223	5.573659794381354e-4
0.030442077772664868	5.613414023798597e-4
0.0305732893450242	5.653623748905748e-4
0.030704918568919812	5.694295751339039e-4
0.030836964427544272	5.735436922097299e-4
0.030969425870426504	5.777054263518882e-4
0.031102301813282628	5.819154891299913e-4
0.031235591137870722	5.861746036554701e-4
0.03136929269184994	5.904835047919313e-4
0.0315034052886437	5.948429393699199e-4
0.031637927707307535	5.992536664061985e-4
0.03177285869240079	6.037164573276222e-4
0.03190819695386315	6.082320961997372e-4
0.03204394116689539	6.128013799601913e-4
0.03218008997184472	6.174251186570708e-4
0.032316641974094465	6.221041356922739e-4
0.032453595743958466	6.268392680700315e-4
0.03259094981658016	6.316313666507003e-4
0.03272870269183591	6.364812964099313e-4
0.032866852834243544	6.413899367033536e-4
0.03300539867287522	6.463581815368875e-4
0.03314433860127507	6.513869398428108e-4
0.033283670977381816	6.564771357617267e-4
0.03342339412345606	6.616297089305479e-4
0.03356350632601236	6.668456147766464e-4
0.03370400583575634	6.721258248183081e-4
0.033844890867526546	6.774713269716327e-4
0.03398615960024133	6.828831258640323e-4
0.03412781017685065	6.88362243154476e-4
0.034269840704292856	6.939097178606405e-4
0.03441224925345645	6.995266066931222e-4
0.034555033859146995	7.052139843968764e-4
0.034698192520058846	7.109729441000501e-4
0.03484172319875221	7.168045976703842e-4
0.03498562382163513	7.227100760793539e-4
0.03512989227895064	7.286905297742366e-4
0.03527452642476905	7.347471290582841e-4
0.0354195240769853	7.408810644791977e-4
0.03556488301732162	7.470935472260933e-4
0.0357106009913352	7.53385809535161e-4
0.03585667570843122	7.597591051042267e-4
0.03600310484188088	7.662147095164142e-4
0.03614988602884483	7.727539206731416e-4
0.03629701687040161	7.79378059236653e-4
0.036444494931581625	7.860884690823334e-4
0.036592317741406005	7.92886517761023e-4
0.03674048279293093	7.997735969715745e-4
0.03688898754329708	8.067511230439046e-4
0.037037829413784515	8.138205374327865e-4
0.03718700578987254	8.20983307222637e-4
0.03733651402130507	8.282409256435775e-4
0.03748635142216106	8.355949125990176e-4
0.037636515270930315	8.430468152050691e-4
0.0377870028105945	8.505982083420495e-4
0.03793781124871336	8.582506952183888e-4
0.03808893775751631	8.660059079472351e-4
0.038240379473999095	8.738655081360575e-4
0.03839213350002581	8.818311874895867e-4
0.038544196902436045	8.899046684264003e-4
0.038696566713157396	8.980877047094981e-4
0.03884923992932303	9.063820820912104e-4
0.039002213513394494	9.147896189727851e-4
0.03915548439328974	9.233121670790308e-4
0.039309049462516295	9.319516121483756e-4
0.03946290558030962	9.407098746387309e-4
0.03961704957177659	9.49588910449555e-4
0.039771478228044096	9.585907116605102e-4
0.03992618830641274	9.677173072871405e-4
0.040081176530515704	9.769707640539915e-4
0.04023643959048261	9.863531871856061e-4
0.04039197414310856	9.958667212158529e-4
0.04054777681202798	0.0010055135508160397
0.04070384418789375	0.0010152959016422973
0.040860172828561164	0.0010252160412027162
0.04101675925927686	0.0010352762797447314
0.04117359997287285	0.00104547897116329
0.04133069142996525	0.001055826513930298
0.04148803005915809	0.0010663213520459268
0.0416456122572518	0.001076965976012306
0.041803434389456856	0.0010877629238302067
0.0419614927896119	0.0010987147820192807
0.04211978376040681	0.0011098241866624716
0.0422783035736105	0.0011210938244752301
0.042437048470303496	0.0011325264339001636
0.042596014661115046	0.0011441248062277806
0.0427551983264652	0.001155891786744026
0.04291459561681109	0.0011678302759052647
0.04307420265289815	0.0011799432305414782
0.04323401552601579	0.0011922336650883765
0.043394030298257516	0.001204704652849201
0.043554243002785716	0.0012173593272869934
0.04371464964410066	0.001230200883348122
0.043875246198314115	0.001243232578817914
0.04403602861342723	0.0012564577357092176
0.04419699280961286	0.0012698797416847878
0.044358134679502136	0.0012835020515143765
0.044519450088475146	0.0012973281885674554
0.04468093487495612	0.0013113617463425295
0.04484258485071263	0.0013256063900340183
0.04500439580115891	0.0013400658581376951
0.04516636348566337	0.001354743964095746
0.04532848363786009	0.0013696445979824805
0.045490751965964284	0.0013847717282318302
0.045653164153091945	0.0014001294034077317
0.04581571585758308	0.0014157217540185665
0.04597840271332922	0.001431552994376865
0.04614122033010438	0.0014476274245054798
0.04630416429390008	0.0014639494320915286
0.046467230167264	0.001480523494489375
0.04663041348964235	0.001497354180774027
0.04679370977772597	0.0015144461538463111
0.04695711452579985	0.0015318041725912418
0.04712062320609635	0.0015494330940910876
0.047284231269152016	0.0015673378758946045
0.04744793414416762	0.0015855235783440137
0.04761172723937185	0.0016039953669613248
0.0477756059423882	0.0016227585148956439
0.047939565620605286	0.0016418184054331761
0.04810360162155038	0.0016611805345716753
0.04826770927326617	0.0016808505136611314
0.04843188388469077	0.0017008340721125792
0.04859612074604067	0.0017211370601769018
0.04876041512919703	0.001741765451795657
0.0489247622880947	0.001762725347525903
0.04908915745911438	0.0017840229775411692
0.04925359586147785	0.001805664704710702
0.049418072697645664	0.001827657027759207
0.04958258315371804	0.0018500065845094018
0.04974712239983837	0.001872720155209748
0.04991168559059942	0.0018958046659497605
0.05007626786545239	0.0019192671921654668
0.05024086434911821	0.0019431149622375413
0.050405470152001836	0.0019673553611848477
0.050570080370608804	0.0019919959344561027
0.050734690087964295	0.002017044391822525
0.05089929437403468	0.002042508611374384
0.051063888286151334	0.0020683966436244707
0.051228466869436766	0.0020947167157216212
0.05139302515723311	0.002121477235777501
0.05155755817153279	0.002148686797309944
0.05172206092341123	0.002176354183806321
0.05188652841346181	0.002204488373410382
0.052050955632232714	0.0022330985437362984
0.052215337560666014	0.0022621940768136214
0.052379669170538476	0.0022917845641670185
0.05254394542490447	0.0023218798120348406
0.05270816127854043	0.0023524898467305643
0.052872311678391515	0.0023836249201514698
0.053036391564019666	0.002415295515438877
0.053200395868053495	0.002447512352794503
0.053364319516639926	0.00248028639545766
0.05352815742989721	0.0025136288558480543
0.05369190452236964	0.0025475512018792628
0.0538555557034837	0.0025820651634480113
0.05401910587800567	0.0026171827391045475
0.05418254994650068	0.0026529162029096946
0.05434588280579292	0.0026892781114841455
0.0545090993494274	0.0027262813112559807
0.05467219446813272	0.002763938945912389
0.05483516305028517	0.0028022644640618866
0.054997999982374014	0.002841271627113512
0.05516070014946762	0.002880974517379592
0.05532325843568092	0.002921387546409108
0.05548566972464375	0.0029625254635587046
0.05564792889997	0.0030044033648087124
0.05581003084572797	0.0030470367018318564
0.05597197044691129	0.0030904412913224317
0.0561337425899107	0.0031346333245941705
0.05629534216298671	0.003179629377455131
0.05645676405674284	0.003225446420368376
0.05661800316459958	0.003272101828907337
0.05677905438326884	0.003319613394515192
0.05693991261322915	0.0033679993355779122
0.05710057275920117	0.003417278308820792
0.05726102973062383	0.003467469421038852
0.05742127844213084	0.003518592241171648
0.057581313814027424	0.003570666812733466
0.05774113077276763	0.0036237136666103756
0.05790072425143171	0.0036777538342357132
0.05806008919020381	0.003732808861156306
0.05821922053684994	0.003788900821001955
0.058378113247195794	0.0038460523298711313
0.05853676228560501	0.003904286561146438
0.058695162625457216	0.003963627260753728
0.0588533092496262	0.00402409876287929
0.05901119715095805	0.00408572600616004
0.05916882133274907	0.004148534550362122
0.059326176809223675	0.004212550593563955
0.059483258606012085	0.004277800989860254
0.05964006176062773	0.004344313267604137
0.05979658132294452	0.004412115648205108
0.05995281235567358	0.004481237065501186
0.060108749934839806	0.00455170718572432
0.06026438915025793	0.004623556428078708
0.060419725106008154	0.004696815985952402
0.06057475292091127	0.00477151784878347
0.060729467729003284	0.004847694824602349
0.06088386468000928	0.004925380563273305
0.061037938939816946	0.005004609580458409
0.0611916856909491	0.005085417282328292
0.061345100133035825	0.005167839991045005
0.06149817748328546	0.005251914971043068
0.0616509129769551	0.0053376804561357715
0.06180330186782004	0.005425175677474896
0.06195533942864247	0.005514440892392793
0.06210702095163907	0.005605517414157249
0.06225834174894772	0.005698447642670019
0.06240929715309305	0.005793275096141829
0.0625598825174511	0.005890044443777299
0.06271009321671263	0.005988801539504593
0.06285992464734551	0.006089593456786142
0.06300937222805554	0.006192468524547636
0.06315843140024638	0.006297476364264537
0.0633070976284779	0.006404667928246178
0.06345536640092327	0.006514095539159447
0.0636032332298247	0.006625812930835475
0.0637506936519476	0.006739875290404244
0.06389774322903334	0.006856339301804149
0.06404437754825043	0.00697526319071475
0.06419059222264409	0.007096706770963236
0.06433638289158429	0.007220731492456946
0.06448174522121186	0.007347400490695906
0.06462667490488319	0.007476778637922099
0.06477116766361282	0.007608932595963734
0.0649152192465145	0.007743930870835208
0.06505882543124009	0.00788184386915611
0.06520198202441674	0.008022743956454265
0.06534468486208202	0.008166705517421421
0.06548692981011689	0.008313805018191766
0.06562871276467686	0.00846412107071701
0.06577002965262081	0.008617734499314031
0.06591087643193765	0.008774728409464442
0.06605124909217075	0.008935188258948438
0.06619114365484027	0.009099201931398406
0.06633055617386276	0.009266859812361148
0.06646948273596887	0.00943825486796147
0.06660791946111805	0.009613482726262555
0.06674586250291133	0.009792641761423738
0.06688330804900101	0.00997583318075895
0.0670202523214982	0.010163161114804083
0.06715669157737737	0.010354732710505438
0.06729262210887833	0.01055065822764592
0.06742804024390542	0.010751051138630695
0.06756294234642377	0.010956028231758208
0.06769732481685292	0.011165709718108308
0.06783118409245718	0.011380219342184231
0.06796451664773315	0.0115996844964499
0.06809731899479417	0.011824236339911795
0.06822958768375166	0.012054009920898397
0.06836131930309317	0.012289144304197903
0.06849251048005733	0.012529782702721176
0.06862315788100536	0.012776072613863166
0.06875325821178926	0.013028165960744346
0.06888280821811665	0.013286219238519772
0.06901180468591198	0.013550393665952152
0.06914024444167427	0.013820855342453283
0.06926812435283122	0.014097775410805813
0.06939544132808957	0.014381330225787697
0.0695221923177818	0.014671701528929458
0.06964837431420895	0.014969076629644914
0.06977398435197962	0.015273648592985833
0.06989901950834489	0.015585616434281323
0.07002347690352939	0.015905185320934292
0.07014735370105818	0.01623256678165792
0.07027064710807947	0.016567978923448395
0.07039335437568321	0.01691164665660139
0.07051547279921529	0.017263801928093358
0.07063699971858738	0.017624683963663224
0.07075793251858246	0.017994539518942768
0.0708782686291557	0.018373623140000808
0.07099800552573084	0.01876219743368006
0.07111714072949189	0.019160533348124037
0.07123567180767022	0.019568910463905985
0.07135359637382667	0.01998761729619276
0.07147091208812897	0.020416951608392298
0.07158761665762411	0.020857220737755026
0.07170370783650583	0.021308741933419396
0.07181918342637683	0.02177184270741291
0.071934041276506	0.02224686119914288
0.07204827928408042	0.022734146553934912
0.07216189539445186	0.023234059316200553
0.07227488760137811	0.0237469718378431
0.07238725394725876	0.024273268702536103
0.07249899252336545	0.024813347166537606
0.07261010147006654	0.02536761761673369
0.07272057897704609	0.02593650404663449
0.07283042328351706	0.02652044455107972
0.0729396326784287	0.027119891840443427
0.07304820550066804	0.02773531377516418
0.07315614013925534	0.02836719392146481
0.07326343503353358	0.02901603212916202
0.07337008867335176	0.02968234513251289
0.07347609959924191	0.030366667175080533
0.07358146640259002	0.031069550659654294
0.07368618772580038	0.031791566824300635
0.07379026226245364	0.032533306445674516
0.07389368875745835	0.03329538057077137
0.07399646600719581	0.03407842127835375
0.0740985928596584	0.03488308247134571
0.07420006821458115	0.03571004070154691
0.07430089102356638	0.036559996028079904
0.07440106029020166	0.03743367291105407
0.07450057507017072	0.03833182114199425
0.07459943447135733	0.039255216812658755
0.0746976376539422	0.04020466332394468
0.07479518383049259	0.04118099243666294
0.07489207226604477	0.042185065366043044
0.07498830227817924	0.043217773921922546
0.07508387323708843	0.04428004169666693
0.07517878456563722	0.0453728253029595
0.07527303573941571	0.04649711566370934
0.07536662628678466	0.04765393935642954
0.07545955578891309	0.04884436001454982
0.07555182387980847	0.0500694797882522
0.07564343024633895	0.05133044086753544
0.07573437462824786	0.052628427070351855
0.07582465681816042	0.053964665498797346
0.0759142766615824	0.05534042826647415
0.07600323405689101	0.05675703430031053
0.0760915289553175	0.058215851220269406
0.07617916136092195	0.05971829730055715
0.0762661313305598	0.06126584351611421
0.07635243897384016	0.06286001567836286
0.07643808445307597	0.06450239666437797
0.07652306798322596	0.06619462874385779
0.07660738983182806	0.06793841600848839
0.07669105031892476	0.06973552690852665
0.07677404981697977	0.07158779690166513
0.07685638875078649	0.07349713121950038
0.0769380675973678	0.07546550775719209
0.07701908688586759	0.07749498009218203
0.0770994471974334	0.079587680638144
0.07717914916509086	0.08174582394064141
0.07725819347360922	0.08397171012130729
0.07733658085935852	0.08626772847770783
0.07741431211015781	0.0886363612464093
0.07749138806511499	0.09108018753716839
0.07756780961445779	0.09360188744656418
0.07764357769935601	0.0962042463598221
0.07771869331173518	0.0988901594500363
0.07779315749408136	0.1016626363844713
0.07786697133923724	0.10452480624813337
0.0779401359901895	0.10747992269532462
0.0780126526398473	0.11053136934047572
0.07808452253081227	0.11368266540011324
0.07815574695513942	0.11693747159847837
0.07822632725408951	0.12029959634995198
0.07829626481787261	0.12377300223214435
0.0783655610853829	0.12736181276424613
0.07843421754392475	0.13107031950601977
0.07850223572893018	0.13490298949361698
0.07856961722366747	0.13886447302930238
0.07863636365894117	0.1429596118430468
0.0787024767127835	0.14719344764496198
0.07876795811013712	0.15157123108853685
0.0788328096225292	0.15609843116574482
0.07889703306773707	0.16078074505623402
