0.001	2.5e-4
0.0010046157902783945	2.5115394756959863e-4
0.0010092528860766844	2.523132215191711e-4
0.0010139113857366789	2.534778464341697e-4
0.001018591388054117	2.5464784701352924e-4
0.0010232929922807535	2.558232480701884e-4
0.0010280162981264724	2.570040745316181e-4
0.001032761405761397	2.5819035144034925e-4
0.0010375284158180116	2.593821039545029e-4
0.0010423174293933035	2.605793573483259e-4
0.0010471285480508985	2.6178213701272463e-4
0.0010519618738232214	2.6299046845580534e-4
0.0010568175092136574	2.6420437730341435e-4
0.001061695557198723	2.6542388929968075e-4
0.001066596121230257	2.666490303075642e-4
0.0010715193052376049	2.678798263094012e-4
0.0010764652136298328	2.691163034074582e-4
0.0010814339512979364	2.703584878244841e-4
0.0010864256236170634	2.7160640590426585e-4
0.0010914403364487549	2.728600841121887e-4
0.0010964781961431828	2.741195490357957e-4
0.0011015393095414122	2.7538482738535304e-4
0.0011066237839776642	2.7665594599441605e-4
0.0011117317272815886	2.7793293182039715e-4
0.001116863247780559	2.7921581194513973e-4
0.0011220184543019607	2.8050461357549016e-4
0.001127197456175507	2.8179936404387675e-4
0.0011324003632355543	2.8310009080888856e-4
0.0011376272858234274	2.8440682145585686e-4
0.001142878334789769	2.8571958369744225e-4
0.0011481536214968794	2.8703840537421985e-4
0.0011534532578210883	2.883633144552721e-4
0.0011587773561551227	2.896943390387807e-4
0.0011641260294104872	2.910315073526218e-4
0.0011694993910198676	2.923748477549669e-4
0.0011748975549395256	2.937243887348814e-4
0.001180320635651725	2.9508015891293124e-4
0.001185768748167156	2.96442187041789e-4
0.0011912420080273701	2.9781050200684253e-4
0.0011967405313072395	2.9918513282680987e-4
0.0012022644346174082	3.0056610865435206e-4
0.0012078138351067748	3.019534587766937e-4
0.0012133888504649725	3.033472126162431e-4
0.001218989598924861	3.0474739973121527e-4
0.001224616199265044	3.06154049816261e-4
0.001230268770812376	3.07567192703094e-4
0.0012359474334445043	3.0898685836112607e-4
0.0012416523075924055	3.104130768981014e-4
0.0012473835142429368	3.118458785607342e-4
0.0012531411749414105	3.132852937353526e-4
0.001258925411794161	3.1473135294854025e-4
0.0012647363474711446	3.1618408686778614e-4
0.0012705741052085355	3.1764352630213387e-4
0.0012764388088113369	3.191097022028342e-4
0.0012823305826560152	3.205826456640038e-4
0.001288249551693127	3.2206238792328173e-4
0.0012941958414499784	3.235489603624946e-4
0.0013001695780332832	3.250423945083208e-4
0.0013061708881318339	3.2654272203295847e-4
0.0013121998990191961	3.2804997475479903e-4
0.0013182567385563993	3.295641846390998e-4
0.001324341535194656	3.31085383798664e-4
0.0013304544179780834	3.3261360449452084e-4
0.0013365955165464338	3.3414887913660844e-4
0.001342764961137856	3.35691240284464e-4
0.001348962882591645	3.3724072064791124e-4
0.0013551894123510267	3.387973530877567e-4
0.0013614446824659412	3.403611706164853e-4
0.0013677288255958397	3.419322063989599e-4
0.0013740419750125064	3.435104937531266e-4
0.0013803842646028753	3.4509606615071883e-4
0.0013867558288718782	3.4668895721796955e-4
0.0013931568029452936	3.482892007363234e-4
0.0013995873225726078	3.4989683064315196e-4
0.0014060475241299043	3.515118810324761e-4
0.001412537544622744	3.53134386155686e-4
0.001419057521689081	3.5476438042227027e-4
0.0014256075936021778	3.5640189840054445e-4
0.0014321878992735323	3.5804697481838307e-4
0.001438798578255835	3.5969964456395874e-4
0.001445439770745916	3.61359942686479e-4
0.0014521116175877302	3.6302790439693254e-4
0.001458814260275337	3.6470356506883425e-4
0.0014655478409558993	3.663869602389748e-4
0.0014723125024327073	3.6807812560817684e-4
0.001479108388168195	3.697770970420488e-4
0.0014859356422869938	3.7148391057174846e-4
0.0014927944095789838	3.7319860239474594e-4
0.0014996848355023603	3.7492120887559007e-4
0.0015066070661867294	3.7665176654668234e-4
0.0015135612484361949	3.783903121090487e-4
0.0015205475297324813	3.8013688243312033e-4
0.001527566058238059	3.8189151455951477e-4
0.00153461698279928	3.8365424569982e-4
0.0015417004529495457	3.8542511323738643e-4
0.0015488166189124668	3.872041547281167e-4
0.0015559656316050591	3.889914079012648e-4
0.0015631476426409396	3.907869106602349e-4
0.0015703628043335371	3.925907010833843e-4
0.0015776112696993339	3.9440281742483347e-4
0.0015848931924610978	3.9622329811527445e-4
0.0015922087270511538	3.9805218176278844e-4
0.0015995580286146532	3.998895071536633e-4
0.0016069412530128608	4.017353132532152e-4
0.0016143585568264705	4.0358963920661764e-4
0.0016218100973589133	4.054525243397283e-4
0.0016292960326397049	4.073240081599262e-4
0.0016368165214277917	4.092041303569479e-4
0.001644371723214914	4.110929308037285e-4
0.001651961798228998	4.129904495572495e-4
0.0016595869074375426	4.1489672685938566e-4
0.001667247212551044	4.16811803137761e-4
0.0016749428760264194	4.1873571900660485e-4
0.0016826740610704485	4.206685152676121e-4
0.001690440931643246	4.226102329108115e-4
0.0016982436524617252	4.245609131154313e-4
0.0017060823890031034	4.2652059725077586e-4
0.001713957307508406	4.284893268771015e-4
0.0017218685749859867	4.3046714374649666e-4
0.001729816359215082	4.324540898037705e-4
0.001737800828749355	4.3445020718733875e-4
0.0017458221529204824	4.364555382301206e-4
0.0017538805018417405	4.384701254604351e-4
0.0017619760464116076	4.404940116029019e-4
0.0017701089583174003	4.425272395793501e-4
0.001778279410038901	4.4456985250972527e-4
0.001786487574852028	4.46621893713007e-4
0.0017947336268325045	4.486834067081261e-4
0.0018030177408595459	4.5075443521488647e-4
0.0018113400926195802	4.5283502315489506e-4
0.0018197008586099603	4.549252146524901e-4
0.0018281002161427183	4.570250540356796e-4
0.001836538343348323	4.5913458583708076e-4
0.0018450154191794492	4.612538547948623e-4
0.0018535316234147877	4.6338290585369693e-4
0.0018620871366628428	4.655217841657107e-4
0.0018706821403657748	4.676705350914437e-4
0.0018793168168032435	4.698292042008109e-4
0.0018879913490962674	4.7199783727406685e-4
0.001896705921211121	4.741764803027803e-4
0.001905460717963221	4.7636517949080527e-4
0.0019142559250210586	4.7856398125526464e-4
0.001923091728910132	4.80772932227533e-4
0.0019319683170168965	4.8299207925422413e-4
0.0019408858775927516	4.852214693981879e-4
0.0019498445997580176	4.874611499395044e-4
0.001958844673505961	4.897111683764903e-4
0.001967886289706817	4.919715724267042e-4
0.0019769696401118315	4.942424100279579e-4
0.001986094917357343	4.965237293393358e-4
0.0019952623149688503	4.988155787422126e-4
0.0020044720273651308	5.011180068412827e-4
0.002013724249862359	5.034310624655897e-4
0.0020230191786782406	5.057547946695602e-4
0.002032357010936192	5.08089252734048e-4
0.002041737944669498	5.104344861673745e-4
0.002051162178825533	5.127905447063832e-4
0.002060629913269969	5.151574783174922e-4
0.0020701413487910097	5.175353371977524e-4
0.002079696687103664	5.19924171775916e-4
0.0020892961308540065	5.223240327135016e-4
0.00209893988362349	5.247349709058725e-4
0.0021086281499332563	5.271570374833141e-4
0.0021183611352484674	5.295902838121169e-4
0.0021281390459826784	5.320347614956696e-4
0.0021379620895021975	5.344905223755494e-4
0.002147830474130498	5.369576185326245e-4
0.0021577444091526315	5.394361022881579e-4
0.0021677041048196585	5.419260262049146e-4
0.0021777097723531236	5.444274430882809e-4
0.002187761623949516	5.46940405987379e-4
0.002197859872784787	5.494649681961968e-4
0.002208004733018863	5.520011832547158e-4
0.0022181964198001807	5.545491049500452e-4
0.0022284351492702667	5.571087873175667e-4
0.0022387211385683013	5.596802846420753e-4
0.0022490546058357413	5.622636514589353e-4
0.002259435770220939	5.648589425552347e-4
0.0022698648518837817	5.674662129709454e-4
0.002280342072000379	5.700855180000948e-4
0.0022908676527677325	5.727169131919331e-4
0.0023014418174084664	5.753604543521166e-4
0.002312064790175554	5.780161975438885e-4
0.0023227367963570647	5.806841990892662e-4
0.0023334580622809617	5.833645155702404e-4
0.0023442288153198796	5.860572038299699e-4
0.0023550492838959654	5.887623209739914e-4
0.002365919697485715	5.914799243714288e-4
0.0023768402866248322	5.942100716562081e-4
0.0023878112829131344	5.969528207282836e-4
0.0023988329190194457	5.997082297548614e-4
0.002409905428686549	6.024763571716372e-4
0.002421029046736133	6.052572616840333e-4
0.0024322040090737685	6.080510022684421e-4
0.002443430552693926	6.108576381734815e-4
0.0024547089156849835	6.136772289212459e-4
0.0024660393372342906	6.165098343085726e-4
0.002477422057633238	6.193555144083095e-4
0.002488857318282342	6.222143295705855e-4
0.0025003453616963835	6.250863404240959e-4
0.002511886431509531	6.279716078773827e-4
0.002523480772480524	6.30870193120131e-4
0.0025351286304978577	6.337821576244644e-4
0.0025468302525849897	6.367075631462474e-4
0.0025585858869055953	6.396464717263988e-4
0.002570395782768812	6.42598945692203e-4
0.0025822601906345427	6.455650476586357e-4
0.002594179362118762	6.485448405296905e-4
0.0026061535499988416	6.515383874997104e-4
0.0026181830082189325	6.545457520547331e-4
0.0026302679918953275	6.575669979738319e-4
0.0026424087573218907	6.606021893304727e-4
0.002654605561975485	6.636513904938712e-4
0.0026668586645214234	6.667146661303558e-4
0.002679168324818977	6.697920812047442e-4
0.002691534803926859	6.728837009817147e-4
0.0027039583641087855	6.759895910271964e-4
0.0027164392688390254	6.791098172097564e-4
0.0027289777828079817	6.822444457019954e-4
0.0027415741719278245	6.853935429819561e-4
0.002754228703338107	6.885571758345267e-4
0.0027669416454114506	6.917354113528627e-4
0.002779713267759229	6.949283169398072e-4
0.002792543841237276	6.98135960309319e-4
0.002805433637951653	7.013584094879132e-4
0.0028183829312643915	7.045957328160979e-4
0.002831391995799315	7.078479989498287e-4
0.002844461107447853	7.111152768619633e-4
0.002857590543374882	7.143976358437205e-4
0.0028707805820246276	7.176951455061569e-4
0.002884031503126541	7.210078757816352e-4
0.0028973435877012563	7.243358969253141e-4
0.00291071711806654	7.27679279516635e-4
0.002924152377843268	7.31038094460817e-4
0.0029376496519614645	7.344124129903661e-4
0.0029512092266663174	7.378023066665794e-4
0.0029648313895242724	7.412078473810681e-4
0.002978516429429121	7.446291073572802e-4
0.0029922646366081188	7.480661591520297e-4
0.0030060763026281616	7.515190756570404e-4
0.003019951720401945	7.549879301004863e-4
0.0030338911841941976	7.584727960485494e-4
0.0030478949896279115	7.619737474069779e-4
0.0030619634336906034	7.654908584226509e-4
0.0030760968147406356	7.690242036851589e-4
0.003090295432513516	7.72573858128379e-4
0.0031045595881282794	7.761398970320698e-4
0.003118889584093862	7.797223960234655e-4
0.0031332857243155086	7.833214310788771e-4
0.00314774831410124	7.8693707852531e-4
0.0031622776601683018	7.905694150420754e-4
0.003176874070649691	7.942185176624228e-4
0.0031915378551006833	7.978844637751708e-4
0.0032062693245053855	8.015673311263464e-4
0.0032210687912833554	8.052671978208388e-4
0.0032359365692962018	8.089841423240504e-4
0.003250872973854261	8.127182434635652e-4
0.0032658783217232763	8.164695804308191e-4
0.0032809529311311064	8.202382327827766e-4
0.003296097121774495	8.240242804436238e-4
0.0033113112148258263	8.278278037064566e-4
0.0033265955329399586	8.316488832349896e-4
0.003341950400261057	8.354876000652643e-4
0.0033573761424294593	8.393440356073648e-4
0.003372873086588603	8.432182716471507e-4
0.003388441561391937	8.471103903479843e-4
0.0034040818970099184	8.510204742524796e-4
0.0034197944251369997	8.549486062842499e-4
0.003435579478998655	8.588948697496638e-4
0.003451437393358473	8.628593483396182e-4
0.0034673685045252243	8.668421261313061e-4
0.0034833731503600236	8.708432875900059e-4
0.00349945167028348	8.7486291757087e-4
0.0035156044052828865	8.789011013207216e-4
0.003531831697919476	8.82957924479869e-4
0.0035481338923356587	8.870334730839147e-4
0.003564511334262344	8.91127833565586e-4
0.0035809643710262634	8.952410927565658e-4
0.0035974933515573243	8.993733378893311e-4
0.0036140986263960354	9.035246565990088e-4
0.003630780547700914	9.076951369252285e-4
0.0036475394692559756	9.118848673139939e-4
0.003664375746478232	9.16093936619558e-4
0.0036812897364252115	9.203224341063029e-4
0.0036982817978025604	9.245704494506401e-4
0.0037153522909716213	9.288380727429053e-4
0.0037325015779570993	9.331253944892748e-4
0.0037497300224547305	9.374325056136826e-4
0.003767037989838981	9.417594974597453e-4
0.003784425847170827	9.461064617927068e-4
0.003801893963205504	9.50473490801376e-4
0.003819442708400355	9.548606771000888e-4
0.0038370724549226785	9.592681137306696e-4
0.0038547835766576063	9.636958941644016e-4
0.003872576449216062	9.681441123040155e-4
0.0038904514499426934	9.726128624856734e-4
0.0039084089579239055	9.771022394809764e-4
0.003926449353995885	9.816123384989712e-4
0.003944573020752668	9.86143255188167e-4
0.00396278034255428	9.9069508563857e-4
0.0039810717055348555	9.952679263837139e-4
0.003999447497610855	9.998618744027138e-4
0.004017908108489281	0.0010044770271223202
0.004036453929675929	0.0010091134824189822
0.004055085354483719	0.0010137713386209298
0.004073802778041005	0.0010184506945102513
0.004092606597299984	0.001023151649324996
0.004111497211045099	0.0010278743027612748
0.004130475019901488	0.001032618754975372
0.004149540426343505	0.0010373851065858762
0.004168693834703227	0.0010421734586758067
0.004187935651179054	0.0010469839127947634
0.004207266283844313	0.0010518165709610782
0.004226686142655899	0.0010566715356639747
0.004246195639462999	0.0010615489098657498
0.004265795188015795	0.0010664487970039487
0.0042854852039742606	0.0010713713009935651
0.004305266104916974	0.0010763165262292435
0.0043251383103499515	0.0010812845775874879
0.004345102241715581	0.0010862755604288952
0.004365158322401522	0.0010912895806003806
0.0043853069777497165	0.0010963267444374291
0.004405548635065395	0.0011013871587663487
0.0044258837236261245	0.0011064709309065311
0.004446312674690947	0.0011115781686727368
0.004466835921509489	0.0011167089803773723
0.004487453899331176	0.001121863474832794
0.004508167045414457	0.0011270417613536143
0.004528975799036061	0.0011322439497590151
0.004549880601500341	0.0011374701503750852
0.004570881896148602	0.0011427204740371505
0.004591980128368535	0.0011479950320921338
0.0046131757456036445	0.0011532939364009111
0.004634469197362727	0.0011586172993406818
0.0046558609352294385	0.0011639652338073596
0.0046773514128718285	0.0011693378532179571
0.004698941086051997	0.0011747352715129993
0.00472063041263575	0.0011801576031589375
0.004742419852602289	0.0011856049631505721
0.004764309868054001	0.0011910774670135002
0.004786300923226224	0.001196575230806556
0.004808393484497122	0.0012020983711242806
0.004830588020397566	0.0012076470050993915
0.004852885001621046	0.0012132212504052614
0.0048752849010337005	0.0012188212252584251
0.004897788193684296	0.001224447048421074
0.00492039535681434	0.001230098839203585
0.004943106869868187	0.0012357767174670468
0.00496592321450319	0.0012414808036257975
0.004988844874599953	0.0012472112186499883
0.00501187233627255	0.0012529680840681376
0.0050350060878788724	0.0012587515219697181
0.005058246620030966	0.0012645616550077416
0.0050815944256054285	0.0012703986064013571
0.005105049999753888	0.001276262499938472
0.00512861383991347	0.0012821534599783675
0.005152286445817383	0.0012880716114543457
0.0051760683195054965	0.0012940170798763741
0.0051999599653349765	0.0012999899913337441
0.005223961889991016	0.001305990472497754
0.005248074602497541	0.0013120186506243852
0.005272298614228038	0.0013180746535570095
0.005296634438916391	0.0013241586097290977
0.005321082592667751	0.0013302706481669378
0.005345643593969528	0.001336410898492382
0.005370317963702335	0.0013425794909255838
0.00539510622515108	0.00134877655628777
0.005420008904016045	0.0013550022260040112
0.005445026528424014	0.0013612566321060035
0.00547015962893952	0.00136753990723488
0.005495408738576046	0.0013738521846440115
0.00552077439280737	0.0013801935982018425
0.005546257129578906	0.0013865642823947266
0.005571857489319093	0.0013929643723297734
0.005597576014950898	0.0013993940037377245
0.005623413251903284	0.001405853312975821
0.005649369748122814	0.0014123424370307035
0.005675446054085262	0.0014188615135213155
0.005701642722807263	0.0014254106807018157
0.005727960309858082	0.0014319900774645204
0.005754399373371355	0.0014385998433428387
0.005780960474056962	0.0014452401185142405
0.005807644175212904	0.001451911043803226
0.005834451042737227	0.0014586127606843067
0.005861381645140069	0.0014653454112850172
0.005888436553555667	0.0014721091383889167
0.005915616341754513	0.0014789040854386282
0.005942921586155502	0.0014857303965388755
0.00597035286583814	0.001492588216459535
0.005997910762554868	0.001499477690638717
0.006025595860743347	0.0015063989651858368
0.006053408747538901	0.0015133521868847253
0.006081350012786946	0.0015203375031967365
0.006109420249055484	0.001527355062263871
0.006137620051647707	0.0015344050129119267
0.006165950018614583	0.0015414875046536457
0.006194410750767571	0.0015486026876918928
0.006223002851691354	0.0015557507129228384
0.006251726927756613	0.0015629317319391532
0.006280583588132936	0.001570145897033234
0.006309573444801685	0.0015773933612004212
0.006338697112569017	0.0015846742781422543
0.006367955209078908	0.001591988802269727
0.006397348354826227	0.0015993370887065568
0.006426877173169945	0.0016067192932924862
0.006456542290346298	0.0016141355725865746
0.006486344335482123	0.0016215860838705307
0.006516283940608168	0.001629070985152042
0.006546361740672486	0.0016365904351681214
0.0065765783735539434	0.0016441445933884859
0.0066069344800756945	0.0016517336200189236
0.006637430704018818	0.0016593576760047044
0.0066680676921359525	0.0016670169230339881
0.006698846094164991	0.0016747115235412478
0.006729766562842907	0.0016824416407107267
0.0067608297539195426	0.0016902074384798856
0.006792036326171565	0.0016980090815428913
0.006823386941416418	0.0017058467353541044
0.006854882264526333	0.0017137205661315832
0.00688652296344248	0.00172163074086062
0.00691830970918908	0.00172957742729727
0.006950243175887678	0.0017375607939719194
0.006982324040771426	0.0017455810101928565
0.00701455298419942	0.001753638246049855
0.0070469306896711785	0.0017617326724177946
0.007079457843841084	0.001769864460960271
0.00711213513653299	0.0017780337841332475
0.007144963260754835	0.0017862408151887088
0.007177942912713314	0.0017944857281783286
0.007211074791828695	0.0018027686979571738
0.007244359600749595	0.0018110899001873987
0.007277798045367929	0.0018194495113419823
0.007311390834833866	0.0018278477087084665
0.0073451386815708355	0.0018362846703927089
0.007379042301290698	0.0018447605753226745
0.007413102413008858	0.0018532756032522146
0.007447319739059569	0.0018618299347648922
0.007481695005111224	0.001870423751277806
0.00751622894018173	0.0018790572350454325
0.007550922276654017	0.0018877305691635043
0.00758577575029151	0.0018964439375728775
0.007620790100253788	0.001905197525063447
0.007655966069112233	0.0019139915172780581
0.00769130440286576	0.00192282610071644
0.0077268058509566894	0.0019317014627391724
0.007762471166286578	0.0019406177915716446
0.007798301105232243	0.0019495752763080607
0.007834296427661775	0.0019585741069154438
0.007870457896950638	0.0019676144742376595
0.007906786279997906	0.0019766965699994764
0.007943282347242463	0.001985820586810616
0.00797994687267941	0.0019949867181698524
0.008016780633876437	0.002004195158469109
0.008053784411990306	0.0020134461029975765
0.008090958991783465	0.0020227397479458662
0.008128305161640629	0.002032076290410157
0.008165823713585554	0.0020414559283963886
0.008203515443297817	0.002050878860824454
0.00824138115012965	0.0020603452875324127
0.008279421637122973	0.002069855409280743
0.008317637711026334	0.0020794094277565836
0.008356030182312098	0.0020890075455780245
0.008394599865193595	0.0020986499662983987
0.008433347577642369	0.002108336894410592
0.008472274141405582	0.0021180685353513955
0.008511380382023375	0.002127845095505844
0.008550667128846438	0.0021376667822116096
0.008590135215053566	0.0021475338037633914
0.008629785477669304	0.002157446369417326
0.00866961875758177	0.0021674046893954426
0.008709635899560404	0.002177408974890101
0.008749837752273953	0.0021874594380684883
0.008790225168308437	0.0021975562920771093
0.008830799004185215	0.0022076997510463037
0.0088715601203792	0.0022178900300948
0.008912509381337039	0.0022281273453342598
0.008953647655495516	0.002238411913873879
0.008994975815299932	0.002248743953824983
0.00903649473722259	0.0022591236843056473
0.009078205301781434	0.0022695513254453585
0.009120108393558668	0.002280027098389667
0.009162204901219561	0.0022905512253048902
0.00920449571753128	0.00230112392938282
0.009246981739381785	0.002311745434845446
0.009289663867798927	0.0023224159669497316
0.009332543007969466	0.0023331357519923665
0.009375620069258352	0.002343905017314588
0.009418895965227965	0.0023547239913069913
0.009462371613657474	0.0023655929034143686
0.009506047936562362	0.0023765119841405906
0.009549925860213901	0.0023874814650534752
0.009594006315158865	0.002398501578789716
0.009638290236239242	0.0024095725590598106
0.00968277856261202	0.002420694640653005
0.009727472237769184	0.002431868059442296
0.009772372209557631	0.002443093052389408
0.009817479430199363	0.0024543698575498407
0.009862794856311625	0.0024656987140779063
0.00990831944892719	0.0024770798622317973
0.009954054173514786	0.0024885135433786966
0.00999999999999951	0.0024999999999998773
0.010046157902783459	0.0025115394756958648
0.010092528860766349	0.002523132215191587
0.01013911385736629	0.0025347784643415727
0.010185913880540664	0.002546478470135166
0.010232929922807034	0.0025582324807017585
0.010280162981264225	0.0025700407453160563
0.010327614057613463	0.002581903514403366
0.010375284158179607	0.0025938210395449017
0.01042317429393252	0.00260579357348313
0.010471285480508472	0.002617821370127118
0.010519618738231703	0.0026299046845579257
0.010568175092136055	0.0026420437730340137
0.010616955571986709	0.002654238892996677
0.010665961212302039	0.0026664903030755097
0.010715193052375522	0.0026787982630938805
0.010764652136297804	0.002691163034074451
0.010814339512978834	0.0027035848782447085
0.0108642562361701	0.002716064059042525
0.010914403364487008	0.002728600841121752
0.01096478196143129	0.0027411954903578226
0.011015393095413587	0.0027538482738533967
0.011066237839776099	0.0027665594599440247
0.01111731727281534	0.002779329318203835
0.011168632477805035	0.0027921581194512587
0.011220184543019056	0.002805046135754764
0.011271974561754524	0.002817993640438631
0.011324003632354987	0.0028310009080887467
0.011376272858233717	0.002844068214558429
0.011428783347897122	0.0028571958369742806
0.01148153621496823	0.0028703840537420574
0.011534532578210322	0.0028836331445525804
0.011587773561550658	0.0028969433903876644
0.011641260294104302	0.0029103150735260755
0.011694993910198095	0.0029237484775495237
0.011748975549394679	0.0029372438873486698
0.011803206356516677	0.0029508015891291694
0.011857687481670978	0.0029644218704177445
0.011912420080273116	0.002978105020068279
0.0119674053130718	0.00299185132826795
0.012022644346173492	0.003005661086543373
0.012078138351067162	0.0030195345877667905
0.012133888504649129	0.003033472126162282
0.012189895989248013	0.003047473997312003
0.012246161992649832	0.003061540498162458
0.012302687708123157	0.0030756719270307892
0.012359474334444443	0.0030898685836111108
0.012416523075923447	0.0031041307689808617
0.012473835142428757	0.0031184587856071893
0.012531411749413484	0.003132852937353371
0.012589254117940993	0.0031473135294852483
0.01264736347471083	0.0031618408686777074
0.01270574105208473	0.0031764352630211825
0.012764388088112743	0.0031910970220281856
0.012823305826559517	0.0032058264566398793
0.012882495516930638	0.0032206238792326595
0.012941958414499155	0.003235489603624789
0.013001695780332195	0.003250423945083049
0.013061708881317696	0.003265427220329424
0.01312199899019131	0.0032804997475478275
0.013182567385563346	0.0032956418463908365
0.013243415351945918	0.0033108538379864796
0.01330454417978018	0.003326136044945045
0.013365955165463681	0.0033414887913659204
0.013427649611377894	0.0033569124028444736
0.013489628825915787	0.003372407206478947
0.013551894123509609	0.0033879735308774022
0.013614446824658745	0.003403611706164686
0.013677288255957725	0.003419322063989431
0.013740419750124383	0.0034351049375310957
0.013803842646028077	0.003450960661507019
0.013867558288718109	0.003466889572179527
0.013931568029452251	0.003482892007363063
0.01399587322572539	0.0034989683064313476
0.014060475241298345	0.0035151188103245863
0.014125375446226746	0.0035313438615566864
0.01419057521689012	0.00354764380422253
0.014256075936021077	0.003564018984005269
0.014321878992734618	0.0035804697481836545
0.014387985782557636	0.003596996445639409
0.014454397707458452	0.003613599426864613
0.014521116175876595	0.0036302790439691488
0.014588142602752653	0.0036470356506881634
0.014655478409558274	0.0036638696023895685
0.014723125024326343	0.0036807812560815858
0.014791083881681225	0.003697770970420306
0.014859356422869216	0.003714839105717304
0.014927944095789104	0.003731986023947276
0.014996848355022867	0.0037492120887557168
0.015066070661866547	0.0037665176654666367
0.015135612484361205	0.0037839031210903013
0.015205475297324076	0.003801368824331019
0.015275660582379842	0.0038189151455949606
0.015346169827992046	0.0038365424569980116
0.015417004529494693	0.003854251132373673
0.015488166189123909	0.003872041547280977
0.015559656316049835	0.003889914079012459
0.01563147642640863	0.003907869106602157
0.0157036280433346	0.00392590701083365
0.015776112696992556	0.003944028174248139
0.0158489319246102	0.00396223298115255
0.015922087270510765	0.003980521817627691
0.015995580286145745	0.003998895071536436
0.01606941253012782	0.004017353132531955
0.016143585568263903	0.004035896392065976
0.016218100973588338	0.004054525243397084
0.016292960326396256	0.004073240081599064
0.016368165214277114	0.0040920413035692785
0.016443717232148332	0.004110929308037083
0.01651961798228916	0.00412990449557229
0.016595869074374613	0.004148967268593653
0.01667247212550963	0.004168118031377408
0.01674942876026337	0.0041873571900658425
0.016826740610703658	0.004206685152675914
0.01690440931643162	0.004226102329107905
0.01698243652461642	0.004245609131154105
0.017060823890030205	0.004265205972507551
0.01713957307508322	0.004284893268770805
0.017218685749859023	0.004304671437464756
0.017298163592149963	0.004324540898037491
0.017378008287492697	0.004344502071873174
0.017458221529203975	0.004364555382300994
0.017538805018416544	0.004384701254604136
0.01761976046411521	0.0044049401160288024
0.017701089583173124	0.004425272395793281
0.017782794100388136	0.004445698525097034
0.017864875748519412	0.004466218937129853
0.017947336268324163	0.004486834067081041
0.018030177408594573	0.004507544352148643
0.018113400926194904	0.004528350231548726
0.01819700858609871	0.004549252146524677
0.018281002161426297	0.004570250540356574
0.01836538343348233	0.004591345858370582
0.018450154191793588	0.004612538547948397
0.01853531623414696	0.00463382905853674
0.018620871366627514	0.004655217841656878
0.01870682140365684	0.00467670535091421
0.018793168168031515	0.004698292042007879
0.01887991349096175	0.004719978372740437
0.01896705921211027	0.004741764803027568
0.019054607179631276	0.004763651794907819
0.019142559250209655	0.004785639812552414
0.019230917289100376	0.004807729322275094
0.019319683170168016	0.004829920792542004
0.019408858775926553	0.004852214693981638
0.01949844599757922	0.004874611499394805
0.01958844673505866	0.004897111683764665
0.019678862897067204	0.004919715724266801
0.019769696401117347	0.004942424100279337
0.019860949173572447	0.004965237293393112
0.019952623149687522	0.0049881557874218805
0.020044720273650334	0.005011180068412583
0.020137242498622598	0.005034310624655649
0.020230191786781416	0.005057547946695354
0.020323570109360912	0.005080892527340228
0.02041737944669398	0.005104344861673495
0.020511621788254334	0.0051279054470635835
0.020606299132698676	0.005151574783174669
0.02070141348790908	0.00517535337197727
0.02079696687103561	0.005199241717758902
0.02089296130853904	0.00522324032713476
0.02098939883623388	0.00524734970905847
0.02108628149933153	0.005271570374832882
0.021183611352483634	0.0052959028381209085
0.02128139045982573	0.005320347614956433
0.021379620895020924	0.005344905223755231
0.021478304741303935	0.005369576185325984
0.021577444091525257	0.005394361022881314
0.02167704104819552	0.00541926026204888
0.021777097723530155	0.005444274430882539
0.021877616239494087	0.005469404059873522
0.021978598727846802	0.0054946496819617005
0.022080047330187546	0.0055200118325468865
0.02218196419800072	0.00554549104950018
0.02228435149270156	0.00557108787317539
0.022387211385681914	0.0055968028464204785
0.02249054605835632	0.00562263651458908
0.02259435770220828	0.00564858942555207
0.022698648518836705	0.005674662129709176
0.02280342072000266	0.005700855180000665
0.0229086765276762	0.00572716913191905
0.023014418174083548	0.005753604543520887
0.023120647901754405	0.005780161975438601
0.023227367963569508	0.005806841990892377
0.023334580622808458	0.0058336451557021145
0.023442288153197644	0.005860572038299411
0.023550492838958513	0.005887623209739628
0.02365919697485599	0.005914799243713998
0.023768402866247155	0.005942100716561789
0.023878112829130157	0.005969528207282539
0.02398832919019328	0.00599708229754832
0.024099054286864315	0.006024763571716079
0.024210290467360143	0.006052572616840036
0.024322040090736494	0.006080510022684124
0.024434305526938052	0.006108576381734513
0.02454708915684863	0.006136772289212157
0.02466039337234171	0.006165098343085427
0.024774220576331163	0.006193555144082791
0.0248885731828222	0.00622214329570555
0.025003453616962594	0.0062508634042406485
0.025118864315094074	0.006279716078773518
0.025234807724804013	0.006308701931201003
0.025351286304977336	0.006337821576244334
0.025468302525848648	0.006367075631462162
0.025585858869054685	0.006396464717263671
0.02570395782768686	0.006425989456921715
0.025822601906344174	0.0064556504765860435
0.025941793621186347	0.006485448405296587
0.02606153549998714	0.006515383874996785
0.02618183008218803	0.006545457520547008
0.026302679918951986	0.006575669979737997
0.026424087573217625	0.006606021893304406
0.026546055619753543	0.006636513904938386
0.026668586645212926	0.0066671466613032315
0.02679168324818844	0.00669792081204711
0.02691534803926727	0.006728837009816817
0.02703958364108654	0.006759895910271635
0.027164392688388918	0.0067910981720972294
0.02728977782807848	0.00682244445701962
0.02741574171927689	0.006853935429819222
0.027542287033379718	0.0068855717583449294
0.02766941645411316	0.00691735411352829
0.027797132677590923	0.006949283169397731
0.027925438412371394	0.006981359603092849
0.02805433637951514	0.007013584094878785
0.028183829312642534	0.0070459573281606335
0.028313919957991776	0.007078479989497944
0.028444611074477134	0.007111152768619284
0.028575905433747422	0.0071439763584368555
0.02870780582024485	0.007176951455061213
0.028840315031263993	0.007210078757815998
0.028973435877011153	0.007243358969252788
0.029107171180663968	0.007276792795165992
0.029241523778431245	0.007310380944607811
0.029376496519613188	0.007344124129903297
0.029512092266661728	0.007378023066665432
0.029648313895241286	0.007412078473810322
0.029785164294289748	0.007446291073572437
0.029922646366079716	0.007480661591519929
0.030060763026280125	0.007515190756570031
0.030199517204017968	0.007549879301004492
0.0303389118419405	0.007584727960485125
0.030478949896277616	0.007619737474069404
0.030619634336904532	0.007654908584226133
0.03076096814740483	0.007690242036851208
0.030902954325133646	0.007725738581283411
0.031045595881281286	0.007761398970320322
0.03118889584093709	0.007797223960234272
0.03133285724315355	0.007833214310788388
0.03147748314101084	0.00786937078525271
0.03162277660168147	0.007905694150420367
0.031768740706495366	0.007942185176623841
0.03191537855100526	0.007978844637751316
0.03206269324505228	0.00801567331126307
0.03221068791283196	0.00805267197820799
0.032359365692960426	0.008089841423240107
0.03250872973854103	0.008127182434635257
0.03265878321723116	0.00816469580430779
0.032809529311309454	0.008202382327827364
0.032960971217743315	0.008240242804435829
0.033113112148256636	0.008278278037064159
0.03326595532939797	0.008316488832349492
0.03341950400260893	0.008354876000652232
0.03357376142429295	0.008393440356073237
0.033728730865884356	0.008432182716471089
0.03388441561391771	0.008471103903479427
0.03404081897009753	0.008510204742524383
0.034197944251368316	0.008549486062842079
0.034355794789984864	0.008588948697496216
0.03451437393358302	0.008628593483395754
0.03467368504525054	0.008668421261312636
0.034833731503598545	0.008708432875899636
0.03499451670283308	0.00874862917570827
0.035156044052827136	0.008789011013206784
0.03531831697919301	0.008829579244798252
0.035481338923354845	0.008870334730838711
0.03564511334262171	0.008911278335655427
0.03580964371026088	0.00895241092756522
0.035974933515571475	0.008993733378892869
0.03614098626395856	0.00903524656598964
0.036307805477007356	0.009076951369251839
0.036475394692557984	0.009118848673139496
0.03664375746478052	0.00916093936619513
0.03681289736425031	0.009203224341062577
0.036982817978023774	0.009245704494505944
0.03715352290971439	0.009288380727428597
0.03732501577956918	0.009331253944892296
0.03749730022454546	0.009374325056136366
0.037670379898387965	0.009417594974596991
0.037844258471706395	0.009461064617926599
0.03801893963205317	0.009504734908013292
0.0381944270840017	0.009548606771000424
0.038370724549224904	0.009592681137306226
0.038547835766574175	0.009636958941643544
0.0387257644921587	0.009681441123039675
0.03890451449942502	0.009726128624856256
0.039084089579237154	0.009771022394809288
0.039264493539956924	0.009816123384989231
0.039445730207524746	0.009861432551881186
0.039627803425540835	0.009906950856385209
0.0398107170553466	0.00995267926383665
0.03999447497610661	0.009998618744026652
0.040179081084890836	0.010044770271222709
0.040364539296757304	0.010091134824189326
0.040550853544835175	0.010137713386208794
0.040738027780408054	0.010184506945102013
0.040926065972997853	0.010231516493249463
0.041114972110448976	0.010278743027612244
0.04130475019901285	0.010326187549753212
0.041495404263433	0.01037385106585825
0.041686938347030224	0.010421734586757556
0.04187935651178851	0.010469839127947127
0.04207266283844106	0.010518165709610266
0.04226686142655692	0.01056671535663923
0.04246195639462789	0.010615489098656972
0.04265795188015585	0.010664487970038963
0.04285485203974052	0.01071371300993513
0.04305266104916762	0.010763165262291905
0.04325138310349739	0.010812845775874347
0.04345102241715366	0.010862755604288414
0.04365158322401308	0.01091289580600327
0.04385306977749504	0.01096326744437376
0.04405548635065178	0.011013871587662946
0.04425883723625907	0.011064709309064768
0.04446312674690727	0.011115781686726818
0.04466835921509269	0.011167089803773173
0.04487453899330958	0.011218634748327395
0.04508167045414237	0.011270417613535592
0.045289757990358386	0.011322439497589596
0.04549880601500115	0.011374701503750287
0.04570881896148378	0.011427204740370945
0.04591980128368312	0.01147995032092078
0.04613175745603418	0.011532939364008545
0.046344691973625	0.01158617299340625
0.04655860935229208	0.01163965233807302
0.046773514128715984	0.011693378532178996
0.046989410860517694	0.011747352715129424
0.04720630412635518	0.011801576031588795
0.047424198526020554	0.011856049631505139
0.04764309868053764	0.01191077467013441
0.04786300923225989	0.011965752308064972
0.04808393484496889	0.012020983711242222
0.048305880203973285	0.012076470050993321
0.04852885001620808	0.01213221250405202
0.04875284901033459	0.012188212252583647
0.04897788193684056	0.01224447048421014
0.04920395356814101	0.012300988392035252
0.04943106869867944	0.01235776717466986
0.049659232145029465	0.012414808036257366
0.04988844874599706	0.012472112186499264
0.05011872336272305	0.012529680840680762
0.05035006087878628	0.01258751521969657
0.05058246620030719	0.012645616550076797
0.050815944256051786	0.012703986064012946
0.051050499997536344	0.012762624999384086
0.05128613839913218	0.012821534599783045
0.05152286445817132	0.01288071611454283
0.05176068319505242	0.012940170798763105
0.05199959965334721	0.012999899913336803
0.05223961889990757	0.013059904724976892
0.05248074602497283	0.013120186506243208
0.05272298614227782	0.013180746535569455
0.05296634438916131	0.013241586097290328
0.05321082592667491	0.013302706481668727
0.053456435939692626	0.013364108984923156
0.05370317963702071	0.013425794909255178
0.05395106225150818	0.013487765562877046
0.05420008904015779	0.013550022260039447
0.054450265284237465	0.013612566321059366
0.05470159628939249	0.013675399072348122
0.054954087385757765	0.013738521846439441
0.05520774392807102	0.013801935982017755
0.05546257129578634	0.013865642823946586
0.0557185748931882	0.01392964372329705
0.055975760149506205	0.013993940037376551
0.056234132519030075	0.014058533129757519
0.0564936974812254	0.01412342437030635
0.05675446054084984	0.01418861513521246
0.05701642722806982	0.014254106807017455
0.05727960309857797	0.014319900774644493
0.05754399373371072	0.01438599843342768
0.05780960474056682	0.014452401185141704
0.05807644175212619	0.014519110438031547
0.058344510427369406	0.014586127606842351
0.05861381645139778	0.014653454112849445
0.05888436553555378	0.014721091383888446
0.059156163417542255	0.014789040854385564
0.0594292158615521	0.014857303965388025
0.05970352865837847	0.014925882164594617
0.0599791076255457	0.014994776906386426
0.06025595860743051	0.015063989651857627
0.06053408747538607	0.015133521868846518
0.060813500127866474	0.015203375031966618
0.061094202490551835	0.015273550622637959
0.06137620051647403	0.015344050129118507
0.0616595001861428	0.0154148750465357
0.0619441075076727	0.015486026876918175
0.06223002851691048	0.01555750712922762
0.06251726927756306	0.015629317319390764
0.06280583588132624	0.01570145897033156
0.06309573444801375	0.015773933612003438
0.0633869711256871	0.015846742781421775
0.06367955209078595	0.015919888022696487
0.06397348354825913	0.015993370887064783
0.06426877173169626	0.016067192932924065
0.06456542290345982	0.016141355725864955
0.06486344335481807	0.016215860838704518
0.06516283940607848	0.01629070985151962
0.06546361740672164	0.01636590435168041
0.06576578373553617	0.016441445933884042
0.0660693448007537	0.016517336200188425
0.06637430704018496	0.01659357676004624
0.06668067692135625	0.016670169230339062
0.06698846094164662	0.016747115235411655
0.06729766562842573	0.016824416407106434
0.0676082975391921	0.016902074384798026
0.06792036326171236	0.01698009081542809
0.06823386941416083	0.01705846735354021
0.06854882264525997	0.01713720566131499
0.06886522963442139	0.017216307408605348
0.0691830970918874	0.01729577427297185
0.0695024317588734	0.01737560793971835
0.06982324040771083	0.017455810101927708
0.07014552984199075	0.017536382460497688
0.07046930689670829	0.01761732672417707
0.07079457843840736	0.01769864460960184
0.07112135136532645	0.017780337841331612
0.07144963260754485	0.01786240815188621
0.07177942912712962	0.017944857281782405
0.07211074791828338	0.018027686979570846
0.0724435960074924	0.0181108990018731
0.07277798045367576	0.01819449511341894
0.07311390834833507	0.01827847708708377
0.07345138681570475	0.018362846703926187
0.07379042301290333	0.01844760575322583
0.07413102413008495	0.018532756032521237
0.07447319739059206	0.018618299347648016
0.07481695005110857	0.018704237512777142
0.07516228940181362	0.018790572350453404
0.07550922276653642	0.018877305691634105
0.07585775750291138	0.018964439375727844
0.07620790100253418	0.019051975250633544
0.07655966069111857	0.01913991517277964
0.07691304402865383	0.019228261007163457
0.07726805850956306	0.019317014627390765
0.07762471166286197	0.019406177915715493
0.07798301105231864	0.01949575276307966
0.07834296427661391	0.01958574106915348
0.07870457896950252	0.01967614474237563
0.07906786279997513	0.019766965699993783
0.07943282347242074	0.019858205868105185
