0.0010000000000000009	1.5629059028430976e-5
0.0010046157902783709	1.570123722120846e-5
0.0010092528860767003	1.5773749098374886e-5
0.0010139113857366572	1.584659620745209e-5
0.0010185913880541436	1.5919780103206436e-5
0.0010232929922807527	1.599330234768378e-5
0.001028016298126433	1.606716451024511e-5
0.0010327614057614037	1.6141368167600183e-5
0.001037528415818001	1.621591490384494e-5
0.0010423174293933135	1.6290806310495658e-5
0.0010471285480508907	1.636604398652508e-5
0.0010519618738231984	1.6441629538398696e-5
0.0010568175092136312	1.651756458011037e-5
0.0010616955571987052	1.6593850733219048e-5
0.0010665961212302094	1.6670489626885336e-5
0.001071519305237592	1.6747482897907754e-5
0.0010764652136298208	1.6824832190760042e-5
0.001081433951297936	1.69025391576284e-5
0.0010864256236170489	1.6980605458448036e-5
0.0010914403364487707	1.705903276094145e-5
0.0010964781961431969	1.7137822740655845e-5
0.0011015393095413634	1.7216977081000878e-5
0.0011066237839776616	1.7296497473286667e-5
0.0011117317272815869	1.737638561676256e-5
0.001116863247780514	1.7456643218654934e-5
0.0011220184543019873	1.753727199420668e-5
0.0011271974561754966	1.7618273666715337e-5
0.0011324003632355445	1.7699649967572817e-5
0.0011376272858234227	1.7781402636303975e-5
0.0011428783347897514	1.7863533420606742e-5
0.0011481536214968807	1.7946044076391954e-5
0.0011534532578210688	1.8028936367822754e-5
0.0011587773561551329	1.8112212067354737e-5
0.0011641260294105032	1.8195872955777056e-5
0.001169499391019846	1.8279920822252066e-5
0.001174897554939533	1.836435746435682e-5
0.0011803206356517382	1.844918468812368e-5
0.0011857687481671292	1.853440430808182e-5
0.0011912420080273656	1.8620018147298454e-5
0.0011967405313072499	1.870602803742039e-5
0.0012022644346173922	1.87924358187162e-5
0.0012078138351067635	1.887924334011866e-5
0.0012133888504649581	1.8966452459266408e-5
0.0012189895989248578	1.9054065042546667e-5
0.001224616199265005	1.914208296513844e-5
0.001230268770812365	1.9230508111055323e-5
0.001235947433444462	1.9319342373188844e-5
0.0012416523075923919	1.940858765335156e-5
0.0012473835142429307	1.949824586232142e-5
0.0012531411749414217	1.9588318919885542e-5
0.0012589254117941207	1.9678808754884223e-5
0.0012647363474711515	1.9769717305255524e-5
0.0012705741052085329	1.9861046518080076e-5
0.001276438808811356	1.9952798349625735e-5
0.0012823305826559772	2.0044974765393402e-5
0.001288249551693113	2.013757774016153e-5
0.0012941958414500188	2.0230609258032796e-5
0.001300169578033264	2.032407131247906e-5
0.0013061708881317996	2.0417965906388623e-5
0.0013121998990191924	2.0512295052111737e-5
0.0013182567385564281	2.060706077150764e-5
0.001324341535194673	2.0702265095992107e-5
0.0013304544179780775	2.07979100665835e-5
0.0013365955165464127	2.0893997733951093e-5
0.0013427649611378462	2.0990530158462917e-5
0.0013489628825916478	2.108750941023289e-5
0.0013551894123509933	2.1184937569170307e-5
0.0013614446824659204	2.1282816725027253e-5
0.0013677288255958542	2.1381148977447878e-5
0.0013740419750125077	2.1479936436018015e-5
0.0013803842646028658	2.157918122031332e-5
0.0013867558288718634	2.167888545995038e-5
0.0013931568029452446	2.1779051294635653e-5
0.0013995873225726013	2.187968087421528e-5
0.0014060475241299136	2.1980776358727014e-5
0.0014125375446227134	2.2082339918449887e-5
0.0014190575216890683	2.2184373733955445e-5
0.0014256075936021767	2.228687999615887e-5
0.0014321878992735182	2.2389860906371557e-5
0.0014387985782557955	2.249331867635194e-5
0.0014454397707459182	2.259725552835827e-5
0.0014521116175877508	2.2701673695200654e-5
0.0014588142602753318	2.2806575420295002e-5
0.001465547840955872	2.2911962957714698e-5
0.00147231250243271	2.301783857224514e-5
0.0014791083881682127	2.3124204539436275e-5
0.001485935642287009	2.323106314565791e-5
0.0014927944095789736	2.3338416688153534e-5
0.0014996848355023351	2.3446267475094715e-5
0.001506607066186716	2.3554617825636393e-5
0.001513561248436171	2.3663470069971738e-5
0.0015205475297324772	2.3772826549388285e-5
0.0015275660582380335	2.3882689616323908e-5
0.001534616982799289	2.399306163442228e-5
0.0015417004529495182	2.410394497858981e-5
0.0015488166189124714	2.421534203505344e-5
0.0015559656316050663	2.4327255201416615e-5
0.0015631476426409274	2.4439686886717248e-5
0.001570362804333536	2.455263951148585e-5
0.0015776112696992833	2.4666115507803698e-5
0.001584893192461051	2.4780117319361233e-5
0.0015922087270511254	2.4894647401517363e-5
0.0015995580286146116	2.500970822135833e-5
0.0016069412530128335	2.5125302257757124e-5
0.0016143585568264701	2.524143200143433e-5
0.001621810097358914	2.5358099955017736e-5
0.001629296032639685	2.5475308633103204e-5
0.0016368165214277475	2.5593060562315512e-5
0.0016443717232148963	2.5711358281370794e-5
0.0016519617982289625	2.5830204341136028e-5
0.0016595869074375463	2.5949601304694176e-5
0.0016672472125510707	2.6069551747404123e-5
0.001674942876026389	2.619005825696536e-5
0.0016826740610704355	2.6311123433479234e-5
0.001690440931643264	2.643274988951564e-5
0.0016982436524616978	2.6554940250173534e-5
0.0017060823890031052	2.6677697153148225e-5
0.001713957307508382	2.6801023248794145e-5
0.0017218685749859908	2.6924921200191552e-5
0.0017298163592150556	2.7049393683211384e-5
0.0017378008287493446	2.717444338658055e-5
0.0017458221529205037	2.7300073011950313e-5
0.0017538805018417342	2.7426285273961176e-5
0.0017619760464115952	2.755308290031e-5
0.0017701089583173901	2.7680468631820418e-5
0.0017782794100388993	2.7808445222506478e-5
0.0017864875748520165	2.7937015439645006e-5
0.0017947336268325231	2.8066182063842208e-5
0.0018030177408595444	2.819594788910417e-5
0.0018113400926195872	2.832631572290516e-5
0.0018197008586099683	2.8457288386259553e-5
0.0018281002161427001	2.8588868713790706e-5
0.0018365383433483207	2.872105955380352e-5
0.0018450154191794604	2.8853863768354927e-5
0.0018535316234147836	2.8987284233325636e-5
0.001862087136662846	2.9121323838493396e-5
0.0018706821403657592	2.925598548760509e-5
0.001879316816803242	2.9391272098450187e-5
0.0018879913490962713	2.9527186602934436e-5
0.001896705921211106	2.9663731947155e-5
0.0019054607179632282	2.9800911091472705e-5
0.0019142559250210356	2.9938727010589764e-5
0.0019230917289101285	3.0077182693624365e-5
0.001931968317016905	3.0216281144186287e-5
0.001940885877592724	3.0356025380453627e-5
0.0019498445997580272	3.0496418435251228e-5
0.001958844673505933	3.063746335612684e-5
0.00196788628970683	3.0779163205428885e-5
0.0019769696401118336	3.092152106038581e-5
0.001986094917357323	3.1064540013185636e-5
0.0019952623149687987	3.120822317105431e-5
0.0020044720273651034	3.1352573656336356e-5
0.0020137242498623614	3.149759460657609e-5
0.002023019178678198	3.1643289174596915e-5
0.002032357010936181	3.178966052858503e-5
0.0020417379446694833	3.193671185217139e-5
0.0020511621788255052	3.2084446344512254e-5
0.00206062991326994	3.223286722037522e-5
0.002070141348790966	3.238197771022147e-5
0.0020796966871036437	3.253178106029048e-5
0.002089296130853985	3.2682280532684705e-5
0.002098939883623502	3.283347940545602e-5
0.0021086281499331783	3.29853809726901e-5
0.0021183611352484366	3.313798854459451e-5
0.0021281390459826355	3.329130544758557e-5
0.002137962089502163	3.34453350243756e-5
0.0021478304741304882	3.360008063406153e-5
0.0021577444091526177	3.375554565221372e-5
0.0021677041048196455	3.391173347096699e-5
0.002177709772353112	3.406864749910765e-5
0.0021877616239495135	3.422629116216731e-5
0.0021978598727847576	3.4384667902512487e-5
0.0022080047330188535	3.4543781179437785e-5
0.0022181964198001447	3.470363446925679e-5
0.002228435149270236	3.4864231265397034e-5
0.002238721138568281	3.502557507849355e-5
0.002249054605835729	3.518766943648177e-5
0.002259435770220919	3.5350517884695806e-5
0.00226986485188381	3.551412398596074e-5
0.0022803420720003686	3.567849132069154e-5
0.002290867652767717	3.5843623486989694e-5
0.0023014418174084617	3.600952410073988e-5
0.0023120647901755664	3.617619679571011e-5
0.0023227367963570417	3.634364522364996e-5
0.002333458062280913	3.651187305439041e-5
0.002344228815319885	3.668088397594469e-5
0.002355049283895974	3.685068169460933e-5
0.00236591969748573	3.7021269935066775e-5
0.00237684028662484	3.719265244048655e-5
0.0023878112829130993	3.736483297263077e-5
0.0023988329190194058	3.7537815311956596e-5
0.0024099054286865346	3.7711603257721485e-5
0.002421029046736134	3.788620062808975e-5
0.0024322040090737768	3.806161126023725e-5
0.002443430552693915	3.82378390104604e-5
0.002454708915684986	3.8414887754282516e-5
0.0024660393372342715	3.8592761386563524e-5
0.0024774220576332107	3.877146382160864e-5
0.0024888573182823004	3.895099899327881e-5
0.0025003453616963683	3.913137085510258e-5
0.0025118864315095274	3.9312583380386654e-5
0.0025234807724805186	3.949464056232917e-5
0.0025351286304978737	3.967754641413378e-5
0.0025468302525849806	3.9861304969121927e-5
0.0025585858869056066	4.0045920280850786e-5
0.0025703957827687973	4.023139642322685e-5
0.002582260190634525	4.0417737490623586e-5
0.0025941793621187537	4.060494759800048e-5
0.002606153549998824	4.0793030881018114e-5
0.0026181830082189217	4.098199149616165e-5
0.0026302679918953076	4.117183362085815e-5
0.0026424087573218846	4.136256145359928e-5
0.002654605561975512	4.155417921406344e-5
0.002666858664521418	4.174669114323743e-5
0.002679168324818973	4.194010150354168e-5
0.002691534803926865	4.2134414578954466e-5
0.0027039583641087633	4.232963467513862e-5
0.0027164392688390077	4.2525766119567515e-5
0.0027289777828079648	4.2722813261652095e-5
0.0027415741719278297	4.292078047287078e-5
0.0027542287033381213	4.311967214689907e-5
0.0027669416454114693	4.331949269973965e-5
0.002779713267759193	4.352024656985349e-5
0.002792543841237269	4.372193821829342e-5
0.00280543363795166	4.3924572128838956e-5
0.002818382931264393	4.412815280812791e-5
0.0028313919957993344	4.433268478579412e-5
0.0028444611074478487	4.453817261460378e-5
0.0028575905433749077	4.474462087059482e-5
0.0028707805820246263	4.4952034153212775e-5
0.002884031503126508	4.516041708545326e-5
0.0028973435877012593	4.53697743140018e-5
0.002910717118066522	4.5580110509376485e-5
0.00292415237784327	4.579143036607209e-5
0.0029376496519614576	4.6003738602702186e-5
0.002951209226666293	4.621703996214748e-5
0.002964831389524261	4.643133921170024e-5
0.002978516429429104	4.6646641143214596e-5
0.002992264636608108	4.686295057325219e-5
0.003006076302628155	4.708027234323683e-5
0.0030199517204018977	4.7298611319600864e-5
0.0030338911841941846	4.751797239394363e-5
0.003047894989627889	4.773836048317946e-5
0.003061963433690598	4.795978052969824e-5
0.0030760968147406226	4.8182237501517036e-5
0.003090295432513504	4.8405736392440266e-5
0.003104559588128261	4.863028222222026e-5
0.0031188895840938563	4.885588003671212e-5
0.00313328572431551	4.908253490804238e-5
0.003147748314101237	4.9310251934765144e-5
0.0031622776601682584	4.953903624203147e-5
0.0031768740706496906	4.976889298175058e-5
0.003191537855100665	4.999982733276039e-5
0.0032062693245053925	5.0231844500994485e-5
0.003221068791283338	5.046494971965032e-5
0.003235936569296202	5.06991482493622e-5
0.003250872973854249	5.093444537837335e-5
0.0032658783217233006	5.1170846422709875e-5
0.0032809529311310925	5.140835672635509e-5
0.0032960971217744633	5.1646981661428964e-5
0.003311311214825821	5.188672662836235e-5
0.003326595532939944	5.212759705608146e-5
0.003341950400261043	5.236959840218515e-5
0.0033573761424294524	5.261273615313215e-5
0.003372873086588568	5.285701582442233e-5
0.003388441561391925	5.310244296078184e-5
0.003404081897009928	5.334902313635436e-5
0.0034197944251370127	5.359676195488844e-5
0.0034355794789986543	5.384566504992729e-5
0.0034514373933584724	5.40957380850036e-5
0.003467368504525184	5.4346986753831854e-5
0.003483373150360042	5.4599416780504406e-5
0.0034994516702834683	5.485303391969112e-5
0.0035156044052828544	5.510784395683588e-5
0.0035318316979194575	5.536385270835832e-5
0.003548133892335603	5.562106602185741e-5
0.0035645113342623325	5.5879489776315646e-5
0.0035809643710262573	5.6139129882305376e-5
0.0035974933515573043	5.6399992282196873e-5
0.0036140986263960007	5.666208295036746e-5
0.0036307805477008848	5.692540789341525e-5
0.0036475394692559587	5.7189973150372206e-5
0.003664375746478238	5.7455784792916726e-5
0.003681289736425189	5.7722848925596304e-5
0.003698281797802544	5.799117168604407e-5
0.003715352290971599	5.826075924520086e-5
0.003732501577957112	5.853161780753736e-5
0.0037497300224547253	5.880375361128004e-5
0.0037670379898389755	5.907717292864404e-5
0.0037844258471707998	5.935188206605061e-5
0.0038018939632054743	5.9627887364372496e-5
0.0038194427084003446	5.990519519915793e-5
0.003837072454922666	6.018381198087126e-5
0.0038547835766575833	6.0463744155127175e-5
0.003872576449216042	6.074499820293574e-5
0.0038904514499426696	6.102758064094269e-5
0.003908408957923909	6.131149802167053e-5
0.003926449353995859	6.159675693377142e-5
0.003944573020752656	6.188336400227219e-5
0.003962780342554262	6.217132588882817e-5
0.003981071705534828	6.246064929197481e-5
0.003999447497610817	6.275134094738558e-5
0.004017908108489232	6.304340762813032e-5
0.004036453929675832	6.333685614493476e-5
0.004055085354483651	6.363169334644731e-5
0.004073802778040939	6.392792611950067e-5
0.004092606597299875	6.42255613893832e-5
0.004111497211044993	6.452460612010965e-5
0.004130475019901353	6.482506731469455e-5
0.004149540426343343	6.512695201542645e-5
0.004168693834703058	6.543026730414833e-5
0.004187935651178851	6.573502030254028e-5
0.004207266283844074	6.60412181724028e-5
0.004226686142655645	6.634886811594057e-5
0.004246195639462727	6.665797737605769e-5
0.004265795188015453	6.696855323664354e-5
0.004285485203973899	6.728060302287588e-5
0.0043052661049165775	6.759413410151054e-5
0.004325138310349433	6.790915388118944e-5
0.004345102241715013	6.822566981273883e-5
0.004365158322400836	6.854368938948237e-5
0.004385306977748943	6.886322014754419e-5
0.004405548635064552	6.918426966616634e-5
0.0044258837236251375	6.950684556802393e-5
0.004446312674689826	6.983095551954409e-5
0.004466835921508219	7.01566072312269e-5
0.004487453899329696	7.048380845797238e-5
0.004508167045412764	7.08125669994092e-5
0.004528975799034149	7.114289070022503e-5
0.004549880601498149	7.147478745050446e-5
0.0045708818961461145	7.180826518606286e-5
0.0045919801283657025	7.214333188879549e-5
0.004613175745600384	7.247999558701625e-5
0.004634469197359034	7.281826435580963e-5
0.0046558609352252145	7.315814631738209e-5
0.0046773514128670285	7.349964964141925e-5
0.004698941086046515	7.384278254544492e-5
0.004720630412629545	7.418755329518202e-5
0.004742419852595228	7.453397020492334e-5
0.004764309868045949	7.488204163790164e-5
0.004786300923217107	7.523177600665909e-5
0.004808393484486778	7.558318177343085e-5
0.004830588020385829	7.593626745052502e-5
0.004852885001607729	7.629104160071131e-5
0.004875284901018628	7.664751283760506e-5
0.004897788193667235	7.700568982606679e-5
0.004920395356795032	7.736558128259927e-5
0.0049431068698463365	7.772719597574809e-5
0.00496592321447846	7.809054272650837e-5
0.004988844874572004	7.845563040873835e-5
0.00501187233624098	7.882246794956866e-5
0.005035006087843241	7.919106432982854e-5
0.005058246619990783	7.956142858446306e-5
0.00508159442556011	7.993356980296455e-5
0.005105049999702821	8.030749712980762e-5
0.005128613839855953	8.068321976488018e-5
0.00515228644575258	8.10607469639276e-5
0.00517606831943257	8.14400880390052e-5
0.005199959965252965	8.182125235892061e-5
0.005223961889898807	8.220424934969495e-5
0.005248074602393932	8.258908849502132e-5
0.005272298614111701	8.297577933673142e-5
0.00529663443878578	8.336433147527126e-5
0.005321082592521217	8.375475457016591e-5
0.0053456435938052105	8.414705834051023e-5
0.0053703179635181675	8.454125256545217e-5
0.00539510622494474	8.49373470846838e-5
0.005420008903785009	8.533535179893636e-5
0.005445026528165434	8.573527667048541e-5
0.005470159628650259	8.613713172365722e-5
0.005495408738252605	8.654092704533944e-5
0.005520774392445929	8.69466727855067e-5
0.0055462571291751694	8.735437915773363e-5
0.00557185748886832	8.776405643973545e-5
0.0055975760144478665	8.817571497390231e-5
0.005623413251342191	8.858936516783292e-5
0.005649369747497246	8.900501749489227e-5
0.005675446053388128	8.942268249476036e-5
0.005701642722030775	8.984237077399057e-5
0.005727960308993585	9.026409300658368e-5
0.005754399372409319	9.068785993455005e-5
0.005780960472986887	9.11136823684917e-5
0.005807644174023199	9.154157118819885e-5
0.00583445104141514	9.197153734321866e-5
0.005861381643671476	9.240359185347708e-5
0.005888436551925141	9.283774580986823e-5
0.005915616339945015	9.3274010374876e-5
0.00594292158414822	9.371239678318426e-5
0.005970352863612541	9.415291634230933e-5
0.0059979107600882375	9.459558043322969e-5
0.00602559585801081	9.504040051103106e-5
0.006053408744513156	9.548738810554041e-5
0.0060813500094379636	9.593655482199707e-5
0.006109420245350383	9.638791234170741e-5
0.0061376200475504045	9.684147242270832e-5
0.0061659500140855	9.729724690045403e-5
0.006194410745763351	9.775524768849987e-5
0.0062230028461645465	9.821548677918916e-5
0.006251726921655265	9.867797624435787e-5
0.0062805835814001565	9.914272823604764e-5
0.006309573437375315	9.96097549872115e-5
0.006338697104380994	1.0007906881245194e-4
0.006367955200054912	1.0055068210874547e-4
0.006397348344885062	1.0102460735619051e-4
0.0064268771622229826	1.0150085711875546e-4
0.006456542278296742	1.0197944404503863e-4
0.006486344322224363	1.0246038086903747e-4
0.006516283926027072	1.0294368041092467e-4
0.006546361724642472	1.0342935557783641e-4
0.006576578355938223	1.0391741936466661e-4
0.006606934460725175	1.0440788485487356e-4
0.00663743068277127	1.0490076522129295e-4
0.006668067668814712	1.0539607372696071e-4
0.006698846068577874	1.0589382372595245e-4
0.006729766534780912	1.0639402866422248e-4
0.006760829723155476	1.068967020804539e-4
0.006792036292458489	1.0740185760693453e-4
0.006823386904486098	1.0790950897041913e-4
0.006854882224087533	1.0841966999301901e-4
0.006886522919179017	1.0893235459309784e-4
0.006918309660757974	1.0944757678617122e-4
0.006950243122916894	1.0996535068583522e-4
0.006982323982857586	1.1048569050468488e-4
0.007014552920905359	1.1100861055524955e-4
0.007046930620523334	1.1153412525095215e-4
0.00707945776832658	1.1206224910706681e-4
0.00711213505409658	1.1259299674169173e-4
0.0071449631707956734	1.1312638287673338e-4
0.0071779428145814644	1.1366242233890325e-4
0.007211074684821364	1.1420113006072627e-4
0.00724435948410708	1.1474252108156641e-4
0.007277797918269324	1.1528661054865317e-4
0.007311390696392528	1.1583341371813057e-4
0.007345138530829326	1.1638294595611765e-4
0.00737904213721563	1.1693522273978135e-4
0.007413102234485228	1.1749025965841173e-4
0.007447319544884742	1.1804807241453642e-4
0.007481694793988483	1.1860867682501204e-4
0.007516228710713474	1.1917208882217489e-4
0.007550922027334386	1.1973832445495411e-4
0.00758577547949861	1.2030739989003925e-4
0.007620789806241354	1.208793314130499e-4
0.007655965750000743	1.2145413542970828e-4
0.007691304056632944	1.2203182846704168e-4
0.007726805475427478	1.2261242717459417e-4
0.007762470759122356	1.2319594832565405e-4
0.007798300663919372	1.2378240881848472e-4
0.007834295949499442	1.2437182567759993e-4
0.007870457379037937	1.2496421605502183e-4
0.00790678571922003	1.255595972315859e-4
0.007943281740256061	1.2615798661821698e-4
0.007979946215897038	1.2675940175728862e-4
0.008016779923449943	1.2736386032393104e-4
0.008053783643793333	1.2797138012739936e-4
0.008090958161392797	1.2858197911244646e-4
0.008128304264316363	1.2919567536070947e-4
0.008165822744250081	1.2981248709211015e-4
0.008203514396513525	1.304324326662936e-4
0.008241380020075337	1.3105553058405844e-4
0.008279420417568767	1.316817994888269e-4
0.008317636395307068	1.3231125816811788e-4
0.008356028763299342	1.329439255550512e-4
0.008394598335265721	1.3357982072985635e-4
0.008433345928653108	1.342189629214248e-4
0.008472272364650521	1.3486137150885114e-4
0.008511378468204808	1.35507066023018e-4
0.00855066506803595	1.3615606614819309e-4
0.00859013299665251	1.3680839172364203e-4
0.008629783090367063	1.374640627452709e-4
0.008669616189311696	1.3812309936728445e-4
0.008709633137453182	1.3878552190387246e-4
0.00874983478260842	1.394513508308938e-4
0.008790221976459608	1.4012060678762607e-4
0.00883079557456945	1.407933105784948e-4
0.008871556436396477	1.414694831748493e-4
0.008912505425309775	1.4214914571675504e-4
0.008953643408604384	1.428323195148108e-4
0.008994971257515985	1.4351902605198616e-4
0.00903648984723579	1.4420928698548696e-4
0.009078200056925473	1.4490312414863873e-4
0.009120102769731561	1.4560055955280515e-4
0.009162198872800342	1.46301615389329e-4
0.00920448925729199	1.4700631403148428e-4
0.00924697481839519	1.4771467803647122e-4
0.009289656455341147	1.4842673014743357e-4
0.009332535071417875	1.4914249329550427e-4
0.009375611573983894	1.4986199060185602e-4
0.009418886874482363	1.505852453798238e-4
0.009462361888454368	1.5131228113700546e-4
0.009506037535552736	1.520431215774283e-4
0.009549914739555146	1.5277779060372308e-4
0.009593994428377176	1.5351631231933923e-4
0.009638277534085513	1.5425871103077573e-4
0.009682764992910431	1.5500501124985524e-4
0.009727457745258336	1.557552376960271e-4
0.009772356735724269	1.565094152986871e-4
0.009817462913103661	1.5726756919954765e-4
0.009862777230404296	1.580297247550259e-4
0.009908300644857843	1.5879590753867357e-4
0.00995403411793118	1.595661433436254e-4
0.009999978615337385	1.603404581850949e-4
0.01004613510704623	1.6111887830290637e-4
0.010092504567294977	1.619014301640368e-4
0.010139087974598088	1.6268814046522105e-4
0.010185886311757292	1.634790361355758e-4
0.010232900565870687	1.6427414433926095e-4
0.010280131728341982	1.6507349247818286e-4
0.010327580794889227	1.658771081947272e-4
0.01037524876555286	1.666850193745317e-4
0.010423136644703776	1.6749725414930039e-4
0.010471245441050867	1.6831384089966095e-4
0.010519576167647787	1.6913480825802923e-4
0.010568129841899754	1.6996018511156204e-4
0.010616907485569552	1.7079000060511067e-4
0.010665910124783365	1.7162428414424174e-4
0.010715138790035647	1.72463065398263e-4
0.010764594516193896	1.7330637430335299e-4
0.010814278342502814	1.741542410656505e-4
0.010864191312587687	1.7500669616447737e-4
0.010914334474457457	1.7586377035552848e-4
0.010964708880507143	1.7672549467414645e-4
0.011015315587519545	1.775919004386369e-4
0.011066155656666396	1.7846301925362467e-4
0.011117230153508975	1.7933888301344545e-4
0.011168540147997896	1.8021952390561712e-4
0.011220086714472194	1.81104974414325e-4
0.011271870931657962	1.8199526732396912e-4
0.011323893882665956	1.8289043572276972e-4
0.01137615665498859	1.837905130064077e-4
0.011428660340496263	1.8469553288172008e-4
0.011481406035432712	1.8560552937046124e-4
0.011534394840409634	1.8652053681309386e-4
0.011587627860400476	1.8744058987265488e-4
0.011641106204733423	1.8836572353865034e-4
0.011694830987083474	1.8929597313104647e-4
0.011748803325463478	1.9023137430426606e-4
0.011803024342214488	1.9117196305126638e-4
0.011857495163994952	1.9211777570769966e-4
0.011912216921769123	1.9306884895608513e-4
0.011967190750794346	1.9402521983006194e-4
0.012022417790607295	1.9498692571871966e-4
0.012077899185009275	1.9595400437095214e-4
0.012133636082050425	1.9692649389990496e-4
0.012189629634012683	1.979044327874797e-4
0.012245880997391975	1.9888785988889272e-4
0.012302391332878818	1.998768144373053e-4
0.012359161805338026	2.008713360485183e-4
0.012416193583787274	2.01871464725736e-4
0.012473487841374184	2.0287724086439642e-4
0.012531045755352313	2.038887052570771e-4
0.012588868507055984	2.049058990984605e-4
0.012646957281873553	2.059288639903721e-4
0.012705313269219476	2.0695764194690754e-4
0.012763937662505123	2.0799227539960676e-4
0.012822831659108039	2.0903280720273074e-4
0.01288199646033987	2.10079280638597e-4
0.01294143327141277	2.1113173942298498e-4
0.013001143301404644	2.1219022771065666e-4
0.013061127763222352	2.1325479010090673e-4
0.01312138787356397	2.14325471643231e-4
0.01318192485287914	2.15402317843067e-4
0.013242739925328081	2.1648537466760693e-4
0.013303834318738578	2.1757468855172055e-4
0.013365209264561972	2.1867030640392826e-4
0.01342686599782697	2.1977227561250016e-4
0.01348880575709202	2.2088064405162254e-4
0.013551029784395902	2.2199546008764046e-4
0.013613539325206578	2.2311677258544238e-4
0.013676335628368494	2.2424463091488123e-4
0.013739419946047438	2.253790849573381e-4
0.013802793533674584	2.2652018511232574e-4
0.013866457649887809	2.276679823042629e-4
0.013930413556471483	2.288225279892805e-4
0.013994662518294537	2.2998387416217668e-4
0.01405920580324628	2.3115207336344584e-4
0.01412404468217042	2.3232717868642332e-4
0.014189180428797216	2.3350924378454682e-4
0.014254614319673273	2.3469832287869013e-4
0.014320347634089917	2.3589447076467253e-4
0.014386381654008809	2.3709774282077838e-4
0.014452717663986037	2.383081950155077e-4
0.014519356951093812	2.3952588391535243e-4
0.01458630080484026	2.4075086669272025e-4
0.014653550517086722	2.4198320113399453e-4
0.014721107381963416	2.4322294564767892e-4
0.014788972695782193	2.444701592727042e-4
0.01485714775694788	2.457249016868345e-4
0.014925633865866816	2.469872332151785e-4
0.014994432324853216	2.4825721483891065e-4
0.015063544438033483	2.495349082040128e-4
0.015132971511248039	2.508203756302659e-4
0.015202714851950808	2.5211368012025725e-4
0.015272775769106628	2.534148853686292e-4
0.015343155573085868	2.547240557714025e-4
0.015413855575557106	2.5604125643548183e-4
0.01548487708937707	2.573665531882712e-4
0.015556221428478442	2.587000125874588e-4
0.015627889907755085	2.6004170193095566e-4
0.01569988384294478	2.6139168926696076e-4
0.015772204550509664	2.627500434042123e-4
0.015844853347514135	2.6411683392237484e-4
0.015917831551500172	2.654921311825871e-4
0.015991140480360252	2.6687600633818246e-4
0.0160647814522078	2.682685313455716e-4
0.016138755785245013	2.696697789752832e-4
0.016213064797628157	2.710798228231974e-4
0.016287709807330505	2.7249873732192875e-4
0.016362692132002393	2.7392659775239665e-4
0.016438013088828973	2.753634802555681e-4
0.01651367399438544	2.768094618444181e-4
0.01658967616448931	2.7826462041601155e-4
0.016666020914050672	2.7972903476384923e-4
0.016742709556919408	2.8120278459031897e-4
0.016819743405729906	2.8268595051944264e-4
0.016897123771743405	2.841786141097371e-4
0.01697485196468755	2.856808578673136e-4
0.01705292929259325	2.8719276525919724e-4
0.017131357061629326	2.8871442072681745e-4
0.017210136575934107	2.9024590969974686e-4
0.017289269137444788	2.9178731860963624e-4
0.017368756045723965	2.93338734904372e-4
0.01744859859778372	2.949002470624733e-4
0.01752879808790707	2.9647194460769336e-4
0.017609355807466767	2.980539181238673e-4
0.01769027304474184	2.996462592699965e-4
0.01777155108473097	3.0124906079556695e-4
0.017853191208964017	3.028624165561076e-4
0.017935194695310533	3.044864215290333e-4
0.0180175628177858	3.0612117182966743e-4
0.01810029684635457	3.077667647276008e-4
0.018183398046732094	3.0942329866325566e-4
0.01826686768018264	3.11090873264755e-4
0.01835070700331566	3.1276958936503823e-4
0.018434917267879533	3.144595490192463e-4
0.018519499720552626	3.1616085552242575e-4
0.018604455602732134	3.1787361342748815e-4
0.01868978615032041	3.1959792856344805e-4
0.018775492593509066	3.2133390805399553e-4
0.018861576156560464	3.230816603363276e-4
0.018948038057587033	3.2484129518034607e-4
0.01903487950832833	3.2661292370807704e-4
0.01912210171392552	3.283966584135021e-4
0.019209705872693994	3.301926131826582e-4
0.01929769317589336	3.320009033140613e-4
0.019386064807495496	3.3382164553950275e-4
0.019474821943950338	3.3565495804516974e-4
0.01956396575394942	3.3750096049309144e-4
0.019653497398187475	3.3935977404295225e-4
0.01974341802912187	3.412315213743086e-4
0.019833728790729838	3.4311632670907003e-4
0.019924430818264047	3.4501431583447455e-4
0.020015525238005802	3.469256161263553e-4
0.020107013167016602	3.488503565728071e-4
0.020198895712887577	3.507886677982862e-4
0.020291173973487273	3.5274068208809514e-4
0.020383849036707452	3.547065334132308e-4
0.020476921980207105	3.566863574557182e-4
0.020570393871154807	3.586802916343064e-4
0.020664265765969483	3.606884751306419e-4
0.020758538710059116	3.6271104891584717e-4
0.020853213737558426	3.647481557775712e-4
0.020948291871064402	3.667999403474609e-4
0.021043774121370887	3.6886654912916085e-4
0.02113966148720111	3.709481305266817e-4
0.02123595495493942	3.730448348733835e-4
0.02133265549836119	3.7515681446130387e-4
0.021429764078361495	3.772842235711088e-4
0.021527281642682798	3.794272185024793e-4
0.02162520912564115	3.81585957605037e-4
0.021723547447851273	3.83760601309792e-4
0.021822297515950648	3.8595131216115065e-4
0.02192146022232258	3.881582548494348e-4
0.022021036444818128	3.903815962439781e-4
0.022121027046477157	3.926215054267996e-4
0.022221432875248734	3.948781537268378e-4
0.022322254763710234	3.97151714754779e-4
0.0224234935287864	3.9944236443849795e-4
0.022525149971467	4.017502810590978e-4
0.022627224876524146	4.040756452875987e-4
0.02272971901222942	4.0641864022219803e-4
0.022832633130069786	4.087794514262584e-4
0.02293596796446354	4.111582669669396e-4
0.023039724232475828	4.135552774544333e-4
0.02314390263353367	4.1597067608196894e-4
0.023248503849141018	4.1840465866650365e-4
0.023353528542593302	4.208574236900497e-4
0.023458977358692075	4.2332917234185667e-4
0.023564850923459703	4.25820108561204e-4
0.023671149843853656	4.283304390810501e-4
0.023777874707481474	4.308603734724026e-4
0.023885026082315332	4.334101241894416e-4
0.023992604516407202	4.3597990661552996e-4
0.024100610537604192	4.3856993910996436e-4
0.024209044653264088	4.411804430556019e-4
0.024317907349971635	4.43811642907289e-4
0.024427199093255053	4.464637662411954e-4
0.024536920327303292	4.4913704380502727e-4
0.02464707147468384	4.5183170956911227e-4
0.024757652936061164	4.5454800077839914e-4
0.02486866508991626	4.5728615800545995e-4
0.024980108292266656	4.600464252043448e-4
0.025091982876387538	4.628290497654652e-4
0.0252042891525339	4.656342825714988e-4
0.025317027407663728	4.684623780542087e-4
0.02543019790516237	4.7131359425239925e-4
0.025543800884567897	4.741881928708368e-4
0.02565783656129802	4.770864393403436e-4
0.02577230512637836	4.80008602878852e-4
0.025887206746171842	4.829549565536704e-4
0.02600254156211001	4.859257773449135e-4
0.02611830969042555	4.889213462099867e-4
0.026234511221886678	4.919419481493629e-4
0.02635114622153316	4.949878722734538e-4
0.02646821472841413	4.980594118708548e-4
0.026585716755327844	5.011568644777451e-4
0.026703652288563112	5.042805319486025e-4
0.02682202128764314	5.074307205282189e-4
0.026940823685071016	5.106077409250924e-4
0.027060059386077695	5.138119083861305e-4
0.027179728268371943	5.170435427727807e-4
0.02729983018189263	5.203029686385962e-4
0.0274203649485635	5.23590515308185e-4
0.027541332362050183	5.269065169577181e-4
0.027662732187519787	5.302513126969109e-4
0.027784564161403104	5.336252466525505e-4
0.027906827991159233	5.370286680535965e-4
0.02802952335504314	5.404619313179149e-4
0.02815264990187588	5.439253961405782e-4
0.028276207250817496	5.474194275839432e-4
0.028400194991143178	5.509443961694021e-4
0.02852461268202186	5.54500677970806e-4
0.02864945985229842	5.580886547098171e-4
0.02877473600027842	5.61708713852912e-4
0.028900440593516402	5.653612487103868e-4
0.029026573068607217	5.69046658537177e-4
0.02915313283098052	5.727653486356957e-4
0.029280119254698943	5.765177304605246e-4
0.02940753168225929	5.803042217252428e-4
0.029535369424397384	5.841252465112902e-4
0.02966363175989644	5.879812353788939e-4
0.029792317935398868	5.918726254802066e-4
0.029921427165221948	5.957998606746508e-4
0.030050958631176926	5.997633916464138e-4
0.030180911482392006	6.037636760243454e-4
0.030311284835139223	6.078011785042023e-4
0.030442077772664868	6.118763709731589e-4
0.0305732893450242	6.159897326369674e-4
0.030704918568919812	6.201417501494085e-4
0.030836964427544272	6.243329177444385e-4
0.030969425870426504	6.285637373709326e-4
0.031102301813282628	6.328347188300016e-4
0.031235591137870722	6.371463799151991e-4
0.03136929269184994	6.414992465553339e-4
0.0315034052886437	6.458938529602593e-4
0.031637927707307535	6.50330741769518e-4
0.03177285869240079	6.548104642039522e-4
0.03190819695386315	6.593335802204339e-4
0.03204394116689539	6.639006586695558e-4
0.03218008997184472	6.685122774566656e-4
0.032316641974094465	6.73169023705982e-4
0.032453595743958466	6.778714939282005e-4
0.03259094981658016	6.826202941913512e-4
0.03272870269183591	6.874160402951906e-4
0.032866852834243544	6.922593579491086e-4
0.03300539867287522	6.971508829537342e-4
0.03314433860127507	7.02091261386127e-4
0.033283670977381816	7.070811497889048e-4
0.03342339412345606	7.121212153630794e-4
0.03356350632601236	7.17212136165044e-4
0.03370400583575634	7.223546013074706e-4
0.033844890867526546	7.275493111644103e-4
0.03398615960024133	7.327969775806207e-4
0.03412781017685065	7.38098324085263e-4
0.034269840704292856	7.434540861100124e-4
0.03441224925345645	7.488650112116763e-4
0.034555033859146995	7.543318592995217e-4
0.034698192520058846	7.598554028672936e-4
0.03484172319875221	7.654364272301554e-4
0.03498562382163513	7.710757307664883e-4
0.03512989227895064	7.76774125164941e-4
0.03527452642476905	7.825324356765432e-4
0.0354195240769853	7.88351501372221e-4
0.03556488301732162	7.94232175405676e-4
0.0357106009913352	8.001753252820022e-4
0.03585667570843122	8.061818331318194e-4
0.03600310484188088	8.122525959914477e-4
0.03614988602884483	8.183885260888118e-4
0.03629701687040161	8.245905511357104e-4
0.036444494931581625	8.308596146262495e-4
0.036592317741406005	8.371966761415816e-4
0.03674048279293093	8.4360271166143e-4
0.03688898754329708	8.500787138821162e-4
0.037037829413784515	8.566256925416634e-4
0.03718700578987254	8.632446747516733e-4
0.03733651402130507	8.699367053367978e-4
0.03748635142216106	8.767028471812267e-4
0.037636515270930315	8.835441815829233e-4
0.0377870028105945	8.904618086155929e-4
0.03793781124871336	8.974568474985024e-4
0.03808893775751631	9.045304369745671e-4
0.038240379473999095	9.116837356965723e-4
0.03839213350002581	9.189179226220646e-4
0.038544196902436045	9.26234197416825e-4
0.038696566713157396	9.336337808674699e-4
0.03884923992932303	9.411179153030263e-4
0.039002213513394494	9.486878650259917e-4
0.03915548439328974	9.563449167529199e-4
0.039309049462516295	9.640903800650211e-4
0.03946290558030962	9.719255878686022e-4
0.03961704957177659	9.798518968660772e-4
0.039771478228044096	9.878706880373698e-4
0.03992618830641274	9.959833671324228e-4
0.040081176530515704	0.0010041913651744545
0.04023643959048261	0.0010124961389750742
0.04039197414310856	0.001020899171660657
0.04054777681202798	0.001029401973211016
0.04070384418789375	0.0010380060810101187
0.040860172828561164	0.0010467130604095462
0.04101675925927686	0.001055524505304767
0.04117359997287285	0.0010644420387246807
0.04133069142996525	0.001073467313434677
0.04148803005915809	0.0010826020125536398
0.0416456122572518	0.0010918478501851128
0.041803434389456856	0.0011012065720633127
0.0419614927896119	0.0011106799562137736
0.04211978376040681	0.0011202698136297327
0.0422783035736105	0.0011299779889639807
0.042437048470303496	0.0011398063612370849
0.042596014661115046	0.0011497568445620744
0.0427551983264652	0.0011598313888861894
0.04291459561681109	0.0011700319807500784
0.04307420265289815	0.0011803606440648612
0.04323401552601579	0.001190819440907595
0.043394030298257516	0.0012014104723355426
0.043554243002785716	0.0012121358792198088
0.04371464964410066	0.0012229978430987997
0.043875246198314115	0.0012339985870520342
0.04403602861342723	0.0012451403765947552
0.04419699280961286	0.0012564255205941332
0.044358134679502136	0.00126785637220742
0.044519450088475146	0.0012794353298425805
0.04468093487495612	0.0012911648381421263
0.04484258485071263	0.001303047388990939
0.04500439580115891	0.0013150855225481373
0.04516636348566337	0.0013272818283044507
0.04532848363786009	0.0013396389461649031
0.045490751965964284	0.0013521595675582638
0.045653164153091945	0.0013648464365734257
0.04581571585758308	0.001377702351123714
0.04597840271332922	0.0013907301641398126
0.04614122033010438	0.0014039327847920064
0.04630416429390008	0.0014173131797428067
0.046467230167264	0.0014308743744301034
0.04663041348964235	0.0014446194543827307
0.04679370977772597	0.001458551566568364
0.04695711452579985	0.0014726739207749846
0.04712062320609635	0.0014869897910271893
0.047284231269152016	0.0015015025170374051
0.04744793414416762	0.0015162155056940697
0.04761172723937185	0.0015311322325869301
0.0477756059423882	0.0015462562435708935
0.047939565620605286	0.0015615911563692769
0.04810360162155038	0.0015771406622178766
0.04826770927326617	0.0015929085275506226
0.04843188388469077	0.0016088985957281397
0.04859612074604067	0.0016251147888104115
0.04876041512919703	0.0016415611093749266
0.0489247622880947	0.0016582416423810982
0.04908915745911438	0.0016751605570829115
0.04925359586147785	0.0016923221089906529
0.049418072697645664	0.0017097306418832406
0.04958258315371804	0.0017273905898727993
0.04974712239983837	0.0017453064795224986
0.04991168559059942	0.0017634829320198576
0.05007626786545239	0.0017819246654062304
0.05024086434911821	0.0018006364968648398
0.050405470152001836	0.0018196233450686998
0.050570080370608804	0.0018388902325898908
0.050734690087964295	0.0018584422883726219
0.05089929437403468	0.001878284750271188
0.051063888286151334	0.0018984229676551807
0.051228466869436766	0.0019188624040837215
0.05139302515723311	0.0019396086400506607
0.05155755817153279	0.0019606673758030884
0.05172206092341123	0.0019820444342345243
0.05188652841346181	0.0020037457638563878
0.052050955632232714	0.002025777441848335
0.052215337560666014	0.00204814567719107
0.052379669170538476	0.0020708568138835025
0.05254394542490447	0.002093917334246641
0.05270816127854043	0.002117333862317387
0.052872311678391515	0.0021411131673338755
0.053036391564019666	0.0021652621673160758
0.053200395868053495	0.002189787932744132
0.053364319516639926	0.0022146976903368075
0.05352815742989721	0.002239998826934084
0.05369190452236964	0.0022656988934861553
0.0538555557034837	0.0022918056091523363
0.05401910587800567	0.0023183268655129962
0.05418254994650068	0.002345270730898574
0.05434588280579292	0.0023726454548381693
0.0545090993494274	0.002400459472632427
0.05467219446813272	0.00242872141005328
0.05483516305028517	0.002457440088175907
0.054997999982374014	0.002486624528345172
0.05516070014946762	0.0025162839572825356
0.05532325843568092	0.002546427812336055
0.05548566972464375	0.0025770657468790446
0.05564792889997	0.0026082076358614377
0.05581003084572797	0.002639863581518179
0.05597197044691129	0.002672043919241195
0.0561337425899107	0.002704759223617301
0.05629534216298671	0.00273802031463987
0.05645676405674284	0.0027718382640978265
0.05661800316459958	0.002806224402148786
0.05677905438326884	0.0028411903240807466
0.05693991261322915	0.002876747897269569
0.05710057275920117	0.0029129092683379105
0.05726102973062383	0.00294968687052138
0.05742127844213084	0.0029870934312493116
0.057581313814027424	0.003025141979946781
0.05774113077276763	0.0030638458560641735
0.05790072425143171	0.003103218717342937
0.05806008919020381	0.00314327454832302
0.05821922053684994	0.0031840276691025462
0.058378113247195794	0.0032254927443544136
0.05853676228560501	0.003267684792611161
0.058695162625457216	0.003310619195824893
0.0588533092496262	0.0033543117092118676
0.05901119715095805	0.0033987784713904344
0.05916882133274907	0.0034440360148227734
0.059326176809223675	0.003490101276569069
0.059483258606012085	0.003536991609365857
0.05964006176062773	0.0035847247930368116
0.05979658132294452	0.0036333190462503532
0.05995281235567358	0.003682793038630979
0.060108749934839806	0.0037331659032411833
0.06026438915025793	0.003784457249440497
0.060419725106008154	0.0038366871761397465
0.06057475292091127	0.0038898762854589967
0.060729467729003284	0.003944045696805768
0.06088386468000928	0.003999217061385292
0.061037938939816946	0.004055412577159616
0.0611916856909491	0.004112655004267977
0.061345100133035825	0.0041709676809259045
0.06149817748328546	0.004230374539818574
0.0616509129769551	0.004290900125004267
0.06180330186782004	0.004352569609347021
0.06195533942864247	0.0044154088124946375
0.06210702095163907	0.004479444219421151
0.06225834174894772	0.004544702999553359
0.06240929715309305	0.004611213026502136
0.0625598825174511	0.0046790028984162275
0.06271009321671263	0.004748101958983667
0.06285992464734551	0.004818540319100978
0.06300937222805554	0.004890348879232685
0.06315843140024638	0.0049635593524878195
0.0633070976284779	0.005038204288434575
0.06345536640092327	0.005114317097681849
0.0636032332298247	0.005191932077252769
0.0637506936519476	0.0052710844367783154
0.06389774322903334	0.005351810325539916
0.06404437754825043	0.0054341468603911055
0.06419059222264409	0.0055181321545871
0.06433638289158429	0.005603805347559194
0.06448174522121186	0.005691206635661344
0.06462667490488319	0.005780377303927962
0.06477116766361282	0.005871359758876332
0.0649152192465145	0.005964197562393907
0.06505882543124009	0.006058935466744295
0.06520198202441674	0.006155619450738094
0.06534468486208202	0.006254296757105046
0.06548692981011689	0.006355015931114846
0.06562871276467686	0.006457826860489009
0.06577002965262081	0.006562780816651702
0.06591087643193765	0.006669930497368679
0.06605124909217075	0.0067793300708233264
0.06619114365484027	0.006891035221184981
0.06633055617386276	0.0070051031957192806
0.06646948273596887	0.007121592853503185
0.06660791946111805	0.007240564715799471
0.06674586250291133	0.007362081018152538
0.06688330804900101	0.007486205764271166
0.0670202523214982	0.0076130047817620245
0.06715669157737737	0.007742545779784523
0.06729262210887833	0.007874898408697427
0.06742804024390542	0.008010134321771379
0.06756294234642377	0.008148327239048072
0.06769732481685292	0.008289553013420943
0.06783118409245718	0.008433889699026134
0.06796451664773315	0.00858141762202873
0.06809731899479417	0.008732219453894498
0.06822958768375166	0.00888638028724355
0.06836131930309317	0.009043987714381363
0.06849251048005733	0.009205131908611754
0.06862315788100536	0.009369905708437544
0.06875325821178926	0.009538404704757562
0.06888280821811665	0.009710727331180662
0.06901180468591198	0.009886974957569104
0.06914024444167427	0.01006725198694301
0.06926812435283122	0.010251665955874657
0.06939544132808957	0.010440327638503472
0.0695221923177818	0.010633351154319966
0.06964837431420895	0.010830854079861122
0.06977398435197962	0.011032957564472007
0.06989901950834489	0.011239786450292475
0.07002347690352939	0.011451469396638367
0.07014735370105818	0.011668139008944707
0.07027064710807947	0.011889931972460192
0.07039335437568321	0.012116989190872108
0.07051547279921529	0.012349455930065426
0.07063699971858738	0.012587481967216933
0.07075793251858246	0.012831221745441677
0.0708782686291557	0.013080834534208354
0.07099800552573084	0.013336484595762137
0.07111714072949189	0.01359834135779508
0.07123567180767022	0.013866579592614907
0.07135359637382667	0.01414137960307893
0.07147091208812897	0.01442292741556663
0.07158761665762411	0.014711414980278
0.07170370783650583	0.015007040379158206
0.07181918342637683	0.015310008041759074
0.071934041276506	0.015620528969369331
0.07204827928408042	0.01593882096774587
0.07216189539445186	0.016265108888810553
0.07227488760137811	0.016599624881676753
0.07238725394725876	0.016942608653402122
0.07249899252336545	0.017294307739860956
0.07261010147006654	0.017654977787174238
0.07272057897704609	0.018024882844124863
0.07283042328351706	0.018404295666032123
0.0729396326784287	0.018793498030560157
0.07304820550066804	0.019192781065969142
0.07315614013925534	0.01960244559233598
0.07326343503353358	0.020022802476291332
0.07337008867335176	0.020454172999861003
0.07347609959924191	0.02089688924399604
0.07358146640259002	0.021351294487437538
0.07368618772580038	0.02181774362156636
0.07379026226245364	0.02229660358193305
0.07389368875745835	0.022788253797178203
0.07399646600719581	0.023293086656109404
0.0740985928596584	0.023811507993711085
0.07420006821458115	0.024343937596928367
0.07430089102356638	0.024890809731071214
0.07440106029020166	0.02545257368775497
0.07450057507017072	0.02602969435531928
0.07459943447135733	0.026622652812707967
0.0746976376539422	0.02723194694787674
0.07479518383049259	0.027858092101765933
0.07489207226604477	0.028501621739021325
0.07498830227817924	0.02916308814662992
0.07508387323708843	0.029843063161721153
0.07517878456563722	0.030542138929856424
0.07527303573941571	0.03126092869513839
0.07536662628678466	0.03200006762363457
0.07545955578891309	0.03276021366155842
0.07555182387980847	0.0335420484298249
0.07564343024633895	0.0343462781566156
0.07573437462824786	0.0351736346497067
0.07582465681816042	0.03602487631032955
0.0759142766615824	0.03690078919053152
0.07600323405689101	0.037802188096002
0.0760915289553175	0.03872991773643463
0.07617916136092195	0.039684853925704075
0.0762661313305598	0.04066790483406468
0.07635243897384016	0.04168001229488083
0.07643808445307597	0.042722153168367395
0.07652306798322596	0.043795340765062994
0.07660738983182806	0.0449006263317673
0.07669105031892476	0.04603910060296112
0.07677404981697977	0.047211895420744415
0.07685638875078649	0.04842018542654109
0.0769380675973678	0.04966518982800173
0.07701908688586759	0.05094817424465078
0.0770994471974334	0.052270452636067756
0.07717914916509086	0.05363338931651978
0.07725819347360922	0.055038401060226914
0.07733658085935852	0.056486959301611205
0.07741431211015781	0.0579805924351034
0.07749138806511499	0.05952088821935245
0.07756780961445779	0.061109496290885086
0.07764357769935601	0.06274813079258815
0.07771869331173518	0.06443857312254522
0.07779315749408136	0.06618267480922585
0.07786697133923724	0.06798236051913875
0.0779401359901895	0.06983963120357592
0.0780126526398473	0.0717565673912001
0.07808452253081227	0.07373533263386294
0.07815574695513942	0.07577817711310653
0.07822632725408951	0.07788744141549317
0.07829626481787261	0.08006556048515392
0.0783655610853829	0.08231506776240528
0.07843421754392475	0.08463859951790832
0.07850223572893018	0.08703889939212843
0.07856961722366747	0.08951882315050182
0.07863636365894117	0.09208134366539462
0.0787024767127835	0.09472955613613607
0.07876795811013712	0.09746668355958597
0.0788328096225292	0.10029608246384322
0.07889703306773707	0.103221248918731
