0.001	1.5625e-5
0.0012589254117941675	1.9670709559283867e-5
0.001584893192461114	2.4763956132204908e-5
0.001995262314968879	3.117597367138873e-5
0.0025118864315095794	3.924822549233718e-5
0.0031622776601683794	4.941058844013093e-5
0.003981071705534973	6.220424539898396e-5
0.005011872336272725	7.831050525426132e-5
0.00630957344480193	9.858708507503016e-5
0.007943282347242814	1.2411378667566897e-4
0.01	1.5625e-4
0.012589254117941675	1.9670709559283867e-4
0.015848931924611134	2.47639561322049e-4
0.0199526231496888	3.117597367138875e-4
0.025118864315095794	3.924822549233718e-4
0.03162277660168379	4.941058844013092e-4
0.039810717055349734	6.220424539898396e-4
0.05011872336272723	7.831050525426129e-4
0.06309573444801933	9.85870850750302e-4
0.07943282347242814	0.0012411378667566897
