0.004647796093157464	2.7878108795943835e-5
0.0054144644060581445	3.299953112112415e-5
0.006306749830520706	3.9167254781249564e-5
0.00734494254093197	4.6637448522583156e-5
0.008552517382408411	5.574659374723852e-5
0.009956614580490708	6.694432424231843e-5
0.011588607195934918	8.084344886896745e-5
0.013484815775641425	9.829847235976964e-5
0.015687526633090587	1.2053331696551105e-4
0.018246595899976358	1.4935797188680205e-4
0.02122172259711166	1.8755336472155284e-4
0.024684176339466006	2.3958726626898934e-4
0.028714201427718734	3.130073032979928e-4
0.03338866689883499	4.212949904762804e-4
0.038756588206082965	5.901358745674076e-4
0.04480866088321064	8.725995193566047e-4
0.051455130745227735	0.0013910815081442072
0.05852588580858298	0.0024765020841586083
0.0657957932399842	0.005276810640848115
0.07302493197898713	0.016077005798541898
0.07999749126474127	0.15994501575682382
