0.004647796093157464	4.460497407351012e-4
0.004665577658272927	4.479212773316945e-4
0.004683426911843707	4.498013053314473e-4
0.00470134410896539	4.516898684753969e-4
0.004719329505676046	4.535870107722968e-4
0.004737383358959494	4.554927765005619e-4
0.004755505926748373	4.574072102102964e-4
0.004773697467928014	4.593303567252726e-4
0.004791958242339391	4.6126226114501397e-4
0.004810288510782761	4.632029688467885e-4
0.004828688535020955	4.65152525487708e-4
0.00484715857778284	4.671109770068201e-4
0.004865698902766758	4.6907836962718796e-4
0.004884309774643875	4.710547498580106e-4
0.0049029914590616955	4.7304016449681226e-4
0.004921744222647605	4.750346606315464e-4
0.004940568333012211	4.770382856428044e-4
0.004959464058752813	4.790510872060179e-4
0.004978431669457079	4.810731132936634e-4
0.004997471435706282	4.831044121775056e-4
0.005016583629079086	4.851450324308553e-4
0.00503576852215494	4.871950229308727e-4
0.005055026388517623	4.892544328608276e-4
0.005074357502758726	4.913233117124421e-4
0.005093762140481499	4.934017092882333e-4
0.005113240578304051	4.954896757038745e-4
0.005132793093863164	4.975872613905599e-4
0.005152419965817941	4.996945170974495e-4
0.005172121473853153	5.01811493894054e-4
0.005191897898683335	5.039382431727033e-4
0.005211749522055733	5.060748166510281e-4
0.005231676626754683	5.082212663744458e-4
0.005251679496604754	5.103776447186528e-4
0.005271758416474661	5.125440043922058e-4
0.005291913672280927	5.147203984390489e-4
0.005312145550991439	5.169068802411263e-4
0.005332454340629399	5.191035035209817e-4
0.005352840330276751	5.213103223443725e-4
0.005373303810078288	5.235273911229736e-4
0.005393845071244995	5.257547646170028e-4
0.005414464406058089	5.2799249793798e-4
0.005435162107872735	5.302406465514394e-4
0.005455938471121739	5.324992662796594e-4
0.00547679379131935	5.347684133044903e-4
0.0054977283650653455	5.37048144170129e-4
0.005518742490048385	5.393385157859945e-4
0.005539836465050238	5.416395854295178e-4
0.005561010589949426	5.439514107491146e-4
0.005582265165725229	5.462740497670335e-4
0.005603600494461337	5.486075608823234e-4
0.005625016879350024	5.509520028738308e-4
0.0056465146246958845	5.533074349031199e-4
0.005668094035919556	5.556739165175762e-4
0.005689755419562154	5.580515076534211e-4
0.005711499083288617	5.604402686388128e-4
0.005733325335892263	5.628402601969197e-4
0.005755234487298195	5.652515434491197e-4
0.005777226848567571	5.676741799180977e-4
0.00579930273190166	5.701082315311303e-4
0.005821462450645664	5.725537606232505e-4
0.005843706319292797	5.750108299405073e-4
0.0058660346534883424	5.774795026433105e-4
0.0058884477700337085	5.79959842309711e-4
0.005910945986890465	5.824519129387813e-4
0.005933529623184435	5.849557789539483e-4
0.0059561989992097586	5.87471505206501e-4
0.005978954436433037	5.899991569789532e-4
0.006001796257497311	5.925387999885902e-4
0.006024724786226392	5.950905003909708e-4
0.006047740347628981	5.976543247834388e-4
0.00607084326790252	6.002303402087833e-4
0.006094033874437837	6.028186141587935e-4
0.006117312495822886	6.054192145779722e-4
0.006140679461847311	6.080322098671371e-4
0.006164135103506447	6.106576688872694e-4
0.006187679753005572	6.132956609631715e-4
0.006211313743764235	6.159462558873361e-4
0.006235037410420362	6.186095239237104e-4
0.006258851088834714	6.212855358116549e-4
0.00628275511609513	6.239743627697987e-4
0.006306749830520593	6.266760764999808e-4
0.006330835571665907	6.293907491912977e-4
0.0063550126803258115	6.321184535240729e-4
0.0063792814985393145	6.348592626739399e-4
0.00640364236959422	6.376132503159464e-4
0.006428095638031411	6.403804906287285e-4
0.00645264164964895	6.431610582986548e-4
0.006477280751507116	6.459550285240933e-4
0.006502013291932278	6.487624770196573e-4
0.00652683962052156	6.515834800205277e-4
0.0065517600881473915	6.544181142868154e-4
0.00657677504696154	6.57266457107939e-4
0.006601884850400258	6.601285863070908e-4
0.006627089853188209	6.630045802457255e-4
0.006652390411343188	6.658945178280567e-4
0.0066777868821809114	6.687984785056898e-4
0.006703279624319019	6.717165422821832e-4
0.006728868997682115	6.746487897177645e-4
0.006754555363506163	6.775953019340239e-4
0.006780339084343054	6.805561606186781e-4
0.006806220524065281	6.835314480304131e-4
0.006832200047870558	6.865212470037024e-4
0.006858278022286438	6.895256409537062e-4
0.006884454815175041	6.925447138812755e-4
0.006910730795737669	6.955785503779525e-4
0.006937106334519472	6.986272356310059e-4
0.006963581803414325	7.016908554285413e-4
0.00699015757566938	7.047694961646888e-4
0.007016834025889904	7.078632448448091e-4
0.007043611530044104	7.109721890907484e-4
0.007070490465467647	7.140964171461707e-4
0.007097471210868859	7.172360178819378e-4
0.00712455414633324	7.203910808015531e-4
0.007151739653328351	7.235616960466071e-4
0.007179028114708869	7.267479544023641e-4
0.007206419914721178	7.299499473033485e-4
0.00723391543900848	7.331677668390177e-4
0.007261515074615509	7.364015057594293e-4
0.007289219209993713	7.396512574810905e-4
0.0073170282350060204	7.42917116092753e-4
0.007344942540931765	7.461991763613062e-4
0.007372962520471904	7.494975337377494e-4
0.007401088567753698	7.528122843632145e-4
0.007429321078336126	7.56143525075036e-4
0.0074576604492145385	7.594913534129358e-4
0.0074861070788260105	7.628558676251605e-4
0.00751466136705428	7.662371666748517e-4
0.007543323715234965	7.69635350246287e-4
0.007572094526160486	7.730505187513913e-4
0.007600974204085493	7.764827733361421e-4
0.007629963154731739	7.799322158871452e-4
0.007659061785293514	7.833989490382232e-4
0.007688270504442734	7.868830761771507e-4
0.007717589722334185	7.903847014523376e-4
0.0077470198506107086	7.939039297797369e-4
0.007776561302408598	7.974408668496765e-4
0.007806214492362891	8.009956191338651e-4
0.00783597983661256	8.045682938924187e-4
0.007865857752805952	8.081589991810227e-4
0.007895848660106045	8.117678438581011e-4
0.007925952979196071	8.153949375920818e-4
0.007956171132284568	8.190403908687767e-4
0.007986503543111194	8.227043149988268e-4
0.008016950636951813	8.26386822125164e-4
0.008047512840624351	8.300880252306622e-4
0.008078190582493951	8.338080381457707e-4
0.008108984292478697	8.375469755563032e-4
0.008139894402055066	8.413049530112676e-4
0.008170921344263726	8.450820869308207e-4
0.008202065553714707	8.488784946142522e-4
0.008233327466593436	8.526942942481009e-4
0.00826470752066641	8.56529604914329e-4
0.008296206155286416	8.603845465986632e-4
0.008327823811398679	8.642592401989199e-4
0.008359560931546458	8.681538075334243e-4
0.008391417959876727	8.720683713497014e-4
0.008423395342146105	8.760030553329723e-4
0.008455493525726597	8.799579841150215e-4
0.008487712959611331	8.839332832829876e-4
0.008520054094420736	8.879290793883099e-4
0.008552517382408083	8.919454999557819e-4
0.008585103277465696	8.959826734926777e-4
0.008617812235130683	9.000407294980152e-4
0.008650644712591294	9.041197984718667e-4
0.008683601168692252	9.082200119248838e-4
0.008716682063941855	9.123415023877547e-4
0.008749887860516944	9.164844034209457e-4
0.008783219022269886	9.206488496244587e-4
0.008816676014734091	9.24834976647686e-4
0.008850259305130883	9.290429211994298e-4
0.008883969362374965	9.33272821058003e-4
0.00891780665708123	9.375248150814366e-4
0.008951771661570788	9.417990432178627e-4
0.008985864849877392	9.460956465159019e-4
0.009020086697753768	9.504147671352898e-4
0.009054437682678057	9.547565483575446e-4
0.00908891828386017	9.591211345968235e-4
0.009123528982248323	9.63508671410782e-4
0.009158270260535449	9.679193055117254e-4
0.009193142603166022	9.723531847777467e-4
0.009228146496342269	9.768104582640435e-4
0.009263282428031063	9.81291276214451e-4
0.009298550887970564	9.857957900729147e-4
0.00933395236767689	9.903241524952576e-4
0.009369487360450901	9.948765173610464e-4
0.00940515636138494	9.99453039785591e-4
0.009440959867369859	0.0010040538761319903
0.009476898377101667	0.0010086791840235245
0.009512972391088706	0.0010133291223559865
0.00954918241165848	0.001018003851310249
0.009585528942964747	0.0010227035323650152
0.009622012490994699	0.0010274283283096032
0.009658633563575915	0.001032178403257059
0.009695392670383697	0.0010369539226572093
0.009732290322948268	0.001041755053309977
0.009769327034662061	0.0010465819633790072
0.009806503320787058	0.0010514348224050887
0.009843819698462215	0.001056313801320086
0.00988127668671098	0.0010612190724608689
0.009918874806448721	0.0010661508095833937
0.009956614580490328	0.0010711091878770457
0.009994496533557874	0.0010760943839790945
0.010032521192288268	0.0010811065759892902
0.01007068908524132	0.001086145943484753
0.01010900074290682	0.00109121266753488
0.010147456697713322	0.0010963069307165665
0.010186057484035727	0.0011014289171295613
0.010224803638203083	0.0011065788124119218
0.010263695698506896	0.0011117568037559509
0.010302734205209559	0.0011169630799238522
0.010341919700552028	0.0011221978312640094
0.010381252728762677	0.0011274612497273124
0.010420733836065434	0.0011327535288835093
0.010460363570688164	0.0011380748639381309
0.010500142482871424	0.0011434254517492027
0.010540071124877128	0.001148805490844523
0.010580150050996837	0.0011542151814388883
0.010620379817561164	0.0011596547254517317
0.010660760982948374	0.0011651243265248157
0.01070129410759312	0.001170624190040256
0.010741979753995837	0.0011761545231387448
0.01078281848673182	0.001181715534737958
0.010823810872460435	0.0011873074355511727
0.010864957479934542	0.0011929304381063217
0.010906258880009668	0.0011985847567649263
0.010947715645653933	0.0012042706077416685
0.010989328351957562	0.0012099882091237925
0.01103109757614234	0.0012157377808912008
0.011073023897571753	0.0012215195449364268
0.01111510789776118	0.0012273337250850197
0.01115735016038738	0.001233180547116185
0.011199751271299062	0.0012390602387837247
0.011242311818527284	0.0012449730298371103
0.011285032392295379	0.001250919152042977
0.011327913585030117	0.0012568988392067878
0.011370955991371794	0.0012629123271947931
0.011414160208185444	0.0012689598539563677
0.011457526834571621	0.0012750416595464567
0.011501056471877161	0.0012811579861484828
0.011544749723706888	0.0012873090780974683
0.011588607195934504	0.0012934951819034287
0.011632629496713997	0.0012997165462751436
0.011676817236491605	0.0013059734221441551
0.011721171028017344	0.0013122660626892439
0.011765691486356674	0.001318594723360908
0.01181037922890287	0.0013249596619065178
0.011855234875388919	0.0013313611383956067
0.011900259047899937	0.001337799415245427
0.011945452370885826	0.0013442747572471238
0.011990815471173458	0.0013507874315918768
0.012036348977980036	0.0013573377078977922
0.012082053522925552	0.0013639258582367284
0.012127929740046268	0.0013705521571618583
0.012173978265807949	0.001377216881735295
0.012220199739118955	0.0013839203115564086
0.012266594801344559	0.001390662728790115
0.012313164096320068	0.0013974444181959315
0.012359908270365393	0.001404265667157149
0.012406827972298931	0.0014111267657106088
0.01245392385345197	0.001418028006576645
0.012501196567683259	0.0014249696851896937
0.01254864677139368	0.0014319520997290586
0.012596275123541558	0.0014389755511502727
0.012644082285657155	0.001446040343216926
0.012692068921858495	0.0014531467825326383
0.012740235698866958	0.0014602951785738193
0.012788583286022575	0.0014674858437226219
0.01283711235530033	0.0014747190933005372
0.012885823581326145	0.0014819952456023406
0.012934717641393317	0.0014893146219303855
0.012983795215479238	0.0014966775466297452
0.013033056986261794	0.001504084347123404
0.013082503639136621	0.0015115353539482158
0.013132135862234384	0.001519030900791355
0.013181954346438257	0.0015265713245270253
0.013231959785401265	0.0015341569652540042
0.013282152875564507	0.0015417881663335159
0.013332534316175189	0.0015494652744277358
0.013383104809304795	0.0015571886395386917
0.013433865059867933	0.001564958615047859
0.013484815775640932	0.0015727755577562392
0.013535957667281048	0.0015806398279251028
0.013587291448345508	0.0015885517893171018
0.01363881783531123	0.0015965118092382262
0.013690537547594436	0.0016045202585801104
0.013742451307570567	0.0016125775118631623
0.0137945598405947	0.0016206839472801256
0.013846863875021629	0.001628839946740358
0.013899364142227005	0.0016370458959148104
0.013952061376627786	0.0016453021842814488
0.014004956315703502	0.001653609205171548
0.01405804970001804	0.0016619673558165248
0.014111342273240516	0.0016703770373954826
0.014164834782167719	0.0016788386550834781
0.014218527976745818	0.0016873526181003682
0.014272422610093047	0.001695919339760565
0.0143265194385215	0.0017045392375233353
0.014380819221560726	0.0017132127330439272
0.014435322721980151	0.0017219402522254718
0.014490030705812527	0.001730722225271486
0.014544943942377342	0.001739559086739373
0.014600063204303796	0.001748451275594502
0.01465538926755584	0.0017573992352653376
0.014710922911455265	0.0017664034136990019
0.014766664918706067	0.001775464263418079
0.014822616075419338	0.001784582241578021
0.014878777171137466	0.0017937578100253725
0.01493514899885887	0.0018029914353570541
0.01499173235506362	0.0018122835889803689
0.015048528039738052	0.0018216347471739997
0.015105536856400197	0.001831045391149874
0.015162759612125433	0.001840516007115916
0.015220197117572247	0.0018500470863398609
0.015277850187007872	0.0018596391252140194
0.015335719638334055	0.0018692926253208232
0.01539380629311395	0.0018790080934995696
0.01545211097659717	0.0018887860419142303
0.015510634517747285	0.0018986269881219437
0.015569377749267576	0.0019085314551430814
0.015628341507627517	0.001918499971531763
0.015687526633090067	0.001928533071448096
0.015746933969737704	0.0019386312947309516
0.015806564365499445	0.0019487951869721686
0.015866418672177883	0.0019590252995919356
0.015926497745475613	0.001969322189915143
0.01598680244502243	0.0019796864212489503
0.016047333634402118	0.0019901185629617076
0.016108092181179617	0.00200061919056299
0.01616907895692733	0.0020111888857847517
0.01623029483725261	0.0020218282366641035
0.01629174070182399	0.0020325378376267727
0.016353417434398637	0.0020433182895727214
0.016415325922848372	0.0020541701999621845
0.016477467059186367	0.0020650941829037355
0.016539841739594146	0.0020760908592433
0.016602450864447033	0.002087160856655051
0.0166652953383411	0.0020983048097330476
0.01672837607011867	0.002109523360084934
0.016791693972894515	0.002120817156426932
0.016855249964081047	0.002132186854680196
0.0169190449654142	0.0021436331180687317
0.016983079902978013	0.002155156617219052
0.01704735570722981	0.0021667580302611907
0.01711187331302455	0.0021784380429315776
0.017176633659639565	0.002190197348677193
0.017241637690797083	0.0022020366487617484
0.017306886354689705	0.002213956652373363
0.017372380604001782	0.0022259580767340346
0.017438121395932846	0.0022380416472108917
0.017504109692219723	0.0022502080974290263
0.017570346459158222	0.0022624581693865596
0.01763683266762451	0.00227479261357101
0.017703569293095942	0.0022872121890783388
0.017770557315670225	0.0022997176637327833
0.017837797720086358	0.0023123098142098504
0.017905291495742846	0.0023249894261604667
0.017973039636715357	0.002337757294337489
0.018041043141775487	0.0023506142227241364
0.018109303014407174	0.0023635610246647287
0.018177820262822008	0.002376598522997343
0.018246595899975834	0.0023897275501887456
0.018315630943582007	0.002402948948471482
0.01838492641612655	0.0024162635699833458
0.018454483344878963	0.002429672276909008
0.018524302761905934	0.002443175941623911
0.018594385704080733	0.002456775446840832
0.018664733213094257	0.0024704716857587117
0.01873534633546299	0.002484265562213667
0.018806226122537382	0.002498157990833056
0.018877373630508138	0.0025121498971916153
0.018948789920411883	0.0025262422179705836
0.01902047605813566	0.002540435901119049
0.019092433114419886	0.0025547319060185173
0.019164662164859857	0.0025691312036496623
0.019237164289907127	0.0025836347767623996
0.019309940574867936	0.0025982436200483834
0.01938299210990174	0.002612958740316731
0.01945631999001661	0.0026277811566724077
0.0195299253150652	0.0026427119006978955
0.019603809189737725	0.0026577520166378376
0.019677972723553726	0.0026729025615865733
0.019752417030852804	0.0026881646056792917
0.019827143230782312	0.002703539232286012
0.019902152447285524	0.0027190275382091428
0.019977445809086176	0.0027346306338841995
0.02005302444967197	0.002750349643584183
0.020128889507276728	0.002766185705627207
0.020205042124859508	0.002782139972587772
0.020281483450082925	0.0027982136115116654
0.02035821463528942	0.0028144078041347706
0.020435236837474877	0.0028307237471050383
0.020512551218260535	0.0028471626522090223
0.02059015894386327	0.0028637257466017003
0.02066806118506353	0.0028804142730407384
0.020746259117169836	0.0028972294901245498
0.020824753919984104	0.0029141726725344284
0.02090354677776148	0.0029312451112810628
0.02098263887916921	0.0029484481139555032
0.021062031417244054	0.00296578300498367
0.021141725589346325	0.002983251125886814
0.021221722597111067	0.0030008538355447137
0.0213020236463979	0.0030185925104650934
0.021382629947238115	0.003036468545056765
0.02146354271377821	0.0030544833519078243
0.02154476316422226	0.003072638362069151
0.02162629252077097	0.003090935025342187
0.021708132009557502	0.0031093748105723595
0.021790282860582186	0.0031279592059477814
0.02187274630764233	0.0031466897193026407
0.021955523588261826	0.0031655678784265006
0.02203861594361479	0.0031845952313789235
0.022122024618449764	0.003203773346809991
0.022205750861008396	0.003223103814285878
0.022289795922941655	0.0032425882446211044
0.022374161059225326	0.0032622282702162195
0.022458847528068406	0.0032820255454014883
0.022543856590822278	0.003301981746787332
0.022629189511885257	0.003322098573620383
0.022714847558602945	0.0033423777481465782
0.022800832001167767	0.003362821015980522
0.02288714411251345	0.0033834301464815268
0.022973785168206987	0.003404206933136702
0.0230607564463377	0.00342515319395103
0.02314805922740218	0.0034462707718441237
0.023235694794187016	0.003467561535054866
0.023323664431647084	0.003489027377553366
0.023411969426781344	0.003510670219459744
0.023500611068504703	0.0035324920074719076
0.023589590647517294	0.0035544947153000462
0.0236789094561694	0.003576680344109672
0.02376856878832314	0.003599050922973273
0.02385856993921132	0.003621608509329495
0.023948914205292406	0.0036443551894515536
0.024039602884101986	0.003667293078924189
0.024130637274100395	0.003690424323129318
0.02422201867451733	0.003713751097741246
0.02431374838519393	0.003737275609230724
0.024405827706418148	0.003761000095378982
0.02449825793876002	0.0037849268258008497
0.024591040382902156	0.0038090581024782092
0.02468417633946546	0.003833396260303668
0.0247776671088332	0.0038579436676343076
0.02487151399097047	0.003882702726855804
0.024965718285239632	0.0039076758749578685
0.025060281290213943	0.003932865584120077
0.02515520430348517	0.003958274362309575
0.02525048862147007	0.003983904753889856
0.025346135539211768	0.0040097593402411225
0.025442146350177584	0.004035840740393301
0.025538522346054224	0.004062151611670426
0.02563526481653939	0.004088694650348755
0.025732375049128155	0.004115472592325926
0.02582985432889808	0.004142488213805289
0.025927703938289928	0.00416974433199173
0.02602592515688401	0.004197243805802355
0.026124519261175212	0.0042249895365905985
0.026223487524341553	0.004252984468884899
0.026322831216013004	0.004281231591141455
0.026422551602033217	0.004309733936512933
0.026522649944221093	0.004338494583631021
0.02662312750012682	0.004367516657406019
0.0267239855227859	0.004396803329841116
0.026825225260468363	0.004426357820863972
0.026926847956427347	0.004456183399174405
0.0270288548486422	0.00448628338310915
0.027131247169558156	0.004516661141524555
0.027234026145826547	0.0045473200946966694
0.027337192998036625	0.004578263715239777
0.027440748940448415	0.004609495529043335
0.027544695180721626	0.0046410191162284745
0.02764903291964026	0.004672838112124168
0.02775376335083573	0.004704956208262191
0.027858887660507196	0.004737377153394582
0.027964407027138562	0.004770104754530104
0.02807032262121243	0.004803142877993527
0.028176635604922423	0.0048364954505060965
0.02828334713188289	0.004870166460289001
0.028390458346834443	0.004904159958189112
0.0284979703853487	0.00493848005882911
0.028605884373530704	0.004973130941781805
0.028714201427718026	0.005008116852767697
0.028822922654177442	0.005043442104879688
0.028932049148801858	0.005079111079832653
0.02904158199680085	0.005115128229239608
0.029151522272393756	0.005151498075915437
0.02926187103849716	0.00518822521520766
0.02937262934641352	0.005225314316356902
0.029483798235515113	0.005262770123885369
0.02959537873292879	0.005300597459016143
0.02970737185321724	0.005338801221122154
0.02981977859806024	0.005377386389207799
0.02993259995593257	0.005416358023421673
0.030045836901783217	0.005455721266602755
0.030159490396710703	0.0054954813458602
0.030273561387638787	0.0055356435741882
0.030388050806990308	0.005576213352115882
0.03050295957236108	0.00561719616939367
0.030618288586191665	0.005658597606716984
0.030734038735438646	0.005700423337488805
0.030850210891246753	0.005742679129620518
0.03096680590861758	0.005785370847373421
0.031083824626080506	0.005828504453241761
0.031201267865361308	0.005872086009877651
0.03131913643105276	0.005916121682059826
0.0314374311102815	0.005960617738706222
0.031556152672378976	0.006005580554933003
0.03167530186854893	0.006051016614160335
0.03179487943153772	0.006096932510265389
0.03191488607530347	0.006143334949786027
0.03203532249468543	0.0061902307541740025
0.032156189365074854	0.006237626862100249
0.032277487342085597	0.006285530331814735
0.032399217061226095	0.006333948343559301
0.03252137913757174	0.0063828882020373285
0.03264397416543822	0.006432357338941746
0.032767002718057256	0.0064823633155419004
0.03289046534725003	0.0065329138253305075
0.03301436258310631	0.00658401669673371
0.03313869493366286	0.006635679895886009
0.0332634628845816	0.006687911529469113
0.03338866689883429	0.006740719847620202
0.03351430741638329	0.006794113246909302
0.03364038485386871	0.006848100273387326
0.03376689960429466	0.006902689625708326
0.033893852036720164	0.006957890158326198
0.03402124249594968	0.007013710884770365
0.03414907130222853	0.007070160980999346
0.0342773387509387	0.007127249788837024
0.03440604511229852	0.00718498681949358
0.034535190631064756	0.007243381757170958
0.034664775526237895	0.007302444462759967
0.034794799990770044	0.007362184977625773
0.034925264191274764	0.007422613527489432
0.035056168267742965	0.007483740526406551
0.0351875123332592	0.007545576580842173
0.035319296473724233	0.007608132493851576
0.035451520747577805	0.007671419269363815
0.035584185185527764	0.007735448116575182
0.03571728979028208	0.007800230454451451
0.03585083453628534	0.007865777916347847
0.035984819369457306	0.007932102354744465
0.03611924420693821	0.00799921584610396
0.03625410893683753	0.008067130695853615
0.03638941341798447	0.008135859443496983
0.0365251574796871	0.008205414867856371
0.03666134092149371	0.008275809992452325
0.03679796351295898	0.008347058091024368
0.0369350249934141	0.008419172693193507
0.037072525071745355	0.0084921675902763
0.03721046342617255	0.008566056841251099
0.037348839704035935	0.008640854778881097
0.03748765352158801	0.008716576016002257
0.03762690446378937	0.008793235451977015
0.03776659208411186	0.008870848279320498
0.03790671590434359	0.008949429990506772
0.03804727541440431	0.009028996384956436
0.03818827007216208	0.009109563576213875
0.03832969930325911	0.009191147999319724
0.03847156250094143	0.009273766418384552
0.03861385902589316	0.0093574359343689
0.03875658820608223	0.00944217399307809
0.03889974933660437	0.009527998393376019
0.03904334167954069	0.009614927295627877
0.03918736446381562	0.009702979230376909
0.03933181688506495	0.009792173107262709
0.039476698105509085	0.009882528224189948
0.03962200725383261	0.00997406427675397
0.03976774342506822	0.010066801367932877
0.03991390568049341	0.010160760018055565
0.040060493047525465	0.010255961175050787
0.04020750451963022	0.010352426224989539
0.04035493905623375	0.010450177002931757
0.04050279558264165	0.010549235804082345
0.04065107298996591	0.010649625395272238
0.04079977013505795	0.0107513690267696
0.04094888584044806	0.010854490444438125
0.04109841889429425	0.010959013902248675
0.041248368050335035	0.011064964175160615
0.04139873202785127	0.011172366572379855
0.041549509511634115	0.011281246951013008
0.04170069915196149	0.011391631730124514
0.04185229956457973	0.011503547905215294
0.04200430933069507	0.011617023063134512
0.0421567269969685	0.011732085397441376
0.042309551075521715	0.011848763724228498
0.042462780043949454	0.011967087498429983
0.042616412345336536	0.012087086830622555
0.042770446388285706	0.01220879250434346
0.04292488054695041	0.01233223599393905
0.0430797131610768	0.012457449482966697
0.0432349425360496	0.01258446588316501
0.043390566942951174	0.012713318854015434
0.04354658461862134	0.01284404282291718
0.04370299376572897	0.012976673005993122
0.0438597925528495	0.013111245429555477
0.044016979114549576	0.013247796952247447
0.04417455155148008	0.013386365287894175
0.044332507930474475	0.013526989029080038
0.04449084628465535	0.01366970767148649
0.044649564613549596	0.013814561639011097
0.04480866088320993	0.013961592309705057
0.04496813302634157	0.014110842042550042
0.04512797894243842	0.014262354205114045
0.045288196497927154	0.014416173202112576
0.045448783526316296	0.014572344504915166
0.045609737828352474	0.014730914682026546
0.04577105717218494	0.01489193143058438
0.045932739293537105	0.01505544360891152
0.046094781895883785	0.015221501270158627
0.04625718265063649	0.015390155697087602
0.04641993919733518	0.015561459438029323
0.04658304914384517	0.015735466344071386
0.046746510066565855	0.0159122316075172
0.0469103195106387	0.016091811801667584
0.04707447499016925	0.016274264921979458
0.047238973988450124	0.016459650428652595
0.047403813958192854	0.016648029290703224
0.047568992321767756	0.016839464031585132
0.04773450647144567	0.017034018776414236
0.047900353769652085	0.017231759300873003
0.048066531549220144	0.017432753081847604
0.04823303711365819	0.017637069349881455
0.048399867737415364	0.017844779143513997
0.04856702066615886	0.018055955365580256
0.04873449311705438	0.018270672841556094
0.048902282279053515	0.01848900838003391
0.04907038531318601	0.01871104083541521
0.04923879935285911	0.018936851172913518
0.049407521504159335	0.019166522535968903
0.0495765488461645	0.019400140316171825
0.0497458784312573	0.01963779222580557
0.04991550728544482	0.019879568373120035
0.05008543240868536	0.020125561340450217
0.0502556507752166	0.020375866265312313
0.05042615933389389	0.020630580924595566
0.05059695500852775	0.020889805821991923
0.05076803469823019	0.021153644278807268
0.05093939527776473	0.02142220252829859
0.05111103359789939	0.02169558981369762
0.05128294648576703	0.021973918490089187
0.05145513074522719	0.022257304130306337
0.051627583157234244	0.022545865635036865
0.05180030048020845	0.02283972534732787
0.051973279450412135	0.023139009171684963
0.05214651678232838	0.023443846697986208
0.052320009169043495	0.023754371330424025
0.05249375328263694	0.02407072042172108
0.052667745774568654	0.024393035412850594
0.052841983276075186	0.02472146197854019
0.05301646239856459	0.025056150178813203
0.053191179734020336	0.025397254616870302
0.05336613185540215	0.025744934603606214
0.0535413153170531	0.026099354329085854
0.053716726655110104	0.026460683041313608
0.05389236238791599	0.02682909523265559
0.0540682190164328	0.02720477083428622
0.054244293024661626	0.027587895419059292
0.05442058088005959	0.027978660413214954
0.05459707903396428	0.028377263317377437
0.05477378392201623	0.028783907937290003
0.054950691964586094	0.029198804624801452
0.05512779956720228	0.02962217052961286
0.05530510312098082	0.03005422986233593
0.05548259900305644	0.03049521416945299
0.05566028357701616	0.03094536262079049
0.05583815319333425	0.03140492231015791
0.05601620418980597	0.03187414856985313
0.05619443289198707	0.03235330529975303
0.05637283561363018	0.03284266531178032
0.05655140865712303	0.03334251069056017
0.05673014831393067	0.03385313317114393
0.05690905086503214	0.03437483453472929
0.05708811258136591	0.034907927023351826
0.057267329724268234	0.03545273377460263
0.05744669854591493	0.03600958927747706
0.05762621528976481	0.03657883985052715
0.05780587619100134	0.037160844143582554
0.057985677476973634	0.03775597366436599
0.05816561536764018	0.03836461333141838
0.05834568607601003	0.03898716205485466
0.0585258858085823	0.03962403334653562
0.05870621076579026	0.040275655961403777
0.05888665714243961	0.04094247457176954
0.059067221128149015	0.04162495047651601
0.05924789890778775	0.042323562347299046
0.05942868666191556	0.04303880701394919
0.05960958056721873	0.043771200291443685
0.05979057679694608	0.04452127785098602
0.059971671521342855	0.045289596137881354
0.06015286090808542	0.04607673333909587
0.06033414112271315	0.04688329040361377
0.06051550832905735	0.04770989211887005
0.06069695868967162	0.048557188246817484
0.060878488366259184	0.04942585472342832
0.06106009352009602	0.05031659492568772
0.06124177031245703	0.05123014101045962
0.06142351490503581	0.052167255329897556
0.06160532346036411	0.053128731928435216
0.06178719214222923	0.05411539812677763
0.06196911711608915	0.05512811619867719
0.06215109454948499	0.056167785146770996
0.0623331206124502	0.05723534258420107
0.06251519147791895	0.05833176672925472
0.06269730332213197	0.05945807852084847
0.06287945232503599	0.060615343863268646
0.0630616346706872	0.06180467600925645
0.06324384654764374	0.06302723809124597
0.06342608414936218	0.0642842458113548
0.06360834367458817	0.06557697030158313
0.06379062132774144	0.06690674116661946
0.06397291331930524	0.06827494972266468
0.0641552158662014	0.06968305244681844
0.06433752519217445	0.0711325746527819
0.06451983752816079	0.07262511440997059
0.06470214911266511	0.07416234672460593
0.06488445619212382	0.07574602800294203
0.06506675502127258	0.07737800081856569
0.0652490418635044	0.07906019900762001
0.06543131299122829	0.0807946531179406
0.06561356468622294	0.08258349624042939
0.06579579323998355	0.08442897025356327
0.06597799495407211	0.0863334325147462
0.06616016614045447	0.08829936303539274
0.06634230312184045	0.09032937217999662
0.0665244022320203	0.09242620893338067
0.06670645981618957	0.09459276978437156
0.06688847223127967	0.09683210827898822
0.06707043584627725	0.09914744530126345
0.06725234704254246	0.10154218014567126
0.06743420221412313	0.10401990245146198
0.06761599776806342	0.10658440507628207
0.0677977301247098	0.10923969799441582
0.06797939571801073	0.1119900233137364
0.06816099099581427	0.11483987151535023
0.06834251242016053	0.11779399903077648
0.06852395646756892	0.12085744728393173
0.0687053196293205	0.12403556333884296
0.06888659841174133	0.12733402230947213
0.06906778933647034	0.13075885170537843
0.06924888894073625	0.1343164579064113
0.06942989377761999	0.1380136549815653
0.06961080041631637	0.1418576960919079
0.06979160544239034	0.14585630774537064
0.06997230545802981	0.15001772720288786
0.07015289708229554	0.15435074337107668
0.07033337695135848	0.1588647415573864
0.07051374171874437	0.16356975250969027
0.07069398805556552	0.16847650621490304
0.07087411265074922	0.17359649099115426
0.07105411221126263	0.1789420184763495
0.07123398346233632	0.18452629519436708
0.0714137231476756	0.19036350146991005
0.07159332802967487	0.19646887856585735
0.0717727948896216	0.202858825036002
0.07195212052790081	0.20955100342232544
0.07213130176419008	0.21656445858439985
0.072310335437655	0.22391974913109358
0.07248921840713375	0.23163909363726018
0.07266794755132286	0.23974653357477754
0.07284651976895883	0.24826811517510802
0.07302493197898637	0.25723209277663417
0.07320318112073512	0.266669156603888
0.07338126415407964	0.27661268838788783
0.07355917805960353	0.2870990487814557
0.07373691983875387	0.2981679011654442
0.07391448651399647	0.3098625772030069
0.07409187512895934	0.32223049040143914
0.07426908274857724	0.3353236050170908
0.07444610645923153	0.3491989689227988
0.07462294336888185	0.36391932059661614
0.07479959060719922	0.3795537822412091
0.07497604532568641	0.39617865327600055
0.0751523046978057	0.41387832114725853
0.07532836591908783	0.4327463096869109
0.07550422620725053	0.45288648925953984
0.07567988280230512	0.47441447784675794
0.07585533296665782	0.4974592682594097
0.07603057398521199	0.5221651241307603
0.07620560316546371	0.5486937966079953
0.07638041783759054	0.5772271252123268
0.07655501535454053	0.6079701008196244
0.07672939309211542	0.6411544869590594
0.07690354844904844	0.6770431187424235
0.07707747884707995	0.7159350281919
0.07725118173102744	0.7581715824887167
0.07742465456885211	0.8041438703743518
0.0775978948517252	0.8543016351910977
0.07777090009408132	0.9091641357791564
0.0779436678336791	0.9693334254517136
0.07811619563164711	1.0355106840263526
0.0782884810725373	1.1085164317344158
0.07846052176436126	1.1893157156961451
0.07863231533863743	1.27904971675663
0.07880385945042319	1.379075716334044
0.0789751517783487	1.4910180476546095
0.07914619002464433	1.6168336198863231
0.07931697191516694	1.758896977932643
0.07948749519942329	1.9201118453717925
0.07965775765058629	2.104059005250339
0.07982775706550937	2.315194697621356
0.07999749126474058	2.5591202521081837
