8.141371054588527e-4	2.0349743331501163e-4
8.179580950633919e-4	2.044521503846687e-4
8.21797327578053e-4	2.054114204571228e-4
8.256548931418026e-4	2.0637526595279794e-4
8.295308823694747e-4	2.0734370940935707e-4
8.33425386354604e-4	2.0831677348237939e-4
8.373384966722509e-4	2.0929448094604745e-4
8.412703053818815e-4	2.1027685469383344e-4
8.452209050302479e-4	2.1126391773919275e-4
8.491903886543022e-4	2.122556932162656e-4
8.531788497841133e-4	2.1325220438057479e-4
8.571863824458276e-4	2.1425347460973728e-4
8.612130811646326e-4	2.1525952740417218e-4
8.652590409677356e-4	2.1627038638782456e-4
8.693243573874076e-4	2.1728607530888025e-4
8.734091264639891e-4	2.1830661804049889e-4
8.775134447489568e-4	2.1933203858154096e-4
8.816374093080034e-4	2.2036236105731145e-4
8.85781117724135e-4	2.2139760972029305e-4
8.899446681008043e-4	2.2243780895090333e-4
8.941281590650328e-4	2.2348298325823915e-4
8.983316897706172e-4	2.2453315728083494e-4
9.025553599012837e-4	2.255883557874328e-4
9.067992696739255e-4	2.2664860367774142e-4
9.11063519841842e-4	2.2771392598321596e-4
9.153482116979923e-4	2.2878434786783303e-4
9.196534470782933e-4	2.2985989462887425e-4
9.239793283649163e-4	2.3094059169772075e-4
9.283259584896339e-4	2.3202646464064218e-4
9.326934409371849e-4	2.331175391596035e-4
9.370818797486431e-4	2.342138410930633e-4
9.414913795248519e-4	2.3531539641679443e-4
9.45922045429829e-4	2.3642223124469407e-4
9.503739831942637e-4	2.3753437182961145e-4
9.5484729911898e-4	2.3865184456417575e-4
9.593421000784473e-4	2.3977467598163045e-4
9.63858493524345e-4	2.4090289275667165e-4
9.683965874891188e-4	2.4203652170630218e-4
9.72956490589545e-4	2.4317558979067286e-4
9.775383120303996e-4	2.443201241139558e-4
9.821421616080877e-4	2.4547015192519293e-4
9.86768149714295e-4	2.4662570061917904e-4
9.914163873397254e-4	2.4778679773733377e-4
9.960869860778277e-4	2.4895347096858564e-4
0.0010007800581285386	2.501257481502604e-4
0.0010054957163020796	2.513036572689815e-4
0.001010234074022781	2.524872264615635e-4
0.0010149952453329335	2.536764840159333e-4
0.001019779344896643	2.54871458372032e-4
0.0010245864880037766	2.5607217812274733e-4
0.0010294167905738599	2.572786720148382e-4
0.0010342703691600624	2.5849096894986533e-4
0.0010391473409532045	2.5970909798514236e-4
0.0010440478237857714	2.609330883346782e-4
0.0010489719361359842	2.6216296937013286e-4
0.0010539197971318904	2.6339877062178267e-4
0.001058891526555481	2.646405217794847e-4
0.0010638872448468645	2.658882526936643e-4
0.001068907073108446	2.6714199337628415e-4
0.00107395113310914	2.6840177400184486e-4
0.0010790195472886448	2.696676249083793e-4
0.0010841124387617415	2.7093957659846124e-4
0.0010892299313225659	2.7221765974021206e-4
0.001094372149449032	2.7350190516832766e-4
0.0010995392183071897	2.7479234388510105e-4
0.0011047312637556476	2.7608900706145996e-4
0.0011099484123500531	2.773919260380094e-4
0.0011151907913475856	2.7870113232607974e-4
0.001120458528711503	2.800166576087902e-4
0.0011257517531156778	2.8133853374210825e-4
0.0011310705939492495	2.826667927559303e-4
0.0011364151813212332	2.840014668551571e-4
0.0011417856460652456	2.853425884207918e-4
0.0011471821197441845	2.866901900110287e-4
0.0011526047346549974	2.8804430436236777e-4
0.00115805362383352	2.894049643907239e-4
0.0011635289210592448	2.907722031925545e-4
0.001169030760860271	2.9214605404598185e-4
0.0011745592785181703	2.935265504119483e-4
0.001180114610072973	2.9491372593535046e-4
0.0011856968923281577	2.963076144462045e-4
0.0011913062628556709	2.977082499608058e-4
0.0011969428600010683	2.9911566668291273e-4
0.0012026068228885725	3.0052989900491745e-4
0.0012082982914262917	3.0195098150905523e-4
0.0012140174063113988	3.0337894896858886e-4
0.0012197643090353888	3.0481383634903107e-4
0.0012255391418893992	3.0625567880936073e-4
0.0012313420479695347	3.0770451170325215e-4
0.0012371731711822596	3.0916037058031324e-4
0.0012430326562498316	3.106232911873384e-4
0.0012489206487157646	3.1209330946955957e-4
0.0012548372949504074	3.135704615719171e-4
0.0012607827421564563	3.1505478384034094e-4
0.0012667571383745983	3.1654631282302954e-4
0.0012727606324892098	3.1804508527175253e-4
0.001278793374234023	3.195511381431593e-4
0.0012848555141979287	3.2106450860009463e-4
0.0012909472038307764	3.225852340129201e-4
0.0012970685954492688	3.241133519608656e-4
0.001303219842242845	3.2564890023336447e-4
0.0013094010982796658	3.271919168314198e-4
0.0013156125185126391	3.2874243996897236e-4
0.001321854258785483	3.303005080742813e-4
0.0013281264758388746	3.318661597913121e-4
0.0013344293273166057	3.334394339811467e-4
0.0013407629717718467	3.3502036972338624e-4
0.0013471275686733955	3.366090063175834e-4
0.0013535232784120845	3.3820538328467505e-4
0.0013599502623071163	3.398095403684293e-4
0.0013664086826125897	3.4142151753690516e-4
0.0013728987025239748	3.4304135498392283e-4
0.001379420486184713	3.4466909313054335e-4
0.0013859741986928052	3.463047726265624e-4
0.00139256000610758	3.4794843435201876e-4
0.001399178075456407	3.4960011941871644e-4
0.0014058285747415196	3.5125986917173603e-4
0.0014125116729468764	3.5292772519100084e-4
0.0014192275400451628	3.5460372929281623e-4
0.0014259763470046937	3.562879235314459e-4
0.0014327582657966097	3.579803502006795e-4
0.0014395734694018884	3.596810518354379e-4
0.0014464221318186566	3.613900712133744e-4
0.0014533044280693541	3.631074513564897e-4
0.0014602205342081503	3.6483323553277493e-4
0.0014671706273283037	3.665674672578437e-4
0.001474154885569615	3.6831019029659554e-4
0.0014811734881260443	3.7006144866489525e-4
0.0014882266152532373	3.718212866312476e-4
0.0014953144482762557	3.7358974871850784e-4
0.0015024371695973333	3.753668797055887e-4
0.0015095949627036704	3.771527246291928e-4
0.001516788012175383	3.789473287855501e-4
0.0015240165036934704	3.807507377321813e-4
0.0015312806240478333	3.8256299728966646e-4
0.0015385805611454599	3.8438415354343197e-4
0.0015459165040186118	3.8621425284555034e-4
0.0015532886428330827	3.880533418165544e-4
0.001560697168896649	3.899014673472786e-4
0.001568142274667436	3.917586766006955e-4
0.0015756241537625067	3.9362501701378446e-4
0.0015831430009664508	3.9550053629940464e-4
0.0015906990122401031	3.973852824481955e-4
0.0015982923847293177	3.9927930373048276e-4
0.001605923316773864	4.011826486982067e-4
0.001613592007916354	4.0309536618686345e-4
0.0016212986589113146	4.0501750531746244e-4
0.0016290434717343442	4.0694911549850923e-4
0.0016368266495913168	4.0889024642799126e-4
0.0016446483969277017	4.1084094809539163e-4
0.0016525089194380325	4.128012707837169e-4
0.0016604084240753546	4.1477126507153664e-4
0.0016683471190608824	4.167509818350527e-4
0.0016763252138937037	4.1874047225017513e-4
0.0016843429193605624	4.2073978779462256e-4
0.0016924004475458146	4.2274898025003785e-4
0.0017004980118413488	4.2476810170412094e-4
0.0017086358269568075	4.267972045527869e-4
0.001716814108929729	4.288363415023303e-4
0.001725033075135911	4.3088556557163254e-4
0.0017332929442998304	4.3294493009434735e-4
0.0017415939365051749	4.3501448872115654e-4
0.00174993627320551	4.370942954219969e-4
0.0017583201772350312	4.391844044883561e-4
0.0017667458728194611	4.412848705355338e-4
0.001775213585587027	4.433957485049679e-4
0.0017837235425795831	4.4551709366657106e-4
0.0017922759722638299	4.4764896162105533e-4
0.0018008711045426945	4.497914083023366e-4
0.0018095091707667408	4.519444899799075e-4
0.0018181904037458646	4.541082632612578e-4
0.0018269150377609466	4.5628278509431445e-4
0.0018356833085756996	4.5846811276988915e-4
0.0018444954534487194	4.6066430392417956e-4
0.0018533517111455683	4.62871416541246e-4
0.00186225232195096	4.650895089555584e-4
0.001871197527681276	4.673186398545424e-4
0.0018801875716969675	4.695588682811357e-4
0.0018892226989152992	4.718102536364052e-4
0.0018983031558231324	4.7407285568215374e-4
0.0019074291904898812	4.7634673454356193e-4
0.0019166010525805848	4.7863195071186707e-4
0.0019258189933692084	4.809285650470432e-4
0.001935083265752005	4.832366387805291e-4
0.0019443941242611165	4.8555623351796115e-4
0.0019537518250782454	4.878874112419496e-4
0.001963156626048502	4.902302343148614e-4
0.0019726087866945327	4.92584765481657e-4
0.0019821085682306693	4.949510678727242e-4
0.0019916562335772327	4.973292050067443e-4
0.0020012520473752485	4.997192407936152e-4
0.0020108962760009034	5.021212395373559e-4
0.0020205891875806807	5.045352659390708e-4
0.0020303310520063183	5.069613850999376e-4
0.002040122140949978	5.093996625242026e-4
0.002049962727879869	5.118501641222457e-4
0.002059853088075694	5.14312956213622e-4
0.0020697934986445695	5.167881055301814e-4
0.0020797842385369904	5.192756792191826e-4
0.0020898255885631106	5.217757448464598e-4
0.002099917831409036	5.242883703996079e-4
0.002110061251653552	5.268136242912021e-4
0.002120256135784885	5.293515753620511e-4
0.0021305027722177622	5.319022928844743e-4
0.0021408014513107556	5.34465846565615e-4
0.0021511524653835996	5.370423065508103e-4
0.0021615561087350134	5.396317434269276e-4
0.0021720126776606737	5.422342282258144e-4
0.002182522470471189	5.448498324277287e-4
0.0021930857875108465	5.474786279648187e-4
0.002203702931175897	5.501206872246485e-4
0.0022143742059336827	5.52776083053738e-4
0.0022250999183417936	5.554448887611504e-4
0.0022358803770673647	5.581271781221083e-4
0.0022467158929068303	5.608230253816672e-4
0.0022576067788058684	5.635325052583836e-4
0.0022685533498796005	5.662556929480755e-4
0.002279555923433116	5.689926641275745e-4
0.0022906148189821745	5.717434949585265e-4
0.002301730358274367	5.745082620912645e-4
0.0023129028653105133	5.77287042668657e-4
0.0023241326663662096	5.800799143300607e-4
0.002335420090013839	5.828869552152842e-4
0.0023467654671450212	5.857082439685722e-4
0.002358169130992973	5.88543859742679e-4
0.0023696314171557016	5.91393882202946e-4
0.0023811526636191758	5.942583915314303e-4
0.002392733210780862	5.971374684310735e-4
0.002404373401473898	6.00031194129949e-4
0.002416073580991191	6.029396503854919e-4
0.0024278340971104076	6.058629194888221e-4
0.002439655300118737	6.088010842690944e-4
0.0024515375428385074	6.117542280978979e-4
0.002463481180653066	6.147224348936936e-4
0.002475486571532911	6.177057891263327e-4
0.0024875540760623846	6.207043758215605e-4
0.0024996840574667417	6.237182805656383e-4
0.002511876881639685	6.267475895099574e-4
0.002524132917171071	6.297923893757533e-4
0.0025364525353756893	6.328527674588191e-4
0.002548836110321603	6.359288116343171e-4
0.0025612840188598343	6.390206103616171e-4
0.0025737966406538847	6.421282526891802e-4
0.0025863743582101397	6.452518282595323e-4
0.0025990175569084516	6.483914273142493e-4
0.002611726625033554	6.515471406990248e-4
0.002624501953806744	6.547190598687855e-4
0.0026373439374182445	6.579072768928664e-4
0.002650252973059971	6.611118844602385e-4
0.0026632294609590505	6.643329758847974e-4
0.0026762738044117324	6.675706451107219e-4
0.002689386409817964	6.708249867178661e-4
0.0027025676867165295	6.740960959272512e-4
0.0027158180478208775	6.773840686065778e-4
0.0027291379090554372	6.806890012758338e-4
0.0027425276895926935	6.840109911129665e-4
0.0027559878118908324	6.873501359595749e-4
0.002769518701732131	6.907065343267258e-4
0.0027831207882619696	6.940802854008141e-4
0.0027967945040285177	6.97471489049474e-4
0.002810540285023283	7.008802458275889e-4
0.0028243585707221413	7.043066569833474e-4
0.0028382498041274137	7.077508244643832e-4
0.0028522144318103874	7.112128509239905e-4
0.002866252903954933	7.146928397273981e-4
0.0028803656744016424	7.181908949581374e-4
0.002894553200692995	7.217071214244644e-4
0.0029088159441192094	7.252416246658864e-4
0.002923154369765041	7.287945109597322e-4
0.00293756894655745	7.323658873278382e-4
0.002952060147314023	7.359558615432827e-4
0.002966628448792509	7.395645421372326e-4
0.0029812743317411674	7.431920384058563e-4
0.002995998280950063	7.468384604173128e-4
0.003010800785303285	7.505039190188366e-4
0.003025682337832405	7.541885258439284e-4
0.003040643435770543	7.578923933196139e-4
0.0030556845806078386	7.616156346737766e-4
0.0030708062781477467	7.65358363942627e-4
0.003086009038564547	7.691206959782304e-4
0.003101293376461789	7.729027464561414e-4
0.0031166598109319712	7.767046318831241e-4
0.0031321088656174603	7.805264696050013e-4
0.0031476410687723195	7.843683778145547e-4
0.0031632569533254352	7.882304755595905e-4
0.003178957056944979	7.921128827510203e-4
0.00319474192210394	7.960157201711504e-4
0.003210612096146947	7.999391094819762e-4
0.003226568131358367	8.03883173233678e-4
0.0032426105850317994	8.07848034873147e-4
0.003258740019540698	8.11833818752678e-4
0.0032749570024105078	8.158406501387428e-4
0.0032912621063921265	8.198686552209035e-4
0.0033076559095366956	8.23917961120816e-4
0.003324138995271962	8.279886959013995e-4
0.003340711952479774	8.320809885760515e-4
0.003357375375575404	8.361949691180739e-4
0.003374129864588137	8.403307684701604e-4
0.0033909760252433907	8.444885185540306e-4
0.0034079144690464104	8.486683522802166e-4
0.0034249458133673895	8.528704035579264e-4
0.003442070681528475	8.570948073051256e-4
0.003459289702891877	8.613416994586546e-4
0.003476603512950115	8.656112169845744e-4
0.003494012753417489	8.699034978885972e-4
0.0035115180723234193	8.742186812266815e-4
0.0035291201241074294	8.785569071157704e-4
0.003546819569715802	8.829183167446715e-4
0.0035646170766999233	8.873030523851047e-4
0.0035825133193164325	8.917112574028833e-4
0.0036005089786290243	8.961430762692575e-4
0.0036186047426121433	9.00598654572408e-4
0.003636801306256273	9.050781390291376e-4
0.003655099371675211	9.09581677496669e-4
0.003673499648215188	9.141094189846496e-4
0.0036920028525654564	9.186615136673094e-4
0.003710609708871251	9.232381128957956e-4
0.0037293209488479945	9.2783936921069e-4
0.0037481373118980693	9.324654363546524e-4
0.003767059545228669	9.371164692853406e-4
0.0037860884039722644	9.417926241884184e-4
0.0038052246513084692	9.464940584908031e-4
0.003824469058587918	9.512209308740639e-4
0.0038438224054581542	9.559734012880816e-4
0.003863285479991301	9.607516309647945e-4
0.003882859078813626	9.655557824322575e-4
0.003902544007237141	9.703860195288046e-4
0.0039223410793928	9.752425074174832e-4
0.003942251118366029	9.801254126006805e-4
0.003962274956333707	9.850349029349042e-4
0.003982413434703309	9.8997114764588e-4
0.0040026674042539095	9.949343173437516e-4
0.004023037725278706	9.999245840386223e-4
0.004043525267730004	0.0010049421211561845
0.004064130911365485	0.001009987103553692
0.004084855545896377	0.0010150597075361222
0.004105700071137978	0.0010201601108725303
0.004126665397160957	0.0010252884928126976
0.004147752444445437	0.0010304450341040096
0.0041689621440360895	0.0010356299170085456
0.004190295437699149	0.001040843325320443
0.004211753278081373	0.001046085444383519
0.004233336628870133	0.0010513564611091286
0.004255046464955468	0.001056656563994279
0.004276883772593487	0.0010619859431400052
0.004298849549571695	0.001067344790270049
0.004320944805374962	0.0010727332987497523
0.004343170561353997	0.0010781516636052511
0.004365527850894339	0.0010836000815429433
0.004388017719586948	0.0010890787509692265
0.00441064122540029	0.0010945878720105557
0.0044333994388532855	0.0011001276465337096
0.004456293443189846	0.0011056982781664573
0.004479324334553736	0.0011112999723183958
0.004502493222165338	0.0011169329362022082
0.00452580122849885	0.0011225973788551325
0.004549249489460292	0.001128293511160773
0.00457283915456682	0.0011340215458712363
0.004596571387126061	0.001139781697629534
0.004620447364416562	0.00114557418299235
0.004644468277868843	0.0011513992204531104
0.004668635333246233	0.0011572570304653775
0.0046929497508270855	0.0011631478354665373
0.0047174127655862114	0.0011690718599019184
0.0047420256273773866	0.0011750293302491156
0.004766789601115144	0.0011810204750427702
0.004791705966957052	0.0011870455248996143
0.004816776020485621	0.0011931047125438741
0.004842001072889801	0.0011991982728331127
0.004867382451146462	0.0012053264427842696
0.004892921498200921	0.0012114894616001874
0.004918619573147123	0.0012176875706964552
0.004944478051406976	0.0012239210137286072
0.004970498324908663	0.0012301900366196964
0.004996681802264167	0.001236494887588295
0.005023029908945383	0.0012428358171767391
0.005049544087459093	0.0012492130782799085
0.005076225797520233	0.0012556269261742748
0.005103076516223928	0.0012620776185474005
0.005130097738215448	0.001268565415527789
0.005157290975858456	0.0012750905797151767
0.005184657759400942	0.0012816533762111558
0.0052121996371392604	0.001288254072650243
0.005239918175579571	0.0012948929392313465
0.005267814959596739	0.0013015702487496426
0.005295891592590502	0.0013082862766288306
0.0053241496966388085	0.0013150413009538429
0.005352590912648246	0.0013218356025039661
0.005381216900500685	0.0013286694647863216
0.005410029339197167	0.0013355431740698749
0.005439029926997801	0.0013424570194197792
0.005468220381557785	0.0013494112927321617
0.005497602440059973	0.0013564062887694358
0.005527177859342626	0.0013634423051958797
0.00555694841602342	0.0013705196426138113
0.005586915906618412	0.0013776386046000992
0.005617082147656664	0.0013847994977431817
0.005647448975789677	0.0013920026316804862
0.005678018247895941	0.0013992483191363277
0.00570879184117998	0.0014065368759602307
0.0057397716532660605	0.0014138686211657369
0.00577095960228587	0.0014212438769696358
0.005802357626960807	0.0014286629688316569
0.005833967686677701	0.001436126225494682
0.005865791761558449	0.0014436339790253035
0.0058978318525230505	0.001451186564854979
0.005930089981346122	0.00145878432182155
0.0059625681907061225	0.0014664275922112685
0.0059952685442278665	0.0014741167218013352
0.0060281931265176785	0.0014818520599028178
0.006061344043190516	0.0014896339594041394
0.006094723420890298	0.0014974627768149825
0.006128333407301428	0.001505338872310694
0.006162176171152712	0.0015132626097771745
0.0061962539022129975	0.0015212343568562288
0.006230568811277992	0.00152925448499144
0.006265123130148564	0.0015373233694744753
0.006299919111600463	0.0015454413894919227
0.006334959029344292	0.001553608928172599
0.006370245177976795	0.001561826372635332
0.00640577987292259	0.0015700941140373084
0.006441565450365912	0.0015784125476227466
0.006477604267173178	0.0015867820727722816
0.006513898700805014	0.0015952030930526746
0.006550451149218256	0.0016036760162670958
0.006587264030757948	0.001612201254505887
0.0066243397840382735	0.0016207792241978024
0.006661680867813438	0.001629410346161787
0.006699289760837321	0.0016380950456592507
0.006737168961712095	0.0016468337524467604
0.006775320988726292	0.0016556269008293947
0.006813748379680769	0.0016644749297144038
0.006852453691704028	0.0016733782826655577
0.006891439501055477	0.0016823374079578562
0.00693070840291727	0.0016913527586328375
0.006970263011174208	0.0017004247925543167
0.007010105958181841	0.0017095539724647033
0.007050239894522218	0.0017187407660417657
0.007090667488748175	0.0017279856459559181
0.007131391427114339	0.0017372890899280432
0.007172414413296882	0.0017466515807877774
0.00721373916809987	0.0017560736065323275
0.007255368429149728	0.0017655556603857901
0.00729730495057694	0.0017750982408589972
0.007339551502684919	0.001784701851809817
0.0073821108716061274	0.0017943670025040558
0.007424985858945794	0.0018040942076767595
0.007468179281412246	0.0018138839875940977
0.007511693970434859	0.001823736868115766
0.007555532771768549	0.0018336533807578267
0.007599698545085931	0.001843634062756123
0.007644194163555979	0.001853679457130198
0.007689022513410003	0.0018637901127477228
0.007734186493494584	0.001873966584389346
0.007779689014811724	0.0018842094328142545
0.007825533000045437	0.0018945192248260346
0.007871721383076236	0.0019048965333391685
0.007918257108482188	0.0019153419374460263
0.007965143131027093	0.0019258560224843363
0.008012382415136236	0.0019364393801051974
0.008059977934359128	0.0019470926083415966
0.008107932670819433	0.001957816311677465
0.00815624961465241	0.001968611101117187
0.00820493176343032	0.0019794775942556927
0.008253982121574556	0.0019904164153490495
0.008303403699755654	0.002001428195385552
0.008353199514282143	0.0020125135721573155
0.008403372586475551	0.0020236731903324327
0.00845392594203449	0.0020349077015276605
0.008504862610387551	0.002046217764381533
0.008556185624032982	0.002057604044628095
0.00860789801786778	0.0020690672151711387
0.00866000282850556	0.002080607956158898
0.008712503093582829	0.0020922269550593844
0.008765401851054509	0.0021039249067360817
0.00881870213847853	0.0021157025135244015
0.008872406992289888	0.002127560485308402
0.008926519447064688	0.0021394995395982485
0.00898104253477342	0.0021515204016080915
0.00903597928402456	0.0021636238043345507
0.009091332719299058	0.0021758104886356222
0.00914710586017438	0.002188081203310304
0.009203301720539913	0.002200436705178513
0.009259923307804056	0.002212877759161836
0.009316973622091341	0.002225405138364548
0.009374455655432424	0.002238019624155381
0.009432372390945382	0.002250722006249668
0.009490726802009264	0.0022635130827922435
0.009549521851430768	0.0022763936604407154
0.009608760490602806	0.0022893645544493305
0.00966844565865709	0.0023024265887534924
0.009728580281609958	0.0023155805960547358
0.009789167271501727	0.0023288274179063405
0.009850209525530814	0.0023421679047994234
0.009911709925181976	0.002355602916249728
0.00997367133534946	0.0023691333208848554
0.010036096603455754	0.002382759996532199
0.010098988558565168	0.002396483830307318
0.010162350010494777	0.0024103057187030773
0.010226183748920165	0.0024242265676792407
0.01029049254247922	0.0024382472927526547
0.01035527913787221	0.002452368819088162
0.010420546258959728	0.002466592081589927
0.010486296605859046	0.0024809180249936377
0.010552532854037795	0.002495347603958954
0.010619257653407557	0.0025098817831629445
0.01068647362741562	0.0025245215373939493
0.010754183372137141	0.002539267851646038
0.010822389455366642	0.0025541217212142497
0.01089109441571061	0.002569084151790316
0.010960300761680496	0.00258415615955921
0.011030010970786954	0.0025993387712961616
0.011100227488636337	0.0026146330244644373
0.01117095272802855	0.002630039967313778
0.011242189068058685	0.0026455606589794517
0.011313938853219983	0.0026611961695821008
0.011386204392512249	0.002676947580328098
0.011458987958552146	0.002692815983610776
0.011532291786689615	0.0027088024831122036
0.011606118074127997	0.002724908193905824
0.011680468979049648	0.002741134242559616
0.011755346619747266	0.002757481767240155
0.011830753073761238	0.0027739519178172608
0.011906690377023651	0.002790545855969542
0.011983160523009209	0.0028072647552905288
0.012060165461893141	0.0028241098013956013
0.012137707099717666	0.0028410821920297697
0.012215787297566427	0.002858183137176073
0.012294407870746848	0.0028754138591649313
0.012373570587983312	0.0028927755927841466
0.012453277170617484	0.0029102695853897463
0.01253352929182106	0.0029278970970176457
0.012614328575817067	0.0029456594004961655
0.012695676597112448	0.0029635577815592447
0.01277757487974237	0.0029815935389606507
0.01286002489652491	0.00299976798458893
0.012943028068328687	0.003018082443583265
0.013026585763352803	0.0030365382544502114
0.013110699296418374	0.0030551367691811202
0.01319536992827481	0.0030738793533708923
0.013280598864917819	0.0030927673863371152
0.013366387256922739	0.003111802261240427
0.013452736198790966	0.003130985385205769
0.013539646728311393	0.0031503181794444424
0.013627119825936946	0.0031698020793773157
0.013715156414175063	0.003189438534758692
0.013803757356995617	0.00320922900980149
0.01389292345925305	0.003229174983303179
0.013982655466125272	0.003249277948772696
0.014072954062568942	0.003269539414558602
0.014163819872791724	0.0032899609039778767
0.014255253459741057	0.0033105439554462213
0.014347255324610404	0.003331290122608841
0.01443982590636329	0.0033522009744729173
0.014532965581274983	0.0033732780955405537
0.014626674662491955	0.0033945230859432846
0.014720953399609757	0.0034159375615772365
0.014815801978270185	0.0034375231542399173
0.014911220519775517	0.0034592815117676853
0.015007209080723184	0.0034812142981744607
0.015103767652658797	0.003503323193791897
0.015200896161748939	0.0035256098954101664
0.01529859446847249	0.0035480761164205514
0.015396862367332946	0.003570723586958703
0.015495699586589334	0.0035935540540493545
0.015595105788007683	0.003616569281752343
0.015695080566632314	0.0036397710513097663
0.015795623450577254	0.003663161161294198
0.015896733900838112	0.0036867414277586236
0.015998411311124134	0.0037105136843872642
0.016100655007710855	0.003734479782647976
0.016203464249312828	0.0037586415919457325
0.016306838226977795	0.003783000999777618
0.01641077606400053	0.0038075599118891695
0.016515276815858196	0.003832320252431899
0.016620339470165026	0.0038572839641225036
0.016725962946649575	0.0038824530084031828
0.01683214609715162	0.003907829365603638
0.01693888770563959	0.003933415035104126
0.017046186488248377	0.003959212035500547
0.01715404109333977	0.003985222404770404
0.01726245010158067	0.004011448200440595
0.017371412026044034	0.004037891499756684
0.017480925312329205	0.004064554399853543
0.017590988338702988	0.004091439017927682
0.017701599416261316	0.004118547491411072
0.017812756789110182	0.004145881978146504
0.017924458634568152	0.004173444656564745
0.01803670306338715	0.004201237725862877
0.018149488119995144	0.004229263406184822
0.018262811782756315	0.004257523938803104
0.018376671964252578	0.004286021586302333
0.018491066511584203	0.004314758632764595
0.018605993206688213	0.004343737383956364
0.018721449766678326	0.004372960167517106
0.01883743384420174	0.004402429333149773
0.018953943027815348	0.004432147252812923
0.019070974842381176	0.004462116320914726
0.0191885267494782	0.004492338954508772
0.019306596147834826	0.0045228175934915165
0.019425180373776114	0.00455355470080193
0.019544276701691288	0.004584552762622499
0.019663882344517755	0.004615814288582693
0.019783994454240724	0.00464734181196383
0.01990461012241213	0.004679137889906231
0.0200257263806842	0.004711205103618033
0.02014734020135959	0.004743546058586123
0.020269448497958583	0.004776163384789135
0.0203920481258004	0.004809059736912267
0.020515135882601548	0.004842237794564104
0.02063870850908777	0.004875700262495839
0.02076276268962136	0.004909449870822144
0.02088729505284311	0.004943489375244247
0.021012302172328724	0.004977821557275512
0.02113778056725769	0.005012449224468389
0.02126372670309707	0.005047375210644267
0.02139013699229738	0.005082602376125123
0.021517007795002454	0.005118133607967429
0.02164433541977055	0.005153971820198234
0.021772116124307316	0.005190119954053796
0.0219003461162132	0.005226580978220009
0.022029021553738298	0.005263357889075539
0.022158138546551277	0.005300453710936951
0.02228769315651733	0.005337871496306546
0.022417681398487672	0.005375614326122195
0.022548099241098005	0.005413685310009652
0.022678942607576483	0.00545208758653759
0.022810207376561902	0.005490824323474621
0.02294188938292951	0.0055298987180490925
0.023073984418626795	0.00556931399721109
0.023206488233514885	0.005609073417897417
0.02333939653622063	0.005649180267298362
0.02347270499499312	0.0056896378631280465
0.02360640923857055	0.005730449553896226
0.02374050485704942	0.00577161871918358
0.023874987402763465	0.00581314876991912
0.02400985239116707	0.0058550431486607294
0.02414509530172409	0.005897305329877721
0.02428071157880121	0.005939938820236785
0.02441669663256784	0.005982947158890237
0.024553045839897973	0.006026333917767246
0.024689754545276905	0.006070102701867684
0.024826818061713777	0.006114257149559041
0.024964231671652425	0.0061588009328758
0.025101990627891178	0.006203737757822225
0.025240090154498372	0.006249071364677489
0.025378525447736416	0.006294805528303943
0.02551729167698338	0.006340944058458628
0.025656383985657765	0.006387490800107394
0.025795797492143672	0.006434449633741965
0.025935527290717093	0.006481824475700509
0.026075568452472754	0.006529619278490877
0.02621591602624968	0.0065778380311169475
0.02635656503955829	0.006626484759408407
0.026497510499505904	0.006675563526353416
0.02663874739372062	0.00672507843243435
0.026780270691275653	0.006775033615967185
0.02692207534361015	0.00682543325344372
0.027064156285449087	0.006876281559877256
0.02720650843572081	0.0069275827891516605
0.027349126698472656	0.006979341234373383
0.0274920059637816	0.007031561228227456
0.027635141108664215	0.007084247143336215
0.027778526997981615	0.007137403392622216
0.027922158485341905	0.007191034429673609
0.02806603041399629	0.007245144749114035
0.028210137617734818	0.007299738886975389
0.02835447492177267	0.007354821421074465
0.028499037143635997	0.007410396971392906
0.02864381909404019	0.007466470200461066
0.028788815577763315	0.007523045813745323
0.028934021394514224	0.007580128560039274
0.02907943133979451	0.00763772323185842
0.029225040205754792	0.007695834665838774
0.029370842782044763	0.007754467743139261
0.02951683385665572	0.007813627389847975
0.029663008216756888	0.007873318577391932
0.029809360649526075	0.007933546322951355
0.02995588594297129	0.007994315689877506
0.030102578886745137	0.008055631788114375
0.030249434272953766	0.008117499774624644
0.030396446896954504	0.008179924853819619
0.030543611558149966	0.00824291227799327
0.030690923060769534	0.00830646734776006
0.030838376214646173	0.00837059541249754
0.030985965835982107	0.008435301870792689
0.0311336867481085	0.008500592170892536
0.031281533782233625	0.008566471811159136
0.031429501778185	0.008632946340528793
0.03157758558513919	0.008700021358975879
0.031725780062346255	0.008767702517980569
0.03187408007984118	0.00883599552100138
0.03202248051914842	0.008904906123952134
0.032170976273976616	0.008974440135683178
0.03231956225090223	0.009044603418467568
0.03246823337004395	0.00911540188849139
0.03261698456572996	0.009186841516349104
0.032765810787149185	0.009258928327543266
0.03291470699900082	0.009331668402989216
0.03306366818212576	0.009405067879524312
0.033212689334131296	0.009479132950422062
0.033361765470009797	0.009553869865911144
0.03351089162273714	0.009629284933699196
0.03366006284386992	0.009705384519501935
0.03380927420412831	0.009782175047576344
0.033958520793968924	0.009859663001260057
0.03410779772414632	0.009937854923514905
0.03425710012626619	0.010016757417476015
0.03440642315332554	0.010096377147006069
0.03455576198024335	0.010176720837254506
0.03470511180438162	0.010257795275222205
0.034854467846053463	0.010339607310331476
0.03500382534902214	0.010422163855001358
0.03515317958098962	0.010505471885228271
0.03530252583407409	0.010589538441172077
0.03545185942527427	0.010674370627747776
0.035601175696928576	0.010759975615223
0.03575047001715848	0.010846360639820309
0.03589973778030388	0.010933533004325965
0.03604897440734651	0.011021500078704002
0.036198175346324114	0.011110269300716217
0.036347336072733195	0.011199848176547657
0.036496452089920514	0.011290244281438586
0.03664551892946569	0.011381465260321627
0.036794532151552366	0.011473518828465382
0.03694348734532814	0.011566412772123957
0.037092380129257495	0.011660154949192442
0.037241206151457686	0.011754753289868653
0.037389961090033966	0.011850215797320986
0.037538640653393705	0.011946550548362581
0.03768724058056027	0.012043765694131835
0.03783575664146868	0.012141869460779019
0.03798418463725799	0.012240870150159618
0.03813252040054741	0.012340776140533897
0.03828075979570858	0.012441595887273461
0.038428898719122154	0.0125433379235735
0.03857693309943045	0.012646010861172795
0.038724858897773995	0.012749623391079608
0.03887267210802485	0.01285418428430479
0.03902036875700543	0.012959702392601512
0.03916794490470105	0.01306618664921184
0.03931539664446056	0.013173646069620753
0.03946272010319053	0.013282089752316466
0.03960991144153752	0.013391526879558354
0.03975696685406292	0.01350196671815208
0.03990388256940821	0.013613418620231332
0.040050654850451076	0.013725892024047701
0.040197279994453904	0.013839396454767271
0.04034375433320139	0.013953941525274719
0.040490074233132	0.014069536936985474
0.04063623609545908	0.014186192480664514
0.040782236356284446	0.014303918037253404
0.040928071486702425	0.01442272357870497
0.04107373799289897	0.014542619168825797
0.041219232416237414	0.014663614964125967
0.041364551333341854	0.01478572121467758
0.04150969135616748	0.014908948264980744
0.04165464913206844	0.015033306554837712
0.04179942134385205	0.015158806620235055
0.041944004709831735	0.015285459094234231
0.042088395983867044	0.015413274707870368
0.0422325919553987	0.01554226429105911
0.04237658944947901	0.01567243877351288
0.042520385326789256	0.01580380918566371
0.0426639764836553	0.015936386659597273
0.0428073598520541	0.016070182429992978
0.04295053239961336	0.01620520783507486
0.04309349112960475	0.016341474317569882
0.043236233080931115	0.016478993425676085
0.04337875532810703	0.016617776814039035
0.04352105498123194	0.016757836244738072
0.04366312918595879	0.01689918358828059
0.04380497512345595	0.017041830824607137
0.04394659001036215	0.017185790044104313
0.04408797109873636	0.017331073448627818
0.04422911567600296	0.017477693352535163
0.04437002106488942	0.017625662183727228
0.044510684623359685	0.01777499248470045
0.04465110374454093	0.01792569691360796
0.04479127585664612	0.018077788245330968
0.04493119842289243	0.01823127937255978
0.045070868941410526	0.01838618330688568
0.04521028494515509	0.018542513179901233
0.0453494440018024	0.018700282244313107
0.04548834371365201	0.018859503875063043
0.04562698171751722	0.019020191570460497
0.045765355684613145	0.019182358953325467
0.045903463320441894	0.01934601977214201
0.04604130236467102	0.019511187902221838
0.04617887059100774	0.019677877346879733
0.04631616580707271	0.01984610223861921
0.04645318585426411	0.020015876840328753
0.04658992860762339	0.020187215546490483
0.0467263919756927	0.02036013288439871
0.04686257390037179	0.020534643515390215
0.046998472356769426	0.020710762236086182
0.04713408535305271	0.020888503979645263
0.047269410930291245	0.021067883817028787
0.04740444716229993	0.021248916958276964
0.04753919215547688	0.021431618753797545
0.04767364404863898	0.02161600469566579
0.047807801012855415	0.02180209041893721
0.04794166125127683	0.02198989170297206
0.04807522299896087	0.022179424472772057
0.04820848452269838	0.022370704800329346
0.048341444120833486	0.02256374890598878
0.04847410012308201	0.022758573159821386
0.04860645089034893	0.022955194083012345
0.04873849481454193	0.023153628349259985
0.048870230318383626	0.02335389278618891
0.04900165585522018	0.023556004376776404
0.04913276990882869	0.02375998026079061
0.0492635709932235	0.0239658377362437
0.049394057652458676	0.024173594260857537
0.04952422846043084	0.024383267453542926
0.049654082020676074	0.024594875095893216
0.04978361696617059	0.024808435133690663
0.049912831959127255	0.02502396567842785
0.05004172569078754	0.025241485008842702
0.05017029688121739	0.025461011572467118
0.05029854427909789	0.025682563987191404
0.050426466661517295	0.025906161042841193
0.05055406283375797	0.026131821702771414
0.05068133162908592	0.026359565105472438
0.050808271908537234	0.026589410566193183
0.050934882560704206	0.02682137757857769
0.05106116250152085	0.027055485816318052
0.0511871106740448	0.027291755134822043
0.051312726048242704	0.02753020557289606
0.05143800762077071	0.02777085735444413
0.051562954414757584	0.02801373089018169
0.05168756547958331	0.028258846779367085
0.05181183989066151	0.02850622581154659
0.051935776749218066	0.028755888968317725
0.05205937518207009	0.029007857425108193
0.05218263434140587	0.029262152552969777
0.05230555340456116	0.029518795920391958
0.052428131573798664	0.029777809295129392
0.05255036807608585	0.030039214646048366
0.052672262162871124	0.030303034144987695
0.05279381310986256	0.03056929016864106
0.05291502021680358	0.03083800530045218
0.05303588280725145	0.03110920233253036
0.05315640022835393	0.03138290426758343
0.053276571850625426	0.03165913432086765
0.05339639706772566	0.0319379159221558
0.05351587529623488	0.03221927271772509
0.05363500597543361	0.032503228572360786
0.053753788567078534	0.032789807571380704
0.053872222555180455	0.03307903402267728
0.053990307445783856	0.03337093245877866
0.0541080427667429	0.0336655276389289
0.0542254280675024	0.0339628445511883
0.05434246291887565	0.034262908414550895
0.054459146912824295	0.03456574468108424
0.05457547966223899	0.034871379038087624
0.05469146080071993	0.035179837410269504
0.05480708998235637	0.035491145961946906
0.05492236688151005	0.03580533109926407
0.05503729119259655	0.03612241947243084
0.055151862629869194	0.03644243797798404
0.05526608092720117	0.03676541376106793
0.05537994583787148	0.03709137421773541
0.05549345713434776	0.037420346997272834
0.05560661460807465	0.037752360004543864
0.055719418069257905	0.038087441402355975
0.05583186734665277	0.03842561961384926
0.05594396228735371	0.038766923324907
0.05605570275657971	0.03911138148658849
0.05616708863746726	0.03945902331758366
0.056278119830861034	0.03980987830669178
0.05638879625510377	0.04016397621532243
0.05649911784583073	0.040521347080019456
0.056609084555761864	0.04088202121500837
0.05671869635449839	0.041246029214766715
0.056827953228316457	0.04161340195662036
0.0569368551799648	0.04198417060336179
0.057045402228462896	0.04235836660589154
0.05715359440889951	0.04273602170588791
0.05726143177223096	0.0431171679384977
0.05736891438508541	0.04350183763505397
0.057476042329561466	0.043890063425817305
0.05758281570303478	0.04428187824274517
0.05768923461795918	0.04467731532228275
0.05779529920167405	0.04507640820818362
0.05790100959621192	0.04547919075435455
0.058006365958104614	0.045885697127726076
0.05811136845819239	0.04629596181115137
0.0582160172814352	0.046710019606330457
0.05832031262672471	0.047127905636762474
0.05842425470669505	0.04754965535072449
0.05852784374753973	0.04797530452427792
0.058631079988823304	0.048404889264303384
0.05873396368330154	0.04883844601156362
0.05883649509673608	0.04927601154379366
0.05893867450771639	0.049717622978820576
0.059040502207477204	0.05016331777771182
0.059141978499722817	0.05061313374795329
0.05924310370044934	0.051067109046655006
0.05934387813776633	0.051525282183788275
0.059444302151726684	0.05198769202545297
0.0595443760941501	0.052454377797172505
0.0596441003284535	0.05292537908722248
0.05974347522947837	0.05340073584998755
0.059842501183324445	0.05388048840935135
0.059941178587178005	0.05436467746211647
0.06003950784915002	0.0548533440814565
0.06013748938810667	0.05534652972039994
0.06023512363350907	0.05584427621534636
0.060332411025248146	0.0563466257896151
0.06042935201348452	0.056853621057026696
0.06052594705848975	0.05736530502551833
0.06062219663048609	0.057881721100790706
0.0607181012094902	0.058402913089990426
0.06081366128515767	0.058928925205426544
0.06090887735662916	0.0594598020683197
0.06100374993237497	0.05999558871258823
0.06109827953004619	0.06053633058866691
0.06119246667632283	0.061082073567363865
0.061286311906764944	0.061632863943749554
0.06137981576566477	0.062188748441086204
0.06147297880590167	0.06274977421478839
0.06156580158879525	0.06331598885642592
0.061658284683963054	0.06388744039775808
0.061750428669177924	0.06446417731481
0.0618422341302266	0.06504624853198367
0.061933701660770904	0.06563370342620874
0.062024831862208314	0.06622659183112918
0.062115625343535784	0.06682496404133316
0.06220608272121393	0.06742887081661766
0.06229620461903282	0.06803836338629408
0.06238599166797779	0.06865349345353501
0.062475444506098966	0.06927431319975914
0.06256456377838077	0.06990087528905754
0.06265335013661164	0.0705332328726623
0.06274180423925746	0.07117143959345326
0.06282992675133396	0.07181554959051034
0.0629177183442824	0.07246561750370387
0.0630051796958451	0.0731216984783324
0.06309231148994217	0.07378384816979687
0.06317911441655076	0.07445212274832565
0.06326558917158473	0.07512657890373656
0.06335173645677557	0.07580727385024688
0.0634375569795547	0.0764942653313254
0.06352305145293774	0.07718761162459345
0.06360822059540744	0.0778873715467657
0.06369306513080158	0.07859360445863997
0.06377758578820023	0.07930637027013519
0.06386178330181226	0.08002572944536925
0.06394565841086686	0.08075174300779163
0.06402921185950464	0.0814844725453585
0.06411244439666752	0.08222398021575775
0.06419535677599404	0.08297032875167971
0.06427794975571514	0.08372358146614152
0.06436022409854347	0.08448380225785578
0.06444218057157976	0.08525105561665294
0.06452381994620256	0.08602540662895003
0.06460514299797064	0.08680692098327211
0.06468615050652499	0.08759566497582526
0.06476684325548733	0.08839170551612084
0.06484722203236318	0.08919511013265072
0.06492728762844734	0.09000594697861482
0.06500704083872727	0.09082428483770313
0.0650864824617886	0.09165019312993236
0.0651656132997242	0.09248374191753123
0.06524443415804003	0.09332500191088804
0.06532294584556615	0.09417404447454322
0.06540114917436543	0.09503094163325099
0.06547904495964614	0.09589576607808112
0.06555663401967371	0.09676859117259061
0.06563391717568612	0.09764949095904503
0.06571089525180454	0.09853854016470011
0.06578756907495346	0.09943581420814024
0.06586393947477306	0.1003413892056772
0.06594000728354162	0.10125534197780572
0.06601577333608934	0.10217775005572113
0.06609123846972105	0.10310869168789547
0.0661664035241375	0.10404824584671701
0.06624126934135303	0.10499649223518721
0.06631583676562337	0.10595351129368327
0.06639010664336552	0.10691938420678204
0.0664640798230852	0.10789419291014558
0.06653775715529857	0.10887802009747324
0.06661113949246368	0.1098709492275159
0.06668422768890508	0.11087306453115549
0.06675702260074125	0.11188445101855132
0.06682952508581681	0.11290519448634914
0.06690173600363124	0.11393538152496267
0.06697365621527004	0.11497509952591653
0.06704528658333712	0.11602443668926084
0.06711662797188753	0.11708348203105144
0.06718768124636317	0.11815232539090455
0.06725844727352326	0.11923105743961482
0.06732892692138613	0.12031976968684789
0.06739912105915981	0.12141855448890375
0.0674690305571819	0.12252750505654994
0.06753865628686136	0.1236467154629309
0.06760799912060948	0.1247762806515454
0.06767705993178914	0.1259162964443035
0.06774583959464661	0.12706685954965313
0.06781433898426162	0.1282280675707845
0.06788255897648166	0.12940001901390993
0.06795050044787199	0.13058281329661883
0.0680181642756553	0.1317765507563153
0.06808555133765783	0.13298133265872458
0.06815266251225695	0.1341972612064871
0.06821949867832247	0.1354244395478274
0.0682860607151698	0.13666297178530182
0.06835234950250246	0.1379129629846358
0.06841836592036434	0.13917451918362858
0.06848411084908745	0.1404477474011555
0.0685495851692427	0.14173275564624188
0.06861478976158975	0.1430296529272272
0.06867972550702972	0.144338549261012
0.06874439328655566	0.1456595556823922
0.06880879398120965	0.14699278425347534
0.06887292847203005	0.14833834807318932
0.06893679764001052	0.14969636128687497
0.06900040236605529	0.15106693909597108
0.06906374353093214	0.15245019776778396
0.0691268220152305	0.1538462546453547
0.06918963869931716	0.15525522815740836
0.06925219446329695	0.1566772378284057
0.06931449018696809	0.15811240428867693
0.06937652674978097	0.1595608492846602
0.06943830503080084	0.16102269568922561
0.06949982590866559	0.16249806751210052
0.06956109026154719	0.16398708991038827
0.06962209896711383	0.16548988919918656
0.06968285290249136	0.16700659286230266
0.06974335294422572	0.16853732956306475
0.06980359996824734	0.17008222915524238
0.06986359484983393	0.17164142269405827
0.06992333846357619	0.17321504244730454
0.06998283168334221	0.17480322190656664
0.07004207538224123	0.17640609579854494
0.07010107043259503	0.17802380009648738
0.07015981770589864	0.17965647203171684
0.07021831807279102	0.18130425010528153
0.07027657240302315	0.18296727409969613
0.07033458156542508	0.18464568509080523
0.07039234642787458	0.18633962545974941
0.07044986785726803	0.18804923890504202
0.0705071467194906	0.18977467045476087
0.07056418387938465	0.19151606647885003
0.0706209802007219	0.19327357470153672
0.07067753654617515	0.1950473442138637
0.07073385377729198	0.1968375254863376
0.07078993275446221	0.19864427038168972
0.07084577433689679	0.20046773216776176
0.07090137938259683	0.20230806553050645
0.07095674874832979	0.20416542658711173
0.07101188328960435	0.20603997289923986
0.07106678386064177	0.2079318634864007
0.07112145131435565	0.20984125883943439
0.07117588650232662	0.21176832093412562
0.07123009027477555	0.2137132132449542
0.07128406348054296	0.21567610075894972
0.07133780696706604	0.21765714998969585
0.07139132158035585	0.21965652899145438
0.07144460816497435	0.22167440737341848
0.07149766756401384	0.223710956314105
0.0715505006190761	0.22576634857587155
0.07160310817024905	0.22784075851957605
0.07165549105609081	0.22993436211936344
0.07170765011360519	0.23204733697759866
0.07175958617822444	0.23417986233992968
0.07181130008379064	0.2363321191104917
0.07186279266253351	0.23850428986725689
0.07191406474505802	0.24069655887752428
0.0719651171603197	0.24290911211354332
0.07201595073561096	0.24514213726829703
0.0720665662965415	0.24739582377142177
0.07211696466702451	0.24967036280527963
0.07216714666925722	0.25196594732116917
0.07221711312370482	0.25428277205570116
0.07226686484908686	0.25662103354731775
0.07231640266235734	0.2589809301529594
0.07236572737869472	0.261362662064896
0.07241483981148482	0.2637664313277084
0.07246374077230419	0.26619244185542906
0.07251243107090806	0.2686408994488402
0.07256091151521646	0.2711120118129275
0.07260918291130078	0.2736059885745082
0.07265724606336861	0.2761230413000049
0.0727051017737536	0.27866338351340053
0.07275275084289923	0.2812272307143491
0.07280019406935057	0.2838148003964511
0.07284743224973907	0.2864263120657161
0.07289446617877175	0.28906198725916815
0.0729412966492214	0.2917220495636553
0.07298792445191114	0.2944067246348052
0.07303435037570803	0.29711624021616917
0.07308057520751107	0.29985082615854397
0.07312659973223846	0.30261071443947424
0.07317242473282128	0.3053961391829235
0.07321805099019066	0.30820733667913786
0.07326347928327072	0.3110445454046948
0.07330871038896568	0.3139080060427305
0.0733537450821555	0.3167979615033501
0.07339858413568225	0.3197146569442497
0.07344322832034661	0.32265833979149966
0.07348767840489505	0.3256292597605398
0.07353193515601544	0.3286276688773622
0.07357599933832487	0.33165382149989026
0.07361987171436737	0.33470797433955496
0.0736635530446028	0.3377903864830733
0.07370704408740049	0.34090131941443214
0.07375034559903303	0.34404103703705813
0.0737934583336688	0.34720980569621723
0.07383638304336851	0.35040789420159707
0.07387912047807292	0.3536355738501227
0.0739216713856027	0.356893118448963
0.07396403651164912	0.36018080433875893
0.07400621659977166	0.3634989104170704
0.07404821239138694	0.3668477181620248
0.07409002462577198	0.37022751165620854
0.07413165404005048	0.3736385776107577
0.07417310136919446	0.3770812053896815
0.07421436734601537	0.3805556870344114
0.0742554527011632	0.38406231728856755
0.07429635816311946	0.3876013936229743
0.07433708445819497	0.3911732162608923
0.07437763231052584	0.39477808820347315
0.07441800244206745	0.3984163152554807
0.07445819557259299	0.40208820605121914
0.07449821241969258	0.40579407208072965
0.07453805369876575	0.40953422771619985
0.07457772012301853	0.41330899023863893
0.07461721240346492	0.4171186798647943
0.07465653124892109	0.4209636197743105
0.07469567736600138	0.424844136137151
0.07473465145912131	0.42876055814126146
0.07477345423048853	0.4327132180205051
0.07481208638010721	0.4367024510828293
0.07485054860577289	0.440728595738726
0.07488884160306984	0.44479199352993826
0.07492696606537126	0.4488929891584213
0.07496492268383897	0.4530319305155921
0.07500271214741942	0.4572091687118461
0.07504033514284292	0.4614250581063345
0.07507779235462547	0.4656799563370274
0.07511508446506471	0.4699742243510477
0.07515221215424035	0.4743082264353056
0.07518917610001319	0.4786823302473818
0.07522597697802724	0.48309690684673157
0.07526261546170386	0.48755233072615484
0.07529909222224858	0.4920489798435627
0.07533540792864352	0.49658723565404705
0.07537156324765447	0.5011674831422334
0.07540755884382623	0.5057901108549505
0.07544339537948361	0.5104555109341726
0.0754790735147353	0.5151640791502979
0.07551459390746941	0.5199162149357219
0.07554995721335662	0.5247123214187197
0.07558516408585172	0.529552805457641
0.07562021517619281	0.534438077675429
0.07565511113340226	0.5393685524944509
0.0756898526042898	0.544344648171656
0.07572444023344975	0.5493667868340517
0.07575887466326815	0.5544353945145213
0.0757931565339173	0.5595509011879564
0.0758272864833624	0.5647137408077386
0.07586126514735982	0.5699243513425488
0.07589509315946258	0.5751831748135163
0.07592877115101805	0.5804906573317283
0.07596229975116986	0.5858472491360638
0.07599567958686528	0.5912534046313906
0.07602891128284954	0.5967095824271045
0.0760619954616736	0.6022162453760529
0.0760949327436934	0.6077738606137872
0.07612772374707477	0.6133828995981805
0.07616036908779167	0.6190438381494456
0.07619286937963292	0.6247571564904754
0.07622522523420244	0.6305233392875957
0.07625743726092059	0.6363428756916785
0.07628950606703183	0.6422162593796261
0.07632143225760014	0.6481439885962679
0.07635321643551803	0.6541265661966108
0.0763848592015076	0.6601644996885027
0.07641636115412113	0.6662583012756923
0.0764477228897475	0.6724084879012652
0.07647894500261283	0.6786155812915127
0.07651002808478505	0.6848801080001738
0.07654097272617669	0.6912025994531168
0.07657177951454747	0.6975835919934118
0.07660244903550864	0.7040236269268405
0.07663298187252623	0.7105232505678011
0.07666337860692486	0.7170830142856622
0.07669363981788851	0.7237034745515313
0.07672376608246913	0.7303851929854693
0.07675375797558598	0.7371287364041176
0.07678361607003024	0.7439346768687977
0.07681334093646987	0.7508035917340399
0.0768429331434554	0.7577360636965313
0.0768723932574171	0.7647326808445916
0.07690172184267546	0.7717940367080336
0.07693091946144276	0.7789207303085119
0.07695998667382727	0.7861133662103477
0.07698892403783571	0.79337255457181
0.07701773210938018	0.8006989111968863
