0.0010000000000000009	9.76816189276936e-7
0.0012589254117941207	1.2299255471802705e-6
0.0015848931924610787	1.5487573324600953e-6
0.0019952623149688403	1.9505139481909267e-6
0.002511886431509569	2.4570364612742205e-6
0.0031622776601683417	3.0961897651270373e-6
0.003981071705534953	3.90379058074854e-6
0.0050118723362411605	4.926404246848233e-6
0.0063095734373755236	6.225609686700982e-6
0.007943281740256408	7.884874163638915e-6
0.009999978615337884	1.0021278636568924e-5
0.012588868507056664	1.2806618693654498e-5
0.015844853347515064	1.650730212014956e-5
0.01992443081826531	2.1563394739656364e-5
0.02498010829226832	2.875290157527414e-5
0.031102301813284744	3.955216992687947e-5
0.03824037947400168	5.698023348104335e-5
0.04614122033010733	8.774579904951565e-5
0.05434588280579606	1.4829034092741816e-4
0.06225834174895077	2.840439374721694e-4
0.06926812435283394	6.407291222424167e-4
0.07489207226604694	0.0017813513586897585
0.07889703306773857	0.006451328057424913
