8.141371054588527e-4	1.2718589582188227e-5
0.0010294167905738642	1.607991700092747e-5
0.0013032198422428557	2.0353056264585496e-5
0.0016525089194380572	2.580007942398265e-5
0.0020999178314090768	3.276802314997614e-5
0.0026762738044117914	4.1723165319421144e-5
0.0034249458133675044	5.330440022237215e-5
0.004410641225400456	6.841174200066225e-5
0.005739771653266337	8.836678882286249e-5
0.007599698545086347	1.1522712892226383e-4
0.010290492542479938	1.5239045579705084e-4
0.014163819872792804	2.0562255649863301e-4
0.019425180373777454	2.8459716880014366e-4
0.02593552729071874	4.051140297313151e-4
0.03321268933413311	5.924458094014334e-4
0.04063623609546086	8.866370300416167e-4
0.04767364404864048	0.001351000293479243
0.05399030744578523	0.002085683278673875
0.059444302151727954	0.0032492307515911475
0.0640292118595056	0.005092779534085434
0.06781433898426245	0.008014254223174946
0.07090137938259759	0.012644254095658213
0.07339858413568286	0.019982166059018258
0.07540755884382677	0.03161188192843897
0.07701773210938061	0.050043681949813186
