8.141371054588527e-4	1.2720892272794574e-5
8.179580950633919e-4	1.2780595235365498e-5
8.21797327578053e-4	1.2840583243407078e-5
8.256548931418026e-4	1.2900857705340665e-5
8.295308823694747e-4	1.2961420037023042e-5
8.33425386354604e-4	1.3022271661790687e-5
8.373384966722509e-4	1.308341401050392e-5
8.412703053818815e-4	1.3144848521591899e-5
8.452209050302479e-4	1.3206576641097624e-5
8.491903886543022e-4	1.3268599822723472e-5
8.531788497841133e-4	1.333091952787677e-5
8.571863824458276e-4	1.3393537225716057e-5
8.612130811646326e-4	1.3456454393197385e-5
8.652590409677356e-4	1.3519672515120868e-5
8.693243573874076e-4	1.3583193084178244e-5
8.734091264639891e-4	1.364701760099983e-5
8.775134447489568e-4	1.371114757420245e-5
8.816374093080034e-4	1.3775584520437553e-5
8.85781117724135e-4	1.384032996443961e-5
8.899446681008043e-4	1.3905385439075068e-5
8.941281590650328e-4	1.3970752485391138e-5
8.983316897706172e-4	1.4036432652665894e-5
9.025553599012837e-4	1.4102427498457557e-5
9.067992696739255e-4	1.4168738588655085e-5
9.11063519841842e-4	1.4235367497528782e-5
9.153482116979923e-4	1.430231580778113e-5
9.196534470782933e-4	1.4369585110598333e-5
9.239793283649163e-4	1.4437177005701818e-5
9.283259584896339e-4	1.450509310140053e-5
9.326934409371849e-4	1.4573335014643515e-5
9.370818797486431e-4	1.4641904371072548e-5
9.414913795248519e-4	1.4710802805075811e-5
9.45922045429829e-4	1.4780031959841079e-5
9.503739831942637e-4	1.484959348741037e-5
9.5484729911898e-4	1.4919489048734063e-5
9.593421000784473e-4	1.498972031372574e-5
9.63858493524345e-4	1.5060288961317891e-5
9.683965874891188e-4	1.5131196679517482e-5
9.72956490589545e-4	1.520244516546164e-5
9.775383120303996e-4	1.5274036125474993e-5
9.821421616080877e-4	1.534597127512637e-5
9.86768149714295e-4	1.541825233928586e-5
9.914163873397254e-4	1.549088105218321e-5
9.960869860778277e-4	1.5563859157466057e-5
0.0010007800581285386	1.5637188408258416e-5
0.0010054957163020796	1.5710870567219994e-5
0.001010234074022781	1.5784907406605953e-5
0.0010149952453329335	1.5859300708327086e-5
0.001019779344896643	1.593405226401005e-5
0.0010245864880037766	1.600916387505901e-5
0.0010294167905738599	1.608463735271656e-5
0.0010342703691600624	1.6160474518125976e-5
0.0010391473409532045	1.623667720239382e-5
0.0010440478237857714	1.6313247246652677e-5
0.0010489719361359842	1.6390186502124752e-5
0.0010539197971318904	1.6467496830185787e-5
0.001058891526555481	1.654518010242939e-5
0.0010638872448468645	1.6623238200732257e-5
0.001068907073108446	1.6701673017319468e-5
0.00107395113310914	1.6780486454830314e-5
0.0010790195472886448	1.6859680426385075e-5
0.0010841124387617415	1.693925685565221e-5
0.0010892299313225659	1.7019217676915092e-5
0.001094372149449032	1.7099564835141126e-5
0.0010995392183071897	1.718030028604984e-5
0.0011047312637556476	1.7261425996181994e-5
0.0011099484123500531	1.734294394296958e-5
0.0011151907913475856	1.7424856114806025e-5
0.001120458528711503	1.7507164511117233e-5
0.0011257517531156778	1.7589871142432466e-5
0.0011310705939492495	1.7672978030457023e-5
0.0011364151813212332	1.775648720814427e-5
0.0011417856460652456	1.7840400719769462e-5
0.0011471821197441845	1.7924720621002882e-5
0.0011526047346549974	1.8009448978984335e-5
0.00115805362383352	1.809458787239875e-5
0.0011635289210592448	1.81801393915507e-5
0.001169030760860271	1.8266105638441734e-5
0.0011745592785181703	1.835248872684641e-5
0.001180114610072973	1.8439290782390202e-5
0.0011856968923281577	1.8526513942627465e-5
0.0011913062628556709	1.8614160357119857e-5
0.0011969428600010683	1.8702232187516692e-5
0.0012026068228885725	1.8790731607633946e-5
0.0012082982914262917	1.887966080353581e-5
0.0012140174063113988	1.8969021973615606e-5
0.0012197643090353888	1.905881732867795e-5
0.0012255391418893992	1.9149049092021863e-5
0.0012313420479695347	1.923971949952398e-5
0.0012371731711822596	1.9330830799722806e-5
0.0012430326562498316	1.942238525390362e-5
0.0012489206487157646	1.9514385136183822e-5
0.0012548372949504074	1.9606832733600115e-5
0.0012607827421564563	1.969973034619463e-5
0.0012667571383745983	1.97930802871031e-5
0.0012727606324892098	1.9886884882643904e-5
0.001278793374234023	1.998114647240661e-5
0.0012848555141979287	2.0075867409342636e-5
0.0012909472038307764	2.0171050059855882e-5
0.0012970685954492688	2.0266696803894826e-5
0.001303219842242845	2.036281003504445e-5
0.0013094010982796658	2.0459392160619782e-5
0.0013156125185126391	2.055644560175999e-5
0.001321854258785483	2.0653972793523175e-5
0.0013281264758388746	2.075197618498242e-5
0.0013344293273166057	2.0850458239321968e-5
0.0013407629717718467	2.0949421433935108e-5
0.0013471275686733955	2.1048868260521815e-5
0.0013535232784120845	2.114880122518883e-5
0.0013599502623071163	2.1249222848548703e-5
0.0013664086826125897	2.1350135665821727e-5
0.0013728987025239748	2.145154222693712e-5
0.001379420486184713	2.1553445096636162e-5
0.0013859741986928052	2.1655846854575104e-5
0.00139256000610758	2.1758750095430963e-5
0.001399178075456407	2.186215742900639e-5
0.0014058285747415196	2.1966071480336284e-5
0.0014125116729468764	2.2070494889794987e-5
0.0014192275400451628	2.2175430313205723e-5
0.0014259763470046937	2.2280880421948403e-5
0.0014327582657966097	2.23868479030721e-5
0.0014395734694018884	2.2493335459404598e-5
0.0014464221318186566	2.2600345809666615e-5
0.0014533044280693541	2.270788168858378e-5
0.0014602205342081503	2.2815945847002494e-5
0.0014671706273283037	2.292454105200492e-5
0.001474154885569615	2.3033670087025436e-5
0.0014811734881260443	2.3143335751969682e-5
0.0014882266152532373	2.3253540863332117e-5
0.0014953144482762557	2.3364288254316828e-5
0.0015024371695973333	2.3475580774958722e-5
0.0015095949627036704	2.358742129224531e-5
0.001516788012175383	2.36998126902409e-5
0.0015240165036934704	2.381275787021111e-5
0.0015312806240478333	2.392625975074814e-5
0.0015385805611454599	2.4040321267898684e-5
0.0015459165040186118	2.4154945375291833e-5
0.0015532886428330827	2.427013504426812e-5
0.001560697168896649	2.4385893264011544e-5
0.001568142274667436	2.450222304168033e-5
0.0015756241537625067	2.4619127402541085e-5
0.0015831430009664508	2.4736609390103034e-5
0.0015906990122401031	2.4854672066254227e-5
0.0015982923847293177	2.497331851139864e-5
0.001605923316773864	2.5092551824595177e-5
0.001613592007916354	2.521237512369717e-5
0.0016212986589113146	2.5332791545494098e-5
0.0016290434717343442	2.5453804245854722e-5
0.0016368266495913168	2.557541639987082e-5
0.0016446483969277017	2.5697631202002888e-5
0.0016525089194380325	2.5820451866228012e-5
0.0016604084240753546	2.5943881626187574e-5
0.0016683471190608824	2.6067923735338054e-5
0.0016763252138937037	2.6192581467102748e-5
0.0016843429193605624	2.631785811502456e-5
0.0016924004475458146	2.644375699292159e-5
0.0017004980118413488	2.6570281435042156e-5
0.0017086358269568075	2.6697434796224465e-5
0.001716814108929729	2.6825220452055118e-5
0.001725033075135911	2.6953641799031022e-5
0.0017332929442998304	2.7082702254722217e-5
0.0017415939365051749	2.7212405257936404e-5
0.00174993627320551	2.7342754268885655e-5
0.0017583201772350312	2.747375276935438e-5
0.0017667458728194611	2.7605404262869644e-5
0.001775213585587027	2.7737712274872637e-5
0.0017837235425795831	2.7870680352892502e-5
0.0017922759722638299	2.8004312066721634e-5
0.0018008711045426945	2.8138611008593483e-5
0.0018095091707667408	2.8273580793360862e-5
0.0018181904037458646	2.8409225058678672e-5
0.0018269150377609466	2.854554746518599e-5
0.0018356833085756996	2.8682551696691177e-5
0.0018444954534487194	2.8820241460360212e-5
0.0018533517111455683	2.8958620486905447e-5
0.00186225232195096	2.9097692530776058e-5
0.001871197527681276	2.9237461370353578e-5
0.0018801875716969675	2.93779308081457e-5
0.0018892226989152992	2.9519104670985427e-5
0.0018983031558231324	2.9660986810230786e-5
0.0019074291904898812	2.98035811019673e-5
0.0019166010525805848	2.9946891447212242e-5
0.0019258189933692084	3.0090921772122476e-5
0.001935083265752005	3.0235676028203277e-5
0.0019443941242611165	3.038115819252082e-5
0.0019537518250782454	3.0527372267915856e-5
0.001963156626048502	3.0674322283220054e-5
0.0019726087866945327	3.0822012293476855e-5
0.0019821085682306693	3.097044638016247e-5
0.0019916562335772327	3.11196286514095e-5
0.0020012520473752485	3.1269563242236835e-5
0.0020108962760009034	3.142025431477562e-5
0.0020205891875806807	3.1571706058505736e-5
0.0020303310520063183	3.1723922690489586e-5
0.002040122140949978	3.187690845560915e-5
0.002049962727879869	3.2030667626810176e-5
0.002059853088075694	3.218520450534355e-5
0.0020697934986445695	3.2340523421014124e-5
0.0020797842385369904	3.249662873243022e-5
0.0020898255885631106	3.2653524827258124e-5
0.002099917831409036	3.2811216122476694e-5
0.002110061251653552	3.296970706463885e-5
0.002120256135784885	3.3129002130133554e-5
0.0021305027722177622	3.32891058254525e-5
0.0021408014513107556	3.34500226874612e-5
0.0021511524653835996	3.361175728366974e-5
0.0021615561087350134	3.3774314212511335e-5
0.0021720126776606737	3.393769810362339e-5
0.002182522470471189	3.410191361812844e-5
0.0021930857875108465	3.4266965448927326e-5
0.002203702931175897	3.443285832098504e-5
0.0022143742059336827	3.459959699162987e-5
0.0022250999183417936	3.4767186250852924e-5
0.0022358803770673647	3.493563092160994e-5
0.0022467158929068303	3.5104935860130244e-5
0.0022576067788058684	3.5275105956228665e-5
0.0022685533498796005	3.544614613362154e-5
0.002279555923433116	3.561806135024776e-5
0.0022906148189821745	3.5790856598592684e-5
0.002301730358274367	3.596453690601919e-5
0.0023129028653105133	3.613910733510255e-5
0.0023241326663662096	3.631457298396761e-5
0.002335420090013839	3.6490938986633264e-5
0.0023467654671450212	3.6668210513363925e-5
0.002358169130992973	3.684639277101951e-5
0.0023696314171557016	3.702549100341865e-5
0.0023811526636191758	3.72055104917015e-5
0.002392733210780862	3.738645655469838e-5
0.002404373401473898	3.756833454930843e-5
0.002416073580991191	3.775114987087719e-5
0.0024278340971104076	3.793490795358813e-5
0.002439655300118737	3.811961427085084e-5
0.0024515375428385074	3.830527433570258e-5
0.002463481180653066	3.849189370121402e-5
0.002475486571532911	3.867947796089913e-5
0.0024875540760623846	3.886803274913389e-5
0.0024996840574667417	3.9057563741580987e-5
0.002511876881639685	3.924807665562204e-5
0.002524132917171071	3.9439577250792535e-5
0.0025364525353756893	3.9632071329233735e-5
0.002548836110321603	3.9825564736137966e-5
0.0025612840188598343	4.002006336021499e-5
0.0025737966406538847	4.0215573134156115e-5
0.0025863743582101397	4.041210003511226e-5
0.0025990175569084516	4.060965008517507e-5
0.002611726625033554	4.0808229351871275e-5
0.002624501953806744	4.100784394866146e-5
0.0026373439374182445	4.1208500035449776e-5
0.002650252973059971	4.1410203819100295e-5
0.0026632294609590505	4.161296155396535e-5
0.0026762738044117324	4.1816779542420463e-5
0.002689386409817964	4.202166413540989e-5
0.0027025676867165295	4.2227621733001495e-5
0.0027158180478208775	4.2434658784952683e-5
0.0027291379090554372	4.264278179128449e-5
0.0027425276895926935	4.285199730286795e-5
0.0027559878118908324	4.3062311922019926e-5
0.002769518701732131	4.327373230311104e-5
0.0027831207882619696	4.348626515318395e-5
0.0027967945040285177	4.3699917232582763e-5
0.002810540285023283	4.3914695355596454e-5
0.0028243585707221413	4.413060639111071e-5
0.0028382498041274137	4.434765726327661e-5
0.0028522144318103874	4.456585495218717e-5
0.002866252903954933	4.478520649457175e-5
0.0028803656744016424	4.500571898449951e-5
0.002894553200692995	4.522739957409978e-5
0.0029088159441192094	4.545025547429419e-5
0.002923154369765041	4.567429395554453e-5
0.00293756894655745	4.589952234861534e-5
0.002952060147314023	4.612594804534937e-5
0.002966628448792509	4.6353578499461755e-5
0.0029812743317411674	4.6582421227348035e-5
0.002995998280950063	4.681248380890843e-5
0.003010800785303285	4.7043773888387926e-5
0.003025682337832405	4.727629917523723e-5
0.003040643435770543	4.7510067444984904e-5
0.0030556845806078386	4.7745086540132954e-5
0.0030708062781477467	4.798136437106727e-5
0.003086009038564547	4.821890891698874e-5
0.003101293376461789	4.8457728226861083e-5
0.0031166598109319712	4.869783042037994e-5
0.0031321088656174603	4.893922368896355e-5
0.0031476410687723195	4.918191629675996e-5
0.0031632569533254352	4.942591658167684e-5
0.003178957056944979	4.9671232956434876e-5
0.00319474192210394	4.991787390964031e-5
0.003210612096146947	5.0165848006880745e-5
0.003226568131358367	5.041516389184353e-5
0.0032426105850317994	5.0665830287459225e-5
0.003258740019540698	5.091785599706594e-5
0.0032749570024105078	5.117124990560064e-5
0.0032912621063921265	5.142602098081484e-5
0.0033076559095366956	5.1682178274514716e-5
0.003324138995271962	5.1939730923829754e-5
0.003340711952479774	5.2198688152503186e-5
0.003357375375575404	5.2459059272215324e-5
0.003374129864588137	5.272085368393109e-5
0.0033909760252433907	5.298408087927634e-5
0.0034079144690464104	5.3248750441943513e-5
0.0034249458133673895	5.351487204912493e-5
0.003442070681528475	5.378245547298082e-5
0.003459289702891877	5.405151058213022e-5
0.003476603512950115	5.4322047343181166e-5
0.003494012753417489	5.459407582228622e-5
0.0035115180723234193	5.486760618673353e-5
0.0035291201241074294	5.514264870657024e-5
0.003546819569715802	5.541921375625914e-5
0.0035646170766999233	5.5697311816368785e-5
0.0035825133193164325	5.597695347529963e-5
0.0036005089786290243	5.6258149431043625e-5
0.0036186047426121433	5.654091049298185e-5
0.003636801306256273	5.682524758371548e-5
0.003655099371675211	5.7111171740936714e-5
0.003673499648215188	5.739869411933786e-5
0.0036920028525654564	5.7687825992552986e-5
0.003710609708871251	5.797857875514664e-5
0.0037293209488479945	5.82709639246325e-5
0.0037481373118980693	5.8564993143542926e-5
0.003767059545228669	5.886067818152662e-5
0.0037860884039722644	5.915803093749893e-5
0.0038052246513084692	5.945706344182597e-5
0.003824469058587918	5.9757787858552904e-5
0.0038438224054581542	6.0060216487676714e-5
0.003863285479991301	6.036436176746021e-5
0.003882859078813626	6.067023627678988e-5
0.003902544007237141	6.0977852737579865e-5
0.0039223410793928	6.128722401721615e-5
0.003942251118366029	6.15983631310527e-5
0.003962274956333707	6.191128324494644e-5
0.003982413434703309	6.22259976778428e-5
0.0040026674042539095	6.254251990440753e-5
0.004023037725278706	6.286086355770025e-5
0.004043525267730004	6.318104243190488e-5
0.004064130911365485	6.350307048509941e-5
0.004084855545896377	6.382696184207491e-5
0.004105700071137978	6.415273079721198e-5
0.004126665397160957	6.448039181739023e-5
0.004147752444445437	6.480995954496322e-5
0.0041689621440360895	6.514144880077136e-5
0.004190295437699149	6.547487458720843e-5
0.004211753278081373	6.581025209134199e-5
0.004233336628870133	6.614759668807632e-5
0.004255046464955468	6.648692394337163e-5
0.004276883772593487	6.682824961751008e-5
0.004298849549571695	6.717158966841941e-5
0.004320944805374962	6.751696025503396e-5
0.004343170561353997	6.786437774072368e-5
0.004365527850894339	6.821385869676084e-5
0.004388017719586948	6.856541990584162e-5
0.00441064122540029	6.891907836566275e-5
0.0044333994388532855	6.927485129254347e-5
0.004456293443189846	6.963275612510533e-5
0.004479324334553736	6.999281052799107e-5
0.004502493222165338	7.0355032395648e-5
0.00452580122849885	7.071943985615417e-5
0.004549249489460292	7.108605127509371e-5
0.00457283915456682	7.145488525949059e-5
0.004596571387126061	7.182596066178139e-5
0.004620447364416562	7.21992965838453e-5
0.004644468277868843	7.257491238108449e-5
0.004668635333246233	7.295282766654288e-5
0.0046929497508270855	7.333306231508946e-5
0.0047174127655862114	7.371563646763346e-5
0.0047420256273773866	7.410057053540154e-5
0.004766789601115144	7.448788520424989e-5
0.004791705966957052	7.487760143903147e-5
0.004816776020485621	7.526974048800602e-5
0.004842001072889801	7.566432388729329e-5
0.004867382451146462	7.606137346537697e-5
0.004892921498200921	7.646091134764577e-5
0.004918619573147123	7.686295996098247e-5
0.004944478051406976	7.726754203839423e-5
0.004970498324908663	7.76746806236826e-5
0.004996681802264167	7.808439907615855e-5
0.005023029908945383	7.849672107539327e-5
0.005049544087459093	7.891167062601116e-5
0.005076225797520233	7.932927206251694e-5
0.005103076516223928	7.974955005416544e-5
0.005130097738215448	8.017252960986283e-5
0.005157290975858456	8.059823608310568e-5
0.005184657759400942	8.102669517695023e-5
0.0052121996371392604	8.145793294901968e-5
0.005239918175579571	8.189197581653963e-5
0.005267814959596739	8.232885056140442e-5
0.005295891592590502	8.27685843352725e-5
0.0053241496966388085	8.321120466469059e-5
0.005352590912648246	8.365673945624724e-5
0.005381216900500685	8.410521700174316e-5
0.005410029339197167	8.45566659833961e-5
0.005439029926997801	8.501111547906223e-5
0.005468220381557785	8.546859496747762e-5
0.005497602440059973	8.592913433352755e-5
0.005527177859342626	8.63927638735241e-5
0.00555694841602342	8.685951430051018e-5
0.005586915906618412	8.732941674957143e-5
0.005617082147656664	8.780250278316796e-5
0.005647448975789677	8.827880439647498e-5
0.005678018247895941	8.875835402273794e-5
0.00570879184117998	8.924118453863446e-5
0.0057397716532660605	8.97273292696471e-5
0.00577095960228587	9.021682199543769e-5
0.005802357626960807	9.0709696955235e-5
0.005833967686677701	9.120598885321858e-5
0.005865791761558449	9.170573286390828e-5
0.0058978318525230505	9.220896463755269e-5
0.005930089981346122	9.27157203055197e-5
0.0059625681907061225	9.322603648567844e-5
0.0059952685442278665	9.373995028778336e-5
0.0060281931265176785	9.425749931885222e-5
0.006061344043190516	9.477872168852865e-5
0.006094723420890298	9.530365601445056e-5
0.006128333407301428	9.583234142759476e-5
0.006162176171152712	9.636481757761746e-5
0.0061962539022129975	9.690112463818284e-5
0.006230568811277992	9.744130331227188e-5
0.006265123130148564	9.798539483747843e-5
0.006299919111600463	9.853344099129288e-5
0.006334959029344292	9.908548409635701e-5
0.006370245177976795	9.964156702570817e-5
0.00640577987292259	1.0020173320800081e-4
0.006441565450365912	1.0076602663270035e-4
0.006477604267173178	1.0133449185526336e-4
0.006513898700805014	1.0190717400228499e-4
0.006550451149218256	1.0248411877662259e-4
0.006587264030757948	1.0306537246249809e-4
0.0066243397840382735	1.036509819305637e-4
0.006661680867813438	1.0424099464294864e-4
0.006699289760837321	1.0483545865827004e-4
0.006737168961712095	1.054344226366124e-4
0.006775320988726292	1.0603793584448519e-4
0.006813748379680769	1.0664604815973516e-4
0.006852453691704028	1.0725881007643874e-4
0.006891439501055477	1.0787627270975272e-4
0.00693070840291727	1.084984878007356e-4
0.006970263011174208	1.0912550772113267e-4
0.007010105958181841	1.0975738547812843e-4
0.007050239894522218	1.1039417471905922e-4
0.007090667488748175	1.1103592973610149e-4
0.007131391427114339	1.1168270547090827e-4
0.007172414413296882	1.123345575192277e-4
0.00721373916809987	1.129915421354703e-4
0.007255368429149728	1.1365371623725115e-4
0.00729730495057694	1.1432113740989379e-4
0.007339551502684919	1.1499386391089603e-4
0.0073821108716061274	1.156719546743609e-4
0.007424985858945794	1.1635546931539848e-4
0.007468179281412246	1.1704446813448488e-4
0.007511693970434859	1.1773901212179533e-4
0.007555532771768549	1.1843916296149507e-4
0.007599698545085931	1.1914498303600727e-4
0.007644194163555979	1.1985653543024041e-4
0.007689022513410003	1.2057388393578909e-4
0.007734186493494584	1.2129709305510311e-4
0.007779689014811724	1.2202622800563029e-4
0.007825533000045437	1.2276135472392145e-4
0.007871721383076236	1.2350253986972092e-4
0.007918257108482188	1.2424985083002297e-4
0.007965143131027093	1.2500335572310285e-4
0.008012382415136236	1.2576312340253104e-4
0.008059977934359128	1.2652922346116088e-4
0.008107932670819433	1.2730172623509443e-4
0.00815624961465241	1.2808070280763106e-4
0.00820493176343032	1.2886622501320682e-4
0.008253982121574556	1.296583654413055e-4
0.008303403699755654	1.3045719744035877e-4
0.008353199514282143	1.312627951216522e-4
0.008403372586475551	1.3207523336319368e-4
0.00845392594203449	1.3289458781359057e-4
0.008504862610387551	1.3372093489593225e-4
0.008556185624032982	1.3455435181164422e-4
0.00860789801786778	1.3539491654435652e-4
0.00866000282850556	1.3624270786377564e-4
0.008712503093582829	1.3709780532955313e-4
0.008765401851054509	1.3796028929516447e-4
0.00881870213847853	1.388302409117946e-4
0.008872406992289888	1.3970774213223545e-4
0.008926519447064688	1.405928757148031e-4
0.00898104253477342	1.4148572522726225e-4
0.00903597928402456	1.4238637505077339e-4
0.009091332719299058	1.432949103838717e-4
0.00914710586017438	1.4421141724645445e-4
0.009203301720539913	1.4513598248380534e-4
0.009259923307804056	1.460686937706583e-4
0.009316973622091341	1.4700963961527473e-4
0.009374455655432424	1.479589093635761e-4
0.009432372390945382	1.4891659320330676e-4
0.009490726802009264	1.4988278216823968e-4
0.009549521851430768	1.5085756814243719e-4
0.009608760490602806	1.518410438645453e-4
0.00966844565865709	1.528333029321538e-4
0.009728580281609958	1.5383443980620683e-4
0.009789167271501727	1.5484454981546725e-4
0.009850209525530814	1.5586372916105143e-4
0.009911709925181976	1.5689207492102221e-4
0.00997367133534946	1.5792968505505035e-4
0.010036096603455754	1.5897665840915192e-4
0.010098988558565168	1.6003309472048793e-4
0.010162350010494777	1.6109909462226266e-4
0.010226183748920165	1.6217475964867768e-4
0.01029049254247922	1.632601922399903e-4
0.01035527913787221	1.643554957476447e-4
0.010420546258959728	1.6546077443949846e-4
0.010486296605859046	1.6657613350514944e-4
0.010552532854037795	1.6770167906134288e-4
0.010619257653407557	1.6883751815749577e-4
0.01068647362741562	1.6998375878130804e-4
0.010754183372137141	1.7114050986449166e-4
0.010822389455366642	1.7230788128859824e-4
0.01089109441571061	1.734859838909679e-4
0.010960300761680496	1.7467492947078602e-4
0.011030010970786954	1.7587483079525612e-4
0.011100227488636337	1.7708580160590189e-4
0.01117095272802855	1.7830795662497932e-4
0.011242189068058685	1.7954141156203428e-4
0.011313938853219983	1.807862831205615e-4
0.011386204392512249	1.820426890048268e-4
0.011458987958552146	1.833107479267914e-4
0.011532291786689615	1.845905796132016e-4
0.011606118074127997	1.8588230481280055e-4
0.011680468979049648	1.8718604530368674e-4
0.011755346619747266	1.885019239008176e-4
0.011830753073761238	1.8983006446365928e-4
0.011906690377023651	1.9117059190398774e-4
0.011983160523009209	1.925236321938406e-4
0.012060165461893141	1.9388931237361695e-4
0.012137707099717666	1.952677605603444e-4
0.012215787297566427	1.9665910595610095e-4
0.012294407870746848	1.9806347885658425e-4
0.012373570587983312	1.9948101065987188e-4
0.012453277170617484	2.0091183387530777e-4
0.01253352929182106	2.0235608213259489e-4
0.012614328575817067	2.0381389019102838e-4
0.012695676597112448	2.052853939489064e-4
0.01277757487974237	2.0677073045312312e-4
0.01286002489652491	2.0827003790891576e-4
0.012943028068328687	2.0978345568980377e-4
0.013026585763352803	2.1131112434770422e-4
0.013110699296418374	2.128531856232075e-4
0.01319536992827481	2.144097824560604e-4
0.013280598864917819	2.1598105899580208e-4
0.013366387256922739	2.1756716061260687e-4
0.013452736198790966	2.19168233908295e-4
0.013539646728311393	2.2078442672753495e-4
0.013627119825936946	2.2241588816923708e-4
0.013715156414175063	2.240627685981145e-4
0.013803757356995617	2.257252196564635e-4
0.01389292345925305	2.274033942761074e-4
0.013982655466125272	2.290974466905414e-4
0.014072954062568942	2.308075324472678e-4
0.014163819872791724	2.3253380842032747e-4
0.014255253459741057	2.3427643282301685e-4
0.014347255324610404	2.3603556522080159e-4
0.01443982590636329	2.3781136654442908e-4
0.014532965581274983	2.3960399910323386e-4
0.014626674662491955	2.4141362659863447e-4
0.014720953399609757	2.432404141378293e-4
0.014815801978270185	2.4508452824770254e-4
0.014911220519775517	2.4694613688890055e-4
0.015007209080723184	2.4882540947013195e-4
0.015103767652658797	2.507225168626529e-4
0.015200896161748939	2.526376314149598e-4
0.01529859446847249	2.545709269676666e-4
0.015396862367332946	2.5652257886860276e-4
0.015495699586589334	2.584927639880935e-4
0.015595105788007683	2.6048166073445057e-4
0.015695080566632314	2.624894490696593e-4
0.015795623450577254	2.64516310525267e-4
0.015896733900838112	2.6656242821847514e-4
0.015998411311124134	2.6862798686843047e-4
0.016100655007710855	2.707131728127198e-4
0.016203464249312828	2.7281817402406006e-4
0.016306838226977795	2.749431801272039e-4
0.01641077606400053	2.770883824160325e-4
0.016515276815858196	2.7925397387086403e-4
0.016620339470165026	2.8144014917594285e-4
0.016725962946649575	2.83647104737162e-4
0.01683214609715162	2.8587503869997047e-4
0.01693888770563959	2.8812415096748163e-4
0.017046186488248377	2.903946432187781e-4
0.01715404109333977	2.926867189274551e-4
0.01726245010158067	2.950005833803179e-4
0.017371412026044034	2.9733644369631964e-4
0.017480925312329205	2.9969450884568513e-4
0.017590988338702988	3.0207498966924336e-4
0.017701599416261316	3.044780988979681e-4
0.017812756789110182	3.06904051172707e-4
0.017924458634568152	3.0935306306413904e-4
0.01803670306338715	3.1182535309290746e-4
0.018149488119995144	3.1432114174999185e-4
0.018262811782756315	3.168406515172463e-4
0.018376671964252578	3.193841068881732e-4
0.018491066511584203	3.21951734388897e-4
0.018605993206688213	3.245437625993176e-4
0.018721449766678326	3.271604221745127e-4
0.01883743384420174	3.298019458663108e-4
0.018953943027815348	3.3246856854508356e-4
0.019070974842381176	3.3516052722175853e-4
0.0191885267494782	3.3787806107000534e-4
0.019306596147834826	3.4062141144867634e-4
0.019425180373776114	3.4339082192440094e-4
0.019544276701691288	3.461865382944375e-4
0.019663882344517755	3.490088086097191e-4
0.019783994454240724	3.518578831980839e-4
0.01990461012241213	3.547340146877602e-4
0.0200257263806842	3.576374580310288e-4
0.02014734020135959	3.60568470528103e-4
0.020269448497958583	3.63527311851241e-4
0.0203920481258004	3.665142440690428e-4
0.020515135882601548	3.695295316709914e-4
0.02063870850908777	3.7257344159218297e-4
0.02076276268962136	3.75646243238282e-4
0.02088729505284311	3.787482085106986e-4
0.021012302172328724	3.8187961183198775e-4
0.02113778056725769	3.850407301714441e-4
0.02126372670309707	3.882318430709422e-4
0.02139013699229738	3.9145323267097916e-4
0.021517007795002454	3.9470518373695937e-4
0.02164433541977055	3.97987983685683e-4
0.021772116124307316	4.0130192261205204e-4
0.0219003461162132	4.0464729331605217e-4
0.022029021553738298	4.0802439132988966e-4
0.022158138546551277	4.114335149454115e-4
0.02228769315651733	4.1487496524172517e-4
0.022417681398487672	4.1834904611307315e-4
0.022548099241098005	4.218560642969211e-4
0.022678942607576483	4.253963294022791e-4
0.022810207376561902	4.289701539382781e-4
0.02294188938292951	4.3257785334296076e-4
0.023073984418626795	4.362197460123399e-4
0.023206488233514885	4.3989615332965177e-4
0.02333939653622063	4.436073996949071e-4
0.02347270499499312	4.473538125546333e-4
0.02360640923857055	4.511357224319253e-4
0.02374050485704942	4.5495346295666554e-4
0.023874987402763465	4.58807370896061e-4
0.02400985239116707	4.6269778618540576e-4
0.02414509530172409	4.666250519590988e-4
0.02428071157880121	4.705895145819056e-4
0.02441669663256784	4.745915236805157e-4
0.024553045839897973	4.786314321753131e-4
0.024689754545276905	4.827095963124292e-4
0.024826818061713777	4.868263756961025e-4
0.024964231671652425	4.909821333212105e-4
0.025101990627891178	4.95177235606192e-4
0.025240090154498372	4.994120524261064e-4
0.025378525447736416	5.036869571460956e-4
0.02551729167698338	5.0800232665504e-4
0.025656383985657765	5.123585413995259e-4
0.025795797492143672	5.167559854180867e-4
0.025935527290717093	5.211950463757333e-4
0.026075568452472754	5.256761155987778e-4
0.02621591602624968	5.301995881099212e-4
0.02635656503955829	5.34765862663671e-4
0.026497510499505904	5.393753417820353e-4
0.02663874739372062	5.440284317905043e-4
0.026780270691275653	5.487255428543674e-4
0.02692207534361015	5.534670890152974e-4
0.027064156285449087	5.582534882282631e-4
0.02720650843572081	5.630851623987505e-4
0.027349126698472656	5.679625374203111e-4
0.0274920059637816	5.728860432123839e-4
0.027635141108664215	5.778561137584882e-4
0.027778526997981615	5.828731871447074e-4
0.027922158485341905	5.879377055985267e-4
0.02806603041399629	5.930501155279501e-4
0.028210137617734818	5.982108675610354e-4
0.02835447492177267	6.034204165856619e-4
0.028499037143635997	6.086792217897306e-4
0.02864381909404019	6.139877467016565e-4
0.028788815577763315	6.193464592312199e-4
0.028934021394514224	6.247558317107706e-4
0.02907943133979451	6.302163409367844e-4
0.029225040205754792	6.357284682117826e-4
0.029370842782044763	6.412926993866168e-4
0.02951683385665572	6.469095249030971e-4
0.029663008216756888	6.525794398370017e-4
0.029809360649526075	6.583029439414863e-4
0.02995588594297129	6.640805416908318e-4
0.030102578886745137	6.699127423245743e-4
0.030249434272953766	6.758000598920666e-4
0.030396446896954504	6.817430132973516e-4
0.030543611558149966	6.877421263445224e-4
0.030690923060769534	6.937979277833828e-4
0.030838376214646173	6.999109513555871e-4
0.030985965835982107	7.060817358411239e-4
0.0311336867481085	7.123108251052711e-4
0.031281533782233625	7.185987681458969e-4
0.031429501778185	7.249461191412492e-4
0.03157758558513919	7.313534374980874e-4
0.031725780062346255	7.378212879003301e-4
0.03187408007984118	7.443502403580482e-4
0.03202248051914842	7.509408702569496e-4
0.032170976273976616	7.575937584083007e-4
0.03231956225090223	7.643094910992536e-4
0.03246823337004395	7.710886601436391e-4
0.03261698456572996	7.779318629332727e-4
0.032765810787149185	7.848397024895772e-4
0.03291470699900082	7.918127875158645e-4
0.03306366818212576	7.988517324498934e-4
0.033212689334131296	8.059571575169836e-4
0.033361765470009797	8.131296887837065e-4
0.03351089162273714	8.203699582118211e-4
0.03366006284386992	8.276786037129123e-4
0.03380927420412831	8.350562692034317e-4
0.033958520793968924	8.425036046602436e-4
0.03410779772414632	8.500212661766519e-4
0.03425710012626619	8.576099160189887e-4
0.03440642315332554	8.652702226836547e-4
0.03455576198024335	8.730028609547047e-4
0.03470511180438162	8.808085119619792e-4
0.034854467846053463	8.886878632397064e-4
0.03500382534902214	8.966416087856754e-4
0.03515317958098962	9.046704491209571e-4
0.03530252583407409	9.127750913501516e-4
0.03545185942527427	9.209562492221281e-4
0.035601175696928576	9.292146431914524e-4
0.03575047001715848	9.375510004802473e-4
0.03589973778030388	9.459660551406854e-4
0.03604897440734651	9.544605481180172e-4
0.036198175346324114	9.630352273142115e-4
0.036347336072733195	9.716908476521569e-4
0.036496452089920514	9.8042817114043e-4
0.03664551892946569	9.892479669387048e-4
0.036794532151552366	9.981510114237316e-4
0.03694348734532814	0.0010071380882559012
0.037092380129257495	0.0010162099884465138
0.037241206151457686	0.00102536751042548
0.037389961090033966	0.0010346114601099104
0.037538640653393705	0.001043942650973037
0.03768724058056027	0.0010533619041140422
0.03783575664146868	0.0010628700483283062
0.03798418463725799	0.001072467920178489
0.03813252040054741	0.001082156364066096
0.03828075979570858	0.0010919362323038705
0.038428898719122154	0.0011018083851886899
0.03857693309943045	0.0011117736910752993
0.038724858897773995	0.0011218330264505462
0.03887267210802485	0.0011319872760084835
0.03902036875700543	0.0011422373327260164
0.03916794490470105	0.0011525840979393536
0.03931539664446056	0.0011630284814210768
0.03946272010319053	0.0011735714014580192
0.03960991144153752	0.0011842137849297728
0.03975696685406292	0.0011949565673879802
0.03990388256940821	0.0012058006931363395
0.040050654850451076	0.0012167471153113434
0.040197279994453904	0.0012277967959638005
0.04034375433320139	0.001238950706141052
0.040490074233132	0.0012502098259700185
0.04063623609545908	0.0012615751447409627
0.040782236356284446	0.0012730476609920617
0.040928071486702425	0.0012846283825947143
0.04107373799289897	0.0012963183268397522
0.041219232416237414	0.001308118520524282
0.041364551333341854	0.0013200300000395058
0.04150969135616748	0.001332053811459203
0.04165464913206844	0.001344191010629192
0.04179942134385205	0.0013564426632574403
0.041944004709831735	0.001368809845005205
0.042088395983867044	0.0013812936415788502
0.0422325919553987	0.001393895148822586
0.04237658944947901	0.001406615472812163
0.042520385326789256	0.001419455729949235
0.0426639764836553	0.0014324170470567754
0.0428073598520541	0.0014455005614753044
0.04295053239961336	0.001458707421160007
0.04309349112960475	0.00147203878477877
0.043236233080931115	0.0014854958218111284
0.04337875532810703	0.0014990797126481522
0.04352105498123194	0.0015127916486931921
0.04366312918595879	0.0015266328324636507
0.04380497512345595	0.0015406044776936606
0.04394659001036215	0.0015547078094376818
0.04408797109873636	0.0015689440641750993
0.04422911567600296	0.0015833144899158266
0.04437002106488942	0.0015978203463068237
0.044510684623359685	0.0016124629047396485
0.04465110374454093	0.001627243448458974
0.04479127585664612	0.00164216327267214
0.04493119842289243	0.0016572236846597742
0.045070868941410526	0.0016724260038872888
0.04521028494515509	0.001687771562117646
0.0453494440018024	0.0017032617035248633
0.04548834371365201	0.0017188977848089193
0.04562698171751722	0.0017346811753114714
0.045765355684613145	0.001750613257132728
0.045903463320441894	0.00176669542524948
0.04604130236467102	0.0017829290876341226
0.04617887059100774	0.0017993156653747953
0.04631616580707271	0.0018158565927967683
0.04645318585426411	0.0018325533175847562
0.04658992860762339	0.001849407300906564
0.0467263919756927	0.001866420017537723
0.04686257390037179	0.0018835929559874035
0.046998472356769426	0.0019009276186254273
0.04713408535305271	0.0019184255218105074
0.047269410930291245	0.0019360881960196286
0.04740444716229993	0.001953917185978688
0.04753919215547688	0.0019719140507943028
0.04767364404863898	0.0019900803640868522
0.047807801012855415	0.0020084177141248146
0.04794166125127683	0.0020269277039602963
0.04807522299896087	0.002045611951565766
0.04820848452269838	0.0020644720899722167
0.048341444120833486	0.0020835097674084787
0.04847410012308201	0.0021027266474418368
0.04860645089034893	0.00212212440912004
0.04873849481454193	0.002141704747114561
0.048870230318383626	0.0021614693718652305
0.04900165585522018	0.0021814200097261417
0.04913276990882869	0.0022015584031129676
0.0492635709932235	0.00222188631065169
0.049394057652458676	0.002242405507328603
0.04952422846043084	0.0022631177846418517
0.049654082020676074	0.0022840249507541494
0.04978361696617059	0.0023051288306471848
0.049912831959127255	0.0023264312662773646
0.05004172569078754	0.0023479341167328333
0.05017029688121739	0.0023696392583922163
0.05029854427909789	0.0023915485850846702
0.050426466661517295	0.0024136640082515364
0.05055406283375797	0.002435987457109317
0.05068133162908592	0.002458520878814349
0.050808271908537234	0.0024812662386289167
0.050934882560704206	0.002504225520088925
0.05106116250152085	0.0025274007251731853
0.0511871106740448	0.0025507938744740995
0.051312726048242704	0.0025744070073701803
0.05143800762077071	0.0025982421821999415
0.051562954414757584	0.002622301476437601
0.05168756547958331	0.002646586986870185
0.05181183989066151	0.0026711008297765557
0.051935776749218066	0.002695845141107866
0.05205937518207009	0.0027208220766698006
0.05218263434140587	0.0027460338123065343
0.05230555340456116	0.002771482544086265
0.052428131573798664	0.002797170488488623
0.05255036807608585	0.002823099882593766
0.052672262162871124	0.002849272984273145
0.05279381310986256	0.002875692072382204
0.05291502021680358	0.0029023594469546783
0.05303588280725145	0.002929277429398899
0.05315640022835393	0.002956448362695767
0.053276571850625426	0.0029838746115985956
0.05339639706772566	0.003011558562834885
0.05351587529623488	0.003039502625309809
0.05363500597543361	0.0030677092303118374
0.053753788567078534	0.003096180831720005
0.053872222555180455	0.003124919906213241
0.053990307445783856	0.0031539289534817014
0.0541080427667429	0.0031832104964398546
0.0542254280675024	0.0032127670814417696
0.05434246291887565	0.003242601278498261
0.054459146912824295	0.0032727156814960833
0.05457547966223899	0.003303112908419205
0.05469146080071993	0.0033337956015721047
0.05480708998235637	0.0033647664278050253
0.05492236688151005	0.0033960280787415486
0.05503729119259655	0.0034275832710080625
0.055151862629869194	0.003459434746465552
0.05526608092720117	0.0034915852724433168
0.05537994583787148	0.003524037641975115
0.05549345713434776	0.0035567946740371827
0.05560661460807465	0.003589859213788843
0.055719418069257905	0.0036232341328149603
0.05583186734665277	0.0036569223293709055
0.05594396228735371	0.003690926728629822
0.05605570275657971	0.0037252502829318
0.05616708863746726	0.003759895972035867
0.056278119830861034	0.0037948668033740787
0.05638879625510377	0.0038301658123078234
0.05649911784583073	0.0038657960623867857
0.056609084555761864	0.0039017606456100743
0.05671869635449839	0.003938062682690001
0.056827953228316457	0.003974705323318046
0.0569368551799648	0.004011691746433481
0.057045402228462896	0.004049025160494451
0.05715359440889951	0.004086708803751526
0.05726143177223096	0.004124745944523691
0.05736891438508541	0.004163139881477235
0.057476042329561466	0.004201893943906727
0.05758281570303478	0.004241011492019161
0.05768923461795918	0.004280495917220154
0.05779529920167405	0.004320350642403226
0.05790100959621192	0.004360579122241711
0.058006365958104614	0.004401184843483117
0.05811136845819239	0.004442171325246411
0.0582160172814352	0.004483542119322055
0.05832031262672471	0.004525300810474882
0.05842425470669505	0.004567451016749501
0.05852784374753973	0.004609996389778972
0.058631079988823304	0.004652940615095792
0.05873396368330154	0.004696287412446358
0.05883649509673608	0.004740040536107814
0.05893867450771639	0.004784203775208289
0.059040502207477204	0.004828780954049652
0.059141978499722817	0.004873775932433686
0.05924310370044934	0.004919192605991095
0.05934387813776633	0.00496503490651326
0.059444302151726684	0.005011306802287766
0.0595443760941501	0.005058012298436351
0.0596441003284535	0.0051051554372564395
0.05974347522947837	0.005152740298565494
0.059842501183324445	0.005200771000049003
0.059941178587178005	0.005249251697611031
0.06003950784915002	0.005298186585728888
0.06013748938810667	0.005347579897810156
0.06023512363350907	0.005397435906553852
0.060332411025248146	0.005447758924314265
0.06042935201348452	0.0054985533034685955
0.06052594705848975	0.005549823436787932
0.06062219663048609	0.0056015737578114545
0.0607181012094902	0.005653808741224279
0.06081366128515767	0.005706532903238846
0.06090887735662916	0.005759750801979772
0.06100374993237497	0.005813467037872067
0.06109827953004619	0.0058676862540334015
0.06119246667632283	0.0059224131366696214
0.061286311906764944	0.005977652415474006
0.06137981576566477	0.006033408864030341
0.06147297880590167	0.006089687300219726
0.06156580158879525	0.006146492586630886
0.061658284683963054	0.006203829630974639
0.061750428669177924	0.006261703386502012
0.0618422341302266	0.0063201188524262064
0.061933701660770904	0.00637908107434858
0.062024831862208314	0.006438595144688487
0.062115625343535784	0.006498666203117137
0.06220608272121393	0.006559299436995479
0.06229620461903282	0.006620500081816179
0.06238599166797779	0.006682273421649505
0.062475444506098966	0.006744624789593588
0.06256456377838077	0.00680755956822876
0.06265335013661164	0.006871083190076015
0.06274180423925746	0.006935201138059781
0.06282992675133396	0.006999918945975052
0.0629177183442824	0.007065242198958758
0.0630051796958451	0.007131176533965491
0.06309231148994217	0.007197727640247653
0.06317911441655076	0.007264901259840095
0.06326558917158473	0.007332703188049205
0.06335173645677557	0.00740113927394654
0.0634375569795547	0.0074702154208670084
0.06352305145293774	0.007539937586911734
0.06360822059540744	0.0076103117854553716
0.06369306513080158	0.007681344085658401
0.06377758578820023	0.007753040612984199
0.06386178330181226	0.007825407549720288
0.06394565841086686	0.007898451135505233
0.06402921185950464	0.007972177667860025
0.06411244439666752	0.008046593502724143
0.06419535677599404	0.008121705054997114
0.06427794975571514	0.00819751879908492
0.06436022409854347	0.00827404126945061
0.06444218057157976	0.00835127906117201
0.06452381994620256	0.008429238830502195
0.06460514299797064	0.00850792729543682
0.06468615050652499	0.008587351236286388
0.06476684325548733	0.00866751749625317
0.06484722203236318	0.00874843298201409
0.06492728762844734	0.00883010466430904
0.06500704083872727	0.008912539578534148
0.0650864824617886	0.008995744825340875
0.0651656132997242	0.00907972757124091
0.06524443415804003	0.00916449504921596
0.06532294584556615	0.009250054559333913
0.06540114917436543	0.00933641346937009
0.06547904495964614	0.009423579215434831
0.06555663401967371	0.009511559302606418
0.06563391717568612	0.009600361305570368
0.06571089525180454	0.009689992869263723
0.06578756907495346	0.009780461709526584
0.06586393947477306	0.009871775613758403
0.06594000728354162	0.009963942441581634
0.06601577333608934	0.01005697012551009
0.06609123846972105	0.010150866671624771
0.0661664035241375	0.010245640160255386
0.06624126934135303	0.010341298746667817
0.06631583676562337	0.010437850661758891
0.06639010664336552	0.010535304212756705
0.0664640798230852	0.010633667783927964
0.06653775715529857	0.01073294983729135
0.06661113949246368	0.010833158913338341
0.06668422768890508	0.010934303631759913
0.06675702260074125	0.011036392692180015
0.06682952508581681	0.011139434874896534
0.06690173600363124	0.01124343904162842
0.06697365621527004	0.011348414136269873
0.06704528658333712	0.01145436918565177
0.06711662797188753	0.011561313300309866
0.06718768124636317	0.011669255675260445
0.06725844727352326	0.011778205590782386
0.06732892692138613	0.011888172413207842
0.06739912105915981	0.011999165595718515
0.0674690305571819	0.012111194679150497
0.06753865628686136	0.012224269292807122
0.06760799912060948	0.0123383991552767
0.06767705993178914	0.012453594075261523
0.06774583959464661	0.012569863952411013
0.06781433898426162	0.012687218778165556
0.06788255897648166	0.01280566863660549
0.06795050044787199	0.012925223705310355
0.0680181642756553	0.013045894256224294
0.06808555133765783	0.013167690656530407
0.06815266251225695	0.013290623369533334
0.06821949867832247	0.013414702955548544
0.0682860607151698	0.013539940072802454
0.06835234950250246	0.01366634547833785
0.06841836592036434	0.013793930028930321
0.06848411084908745	0.013922704682011604
0.0685495851692427	0.014052680496602086
0.06861478976158975	0.014183868634251612
0.06867972550702972	0.014316280359989362
0.06874439328655566	0.014449927043282032
0.06880879398120965	0.014584820159002209
0.06887292847203005	0.014720971288403013
0.06893679764001052	0.014858392120104626
0.06900040236605529	0.014997094451088998
0.06906374353093214	0.01513709018770263
0.0691268220152305	0.015278391346670117
0.06918963869931716	0.015421010056116218
0.06925219446329695	0.015564958556598153
0.06931449018696809	0.015710249202146552
0.06937652674978097	0.01585689446131625
0.06943830503080084	0.016004906918247835
0.06949982590866559	0.016154299273737537
0.06956109026154719	0.01630508434631767
0.06962209896711383	0.016457275073348005
0.06968285290249136	0.016610884512115127
0.06974335294422572	0.016765925840943784
0.06980359996824734	0.016922412360318165
0.06986359484983393	0.01708035749401279
0.06992333846357619	0.017239774790234873
0.06998283168334221	0.017400677922776615
0.07004207538224123	0.017563080692177845
0.07010107043259503	0.01772699702690121
0.07015981770589864	0.017892440984515343
0.07021831807279102	0.018059426752891822
0.07027657240302315	0.01822796865141123
0.07033458156542508	0.018398081132181922
0.07039234642787458	0.018569778781268045
0.07044986785726803	0.018743076319931395
0.0705071467194906	0.01891798860588315
0.07056418387938465	0.019094530634547302
0.0706209802007219	0.019272717540335785
0.07067753654617515	0.019452564597936824
0.07073385377729198	0.01963408722361322
0.07078993275446221	0.019817300976513134
0.07084577433689679	0.02000222155999459
0.07090137938259683	0.020188864822959753
0.07095674874832979	0.020377246761203574
0.07101188328960435	0.020567383518774244
0.07106678386064177	0.020759291389345267
0.07112145131435565	0.020952986817602156
0.07117588650232662	0.021148486400641056
0.07123009027477555	0.021345806889378715
0.07128406348054296	0.021544965189978716
0.07133780696706604	0.02174597836528782
0.07139132158035585	0.02194886363628843
0.07144460816497435	0.02215363838356137
0.07149766756401384	0.022360320148765236
0.0715505006190761	0.02256892663612746
0.07160310817024905	0.02277947571394972
0.07165549105609081	0.022991985416127892
0.07170765011360519	0.023206473943684837
0.07175958617822444	0.023422959666318403
0.07181130008379064	0.023641461123964095
0.07186279266253351	0.02386199702836977
0.07191406474505802	0.02408458626468958
0.0719651171603197	0.024309247893086295
0.07201595073561096	0.02453600115035479
0.0720665662965415	0.024764865451555516
0.07211696466702451	0.024995860391667974
0.07216714666925722	0.025229005747253758
0.07221711312370482	0.025464321478140275
0.07226686484908686	0.02570182772911675
0.07231640266235734	0.025941544831646863
0.07236572737869472	0.026183493305598406
0.07241483981148482	0.026427693860987443
0.07246374077230419	0.026674167399738304
0.07251243107090806	0.02692293501746133
0.07256091151521646	0.02717401800524649
0.07260918291130078	0.027427437851473717
0.07265724606336861	0.027683216243638453
0.0727051017737536	0.0279413750701978
0.07275275084289923	0.028201936422428305
0.07280019406935057	0.02846492259630707
0.07284743224973907	0.028730356094405135
0.07289446617877175	0.028998259627801466
0.0729412966492214	0.029268656118013357
0.07298792445191114	0.029541568698944733
0.07303435037570803	0.02981702071885344
0.07308057520751107	0.03009503574233576
0.07312659973223846	0.030375637552329304
0.07317242473282128	0.030658850152135108
0.07321805099019066	0.030944697767458302
0.07326347928327072	0.031233204848466745
0.07330871038896568	0.031524396071869513
0.0733537450821555	0.03181829634301546
0.07339858413568225	0.032114930798009186
0.07344322832034661	0.03241432480584853
0.07348767840489505	0.03271650397058029
0.07353193515601544	0.033021494133477554
0.07357599933832487	0.03332932137523414
0.07361987171436737	0.033640012018184194
0.0736635530446028	0.03395359262853829
0.07370704408740049	0.03427009001864079
0.07375034559903303	0.0345895312492496
0.0737934583336688	0.034911943631836494
0.07383638304336851	0.0352373547309087
0.07387912047807292	0.03556579236635037
0.0739216713856027	0.03589728461578799
0.07396403651164912	0.03623185981697733
0.07400621659977166	0.03656954657021189
0.07404821239138694	0.03691037374075139
0.07409002462577198	0.037254370461279135
0.07413165404005048	0.03760156613437464
0.07417310136919446	0.03795199043501386
0.07421436734601537	0.03830567331309104
0.0742554527011632	0.03866264499596489
0.07429635816311946	0.0390229359910266
0.07433708445819497	0.03938657708829235
0.07437763231052584	0.03975359936302161
0.07441800244206745	0.04012403417835596
0.07445819557259299	0.04049791318798566
0.07449821241969258	0.04087526833884124
0.07453805369876575	0.041256131873804745
0.07457772012301853	0.04164053633445385
0.07461721240346492	0.04202851456382385
0.07465653124892109	0.04242009970920206
0.07469567736600138	0.0428153252249406
0.07473465145912131	0.04321422487530462
0.07477345423048853	0.043616832737335715
0.07481208638010721	0.044023183203753265
0.07485054860577289	0.04443331098587342
0.07488884160306984	0.04484725111655993
0.07492696606537126	0.045265038953200366
0.07496492268383897	0.045686710180712964
0.07500271214741942	0.04611230081457692
0.07504033514284292	0.0465418472038916
0.07507779235462547	0.04697538603447006
0.07511508446506471	0.047412954331950675
0.07515221215424035	0.047854589464946765
0.07518917610001319	0.04830032914822092
0.07522597697802724	0.0487502114458907
0.07526261546170386	0.04920427477466088
0.07529909222224858	0.049662557907090225
0.07533540792864352	0.05012509997488284
0.07537156324765447	0.05059194047221764
0.07540755884382623	0.05106311925909898
0.07544339537948361	0.051538676564747435
0.0754790735147353	0.05201865299101663
0.07551459390746941	0.052503089515842524
0.07554995721335662	0.05299202749672503
0.07558516408585172	0.05348550867424349
0.07562021517619281	0.053983575175601886
0.07565511113340226	0.054486269518208105
0.0756898526042898	0.05499363461328734
0.07572444023344975	0.05550571376952614
0.07575887466326815	0.05602255069675515
0.0757931565339173	0.05654418950965856
0.0758272864833624	0.05707067473152649
0.07586126514735982	0.05760205129803343
0.07589509315946258	0.05813836456106028
0.07592877115101805	0.05867966029254463
0.07596229975116986	0.05922598468836828
0.07599567958686528	0.0597773843722874
0.07602891128284954	0.060333906399887206
0.0760619954616736	0.06089559826258348
0.0760949327436934	0.06146250789165594
0.07612772374707477	0.062034683662321906
0.07616036908779167	0.06261217439784143
0.07619286937963292	0.06319502937367251
0.07622522523420244	0.06378329832165122
0.07625743726092059	0.0643770314342168
0.07628950606703183	0.06497627936868111
0.07632143225760014	0.06558109325152475
0.07635321643551803	0.06619152468274543
0.0763848592015076	0.06680762574024089
0.07641636115412113	0.06742944898423063
0.0764477228897475	0.06805704746172342
0.07647894500261283	0.06869047471102094
0.07651002808478505	0.06932978476626861
0.07654097272617669	0.06997503216204498
0.07657177951454747	0.07062627193799295
0.07660244903550864	0.07128355964349584
0.07663298187252623	0.07194695134239766
0.07666337860692486	0.07261650361776481
0.07669363981788851	0.07329227357668947
0.07672376608246913	0.07397431885514479
0.07675375797558598	0.07466269762288151
0.07678361607003024	0.0753574685883619
0.07681334093646987	0.0760586910037547
0.0768429331434554	0.07676642466996889
0.0768723932574171	0.07748072994172205
0.07690172184267546	0.0782016677326795
0.07693091946144276	0.07892929952062108
0.07695998667382727	0.07966368735266954
0.07698892403783571	0.08040489385055158
0.07701773210938018	0.08115298221592557
