0.0046477960939203585	4.460497407351019e-4
0.00468342691261245	4.498013053314471e-4
0.004719329506450746	4.5358701077229796e-4
0.004755505927529007	4.5740721021029807e-4
0.004791958243126034	4.6126226114501337e-4
0.004828688535813672	4.65152525487712e-4
0.0048656989035655825	4.6907836962718774e-4
0.00490299145986669	4.7304016449681275e-4
0.004940568333823406	4.770382856428061e-4
0.004978431670274509	4.810731132936638e-4
0.0050165836299028285	4.851450324308581e-4
0.0050550263893476945	4.892544328608301e-4
0.005093762141317974	4.934017092882347e-4
0.005132793094706087	4.975872613905618e-4
0.005172121474702614	5.018114938940557e-4
0.005211749522911725	5.060748166510312e-4
0.005251679497467334	5.103776447186567e-4
0.005291913673150135	5.14720398439052e-4
0.0053324543415052906	5.191035035209831e-4
0.0053733038109609515	5.235273911229792e-4
0.005414464406947566	5.279924979379874e-4
0.005455938472018039	5.324992662796648e-4
0.005497728365968586	5.370481441701367e-4
0.005539836465960437	5.416395854295253e-4
0.005582265166642447	5.462740497670388e-4
0.005625016880274338	5.509520028738368e-4
0.005668094036850963	5.556739165175812e-4
0.005711499084227234	5.604402686388212e-4
0.005755234488244004	5.652515434491236e-4
0.0057993027328547995	5.701082315311374e-4
0.005843706320253249	5.750108299405133e-4
0.005888447771001554	5.799598423097248e-4
0.0059335296241597585	5.849557789539592e-4
0.005978954437415851	5.899991569789623e-4
0.0060247247872168555	5.950905003909789e-4
0.00607084326890058	6.002303402087913e-4
0.006117312496828625	6.054192145779831e-4
0.006164135104519945	6.106576688872796e-4
0.006211313744785518	6.159462558873436e-4
0.006258851089863896	6.212855358116668e-4
0.0063067498315576825	6.266760764999932e-4
0.006355012681370897	6.321184535240853e-4
0.006403642370647417	6.376132503159591e-4
0.006452641650710212	6.431610582986665e-4
0.006502013293001722	6.487624770196714e-4
0.0065517600892250555	6.544181142868296e-4
0.00660188485148625	6.601285863071044e-4
0.006652390412437597	6.658945178280726e-4
0.006703279625421831	6.717165422821995e-4
0.006754555364617473	6.775953019340368e-4
0.006806220525185148	6.835314480304316e-4
0.006858278023414932	6.895256409537225e-4
0.006910730796874844	6.955785503779706e-4
0.006963581804560283	7.016908554285619e-4
0.007016834027044731	7.078632448448271e-4
0.007070490466631354	7.140964171461876e-4
0.007124554147505903	7.203910808015754e-4
0.007179028115890587	7.267479544023847e-4
0.007233915440199288	7.331677668390373e-4
0.007289219211193718	7.396512574811147e-4
0.0073449425421410214	7.461991763613296e-4
0.007401088568972241	7.528122843632394e-4
0.007457660450442462	7.59491353412957e-4
0.0075146613682917	7.662371666748777e-4
0.007572094527407438	7.730505187514156e-4
0.007629963155988303	7.799322158871701e-4
0.007688270505708991	7.868830761771771e-4
0.007747019851886701	7.939039297797603e-4
0.007806214493648748	8.009956191338919e-4
0.007865857754101677	8.081589991810527e-4
0.007925952980501782	8.15394937592111e-4
0.00798650354442698	8.227043149988563e-4
0.0080475128419503	8.300880252306962e-4
0.008108984293814835	8.375469755563292e-4
0.00817092134561015	8.450820869308493e-4
0.008233327467950307	8.526942942481357e-4
0.00829620615665372	8.603845465987005e-4
0.00835956093292428	8.681538075334569e-4
0.008423395343534557	8.760030553330103e-4
0.008487712961010495	8.839332832830196e-4
0.008552517383818027	8.91945499955816e-4
0.008617812236551524	9.000407294980541e-4
0.008683601170124056	9.082200119249206e-4
0.008749887861959744	9.164844034209875e-4
0.00881667601618805	9.248349766477256e-4
0.008883969363840073	9.332728210580432e-4
0.00895177166304717	9.417990432179045e-4
0.009020086699241541	9.504147671353273e-4
0.00908891828535943	9.591211345968681e-4
0.009158270262046282	9.679193055117665e-4
0.0092281464978647	9.76810458264091e-4
0.009298550889504736	9.857957900729604e-4
0.009369487361996874	9.948765173610902e-4
0.009440959868927751	0.0010040538761320339
0.009512972392658614	0.0010133291223560275
0.009585528944546784	0.001022703532365062
0.009658633565170115	0.0010321784032571077
0.009732290324554723	0.001041755053310026
0.009806503322405876	0.0010514348224051385
0.009881276688342308	0.0010612190724609218
0.009956614582134206	0.001071109187877094
0.010032521193944858	0.0010811065759893366
0.010109000744576118	0.0010912126675349282
0.010186057485717926	0.0011014289171296034
0.010263695700202054	0.0011117568037559984
0.010341919702260253	0.0011221978312640618
0.01042073383778679	0.0011327535288835598
0.010500142484606057	0.0011434254517492556
0.0105801500527448	0.0011542151814389367
0.010660760984709812	0.0011651243265248727
0.010741979755770818	0.0011761545231387966
0.010823810874249157	0.0011873074355512278
0.01090625888181214	0.0011985847567649835
0.010989328353773918	0.0012099882091238412
0.011073023899402132	0.0012215195449364813
0.011157350162231842	0.0012331805471162386
0.011242311820385941	0.0012449730298371685
0.01132791358690308	0.0012568988392068403
0.011414160210072882	0.0012689598539564267
0.011501056473779128	0.001281157986148539
0.011588607197851037	0.0012934951819034762
0.011676817238422989	0.0013059734221442052
0.011765691488302926	0.0013185947233609627
0.011855234877350167	0.0013313611383956629
0.011945452372862158	0.0013442747572471724
0.012036348979971587	0.0013573377078978498
0.012127929742053241	0.0013705521571619357
0.012220199741141368	0.0013839203115564639
0.012313164098358033	0.0013974444181959935
0.012406827974352629	0.0014111267657106702
0.012501196569752723	0.0014249696851897583
0.012596275125626966	0.0014389755511503364
0.012692068923959993	0.0014531467825327016
0.012788583288140283	0.0014674858437226815
0.012885823583460156	0.0014819952456024135
0.012983795217629695	0.0014966775466298088
0.01308250364130362	0.0015115353539482885
0.01318195434862199	0.0015265713245270899
0.013282152877765067	0.001541788166333582
0.013383104811522287	0.001557188639538758
0.013484815777875503	0.0015727755577563082
0.013587291450597302	0.0015885517893171712
0.013690537549863536	0.0016045202585801888
0.013794559842881296	0.0016206839472801958
0.013899364144531207	0.0016370458959148915
0.014004956318025499	0.0016536092051716174
0.014111342275580425	0.001670377037395548
0.014218527979103836	0.001687352618100443
0.014326519440897596	0.0017045392375234043
0.014435322724374568	0.001721940252225537
0.014544943944790115	0.0017395590867394348
0.014655389269987308	0.0017573992352654185
0.014766664921156298	0.001775464263418158
0.014878777173606457	0.0017937578100254412
0.01499173235755173	0.001812283588980444
0.015105536858907469	0.001831045391149945
0.015220197120098929	0.0018500470863399368
0.015335719640880187	0.0018692926253209058
0.01545211097916289	0.0018887860419143148
0.015569377751852973	0.0019085314551431512
0.01568752663569544	0.0019285330714481734
0.015806564368124946	0.0019487951869722618
0.015926497748121316	0.0019693221899152323
0.016047333637068263	0.001990118562961788
0.016169078959613982	0.0020111888857848414
0.016291740704531366	0.0020325378376268685
0.01641532592557656	0.002054170199962281
0.016539841742343388	0.0020760908592433727
0.01666529534111154	0.0020983048097331304
0.01679169397568631	0.002120817156427021
0.016919044968227576	0.002143633118068809
0.017047355710064882	0.0021667580302612917
0.017176633662496454	0.0021901973486772885
0.017306886357568763	0.0022139566523734573
0.01743812139883402	0.0022380416472109798
0.01757034646208183	0.0022624581693866533
0.017703569296042065	0.002287212189078427
0.017837797723055365	0.0023123098142099428
0.017973039639707165	0.0023377572943375923
0.018109303017422054	0.002363561024664826
0.018246595903013942	0.0023897275501888315
0.018384926419188173	0.0024162635699834577
0.018524302764991153	0.002443175941624014
0.018664733216203384	0.002470471685758807
0.018806226125670494	0.002498157990833151
0.018948789923569315	0.002526242217970683
0.01909243311760164	0.002554731906018636
0.019237164293113507	0.002583634776762498
0.01938299211313288	0.0026129587403168363
0.019529925318321397	0.0026427119006980026
0.019677972726835236	0.0026729025615866903
0.01982714323408908	0.002703539232286134
0.0199774458124186	0.0027346306338843175
0.02012888951063495	0.0027661857056273014
0.02028148345346721	0.002798213611511795
0.020435236840885315	0.002830723747105164
0.020590158947300295	0.002863725746601816
0.020746259120633524	0.002897229490124669
0.020903546781251833	0.002931245111281196
0.021062031420761587	0.002965783004983783
0.021221722600655826	0.00300085383554484
0.021382629950810438	0.0030364685450568712
0.021544763167822417	0.0030726383620692777
0.021708132013185572	0.0031093748105724688
0.021872746311298704	0.0031466897193027712
0.02203861594729959	0.003184595231379052
0.022205750864721804	0.0032231038142860316
0.02237416106296772	0.0032622282702163582
0.02254385659459392	0.003301981746787456
0.0227148475624039	0.0033423777481467187
0.02288714411634405	0.003383430146481686
0.023060756450198224	0.0034251531939511683
0.02323569479807779	0.0034675615350549974
0.023411969430702416	0.0035106702194598865
0.023589590651469133	0.0035544947153001876
0.02376856879230585	0.0035990509229734315
0.023948914209306425	0.003644355189451705
0.02413063727814576	0.0036904243231294727
0.02431374838927111	0.003737275609230899
0.024498257942869212	0.003784926825801004
0.024684176343606992	0.0038333962603038277
0.024871513995144527	0.0038827027268559474
0.02506028129442084	0.003932865584120247
0.025250488625710277	0.003983904753890024
0.025442146354451103	0.00403584074039343
0.025635264820846722	0.00408869465034888
0.025829854333239474	0.0041424882138054505
0.02602592516125976	0.004197243805802515
0.026223487528751848	0.004252984468885068
0.026422551606478415	0.004309733936513106
0.026623127504607522	0.004367516657406194
0.026825225264984525	0.0044263578208641645
0.02702885485319403	0.00448628338310936
0.02723402615041482	0.004547320094696877
0.02744074894507336	0.004609495529043528
0.02764903292430197	0.004672838112124356
0.02785888766520619	0.00473737715339475
0.028070322625948947	0.004803142877993732
0.02828334713665749	0.0048701664602892126
0.028497970390161324	0.004938480058829318
0.028714201432569208	0.005008116852767868
0.028932049153692223	0.005079111079832849
0.029151522277323313	0.005151498075915624
0.02937262935138286	0.005225314316357126
0.02959537873793826	0.005300597459016361
0.029819778603110064	0.005377386389208018
0.03004583690687399	0.00545572126660299
0.030273561392770737	0.005535643574188451
0.03050295957753462	0.005617196169393891
0.030734038740654217	0.005700423337489026
0.03096680591387545	0.005785370847373634
0.03120126787066217	0.005872086009877866
0.03143743111562546	0.005960617738706527
0.03167530187393641	0.006051016614160569
0.031914886080735144	0.00614333494978629
0.03215618937055089	0.006237626862100488
0.03239921706674689	0.00633394834355955
0.0326439741710045	0.006432357338942028
0.03289046535286169	0.006532913825330764
0.03313869493932065	0.006635679895886257
0.03338866690453891	0.0067407198476204565
0.03364038485962031	0.006848100273387628
0.03389385204251922	0.006957890158326509
0.03414907130807562	0.00707016098099965
0.03440604511819393	0.007184986819493884
0.034664775532182564	0.00730244446276024
0.034925264197268435	0.007422613527489779
0.035187512339302736	0.007545576580842483
0.03545152075367149	0.0076714192693641365
0.03571728979642654	0.007800230454451862
0.035984819375652996	0.007932102354744792
0.036254108943085	0.008067130695853946
0.03652515748598673	0.008205414867856654
0.036797963519311166	0.008347058091024706
0.037072525078151036	0.008492167590276703
0.03734883971049508	0.008640854778881499
0.03762690447030296	0.008793235451977379
0.03790671591091169	0.00894942999050717
0.03818827007878526	0.009109563576214253
0.0384715625076201	0.009273766418384937
0.038756588212817376	0.00944217399307855
0.03904334168633261	0.009614927295628276
0.03933181689191406	0.009792173107263165
0.03962200726073939	0.009974064276754393
0.039913905687458735	0.010160760018056054
0.040207504526654524	0.010352426224990025
0.040502795589725235	0.010549235804082853
0.040799770142201194	0.01075136902677005
0.04109841890149814	0.010959013902249152
0.04139873203511607	0.01117236657238039
0.04170069915928784	0.011391631730125047
0.04200430933808365	0.011617023063135112
0.04230955108297277	0.011848763724228955
0.04261641235285059	0.012087086830623173
0.04292488055452832	0.01233223599393958
0.04323494254369181	0.012584465883165504
0.04354658462632815	0.012844042822917796
0.043859792560621565	0.013111245429556067
0.04417455155931832	0.013386365287894648
0.04449084629255968	0.013669707671487072
0.0448086608911814	0.01396159230970567
0.04512797895047725	0.014262354205114574
0.04544878353442334	0.014572344504915785
0.04577105718036055	0.01489193143058515
0.046094781904128634	0.015221501270159282
0.046419939205649324	0.015561459438029989
0.04674651007495023	0.01591223160751792
0.047074474998624605	0.016274264921980263
0.0474038139667195	0.016648029290703994
0.047734506480044306	0.01703401877641506
0.048066531557891166	0.017432753081848374
0.04839986774615922	0.01784477914351469
0.04873449312587174	0.018270672841556923
0.04907038532207783	0.018711040835416134
0.04940752151312526	0.019166522535969743
0.04974587844029835	0.019637792225806593
0.05008543241780173	0.020125561340451036
0.050426159343086696	0.020630580924596638
0.05076803470749974	0.02115364427880817
0.05111103360724586	0.021695589813698617
0.05145513075465149	0.02225730413030726
0.05180030048971108	0.02283972534732896
0.05214651679190927	0.023443846697987273
0.052493753292297454	0.024070720421722137
0.052841983285815304	0.02472146197854135
0.05319117974384101	0.02539725461687139
0.05354131532695417	0.026099354329086978
0.05389236239789826	0.026829095232656794
0.05424429303472536	0.027587895419060458
0.05459707904411016	0.02837726331737899
0.05495069197481486	0.029198804624802815
0.05530510313129261	0.030054229862337283
0.05566028358741155	0.03094536262079209
0.056016204200285385	0.031874148569854675
0.056372835624193984	0.03284266531178206
0.05673014832457908	0.0338531331711458
0.057088112592100185	0.03490792702335366
0.05744669855673483	0.03600958927747899
0.05780587620190723	0.03716084414358466
0.05816561537863316	0.038364613331420494
0.058525885819662095	0.039624033346537725
0.05888665715360709	0.04094247457177207
0.05924789891904291	0.04232356234730163
0.059609580578562256	0.04377120029144591
0.05997167153277487	0.04528959613788419
0.06033414113423416	0.04688329040361659
0.06069695870128225	0.04855718824682029
0.06106009353179637	0.050316594925690974
0.061423514916826336	0.05216725532990091
0.06178719215411014	0.05411539812678114
0.06215109456145668	0.05616778514677449
0.06251519148998189	0.05833176672925846
0.06287945233719051	0.06061534386327285
0.06324384655988984	0.06302723809125058
0.06360834368692633	0.06557697030158768
0.06397291333173594	0.06827494972266973
0.06433752520469783	0.07113257465278705
0.06470214912528169	0.07416234672461128
0.0650667550339824	0.07737800081857223
0.06543131300403185	0.08079465311794656
0.0657957932528812	0.08442897025357014
0.06616016615344567	0.08829936303540029
0.06652440224510607	0.09242620893338913
0.06688847224446033	0.09683210827899622
0.06725234705581792	0.10154218014567996
0.06761599778143393	0.10658440507629233
0.06797939573147622	0.11199002331374627
0.06834251243372193	0.11779399903078668
0.06870531964297774	0.12403556333885561
0.0690677893502228	0.13075885170539137
0.06942989379146905	0.13801365498157772
0.06979160545633542	0.14585630774538585
0.070152897096337	0.15435074337109425
0.07051374173288281	0.16356975250970682
0.07087411266498367	0.17359649099117294
0.07123398347666804	0.18452629519438804
0.0715933280441035	0.196468878565882
0.07195212054242664	0.20955100342235078
0.07231033545227807	0.22391974913112245
0.07266794756604364	0.23974653357480813
0.0730249319938048	0.25723209277667036
0.07338126416899501	0.27661268838792696
0.07373691985376706	0.29816790116548314
0.07409187514407005	0.3222304904014891
0.07444610647443997	0.34919896892285024
0.07479959062250542	0.37955378224127
0.07515230471320947	0.41387832114732603
0.07550422622275267	0.4528864892596248
0.07585533298225752	0.49745926825950065
0.07620560318116176	0.5486937966080917
0.07655501537033652	0.6079701008197448
0.07690354846494253	0.6770431187425751
0.07725118174701871	0.7581715824888906
0.07759789486781477	0.8543016351913127
0.07794366784986656	0.9693334254519502
0.07828848108882244	1.1085164317346925
0.07863231535502112	1.2790497167569783
0.07897515179483011	1.491018047655067
0.07931697193174617	1.758896977933248
0.07965775766726346	2.1040590052510915
0.07999749128151533	2.5591202521091834
