0.0010000000000000009	9.765625000000009e-7
0.0010046157902783709	9.810701076937216e-7
0.0010092528860767003	9.855985215592776e-7
0.0010139113857366572	9.901478376334543e-7
0.0010185913880541436	9.947181523966246e-7
0.0010232929922807527	9.993095627741725e-7
0.001028016298126433	1.0039221661390946e-6
0.0010327614057614037	1.0085560603138708e-6
0.001037528415818001	1.0132113435722665e-6
0.0010423174293933135	1.0178881146419077e-6
0.0010471285480508907	1.022586472705948e-6
0.0010519618738231984	1.0273065174054672e-6
0.0010568175092136312	1.0320483488414367e-6
0.0010616955571987052	1.0368120675768606e-6
0.0010665961212302094	1.0415977746388764e-6
0.001071519305237592	1.046405571521086e-6
0.0010764652136298208	1.051235560185372e-6
0.001081433951297936	1.0560878430643906e-6
0.0010864256236170489	1.0609625230635243e-6
0.0010914403364487707	1.0658597035632526e-6
0.0010964781961431969	1.0707794884210907e-6
0.0011015393095413634	1.0757219819739877e-6
0.0011066237839776616	1.0806872890406851e-6
0.0011117317272815869	1.0856755149234247e-6
0.001116863247780514	1.0906867654106582e-6
0.0011220184543019873	1.0957211467792845e-6
0.0011271974561754966	1.1007787657963834e-6
0.0011324003632355445	1.1058597297222114e-6
0.0011376272858234227	1.1109641463119362e-6
0.0011428783347897514	1.1160921238181166e-6
0.0011481536214968807	1.1212437709930476e-6
0.0011534532578210688	1.1264191970908875e-6
0.0011587773561551329	1.131618511870247e-6
0.0011641260294105032	1.1368418255961946e-6
0.001169499391019846	1.1420892490428183e-6
0.001174897554939533	1.1473608934956377e-6
0.0011803206356517382	1.1526568707536506e-6
0.0011857687481671292	1.157977293131962e-6
0.0011912420080273656	1.1633222734642242e-6
0.0011967405313072499	1.1686919251047362e-6
0.0012022644346173922	1.174086361931047e-6
0.0012078138351067635	1.1795056983464488e-6
0.0012133888504649581	1.1849500492821857e-6
0.0012189895989248578	1.1904195302000565e-6
0.001224616199265005	1.1959142570947315e-6
0.001230268770812365	1.2014343464964502e-6
0.001235947433444462	1.2069799154731074e-6
0.0012416523075923919	1.2125510816331952e-6
0.0012473835142429307	1.218147963127862e-6
0.0012531411749414217	1.2237706786537322e-6
0.0012589254117941207	1.229419347455196e-6
0.0012647363474711515	1.2350940893272964e-6
0.0012705741052085329	1.2407950246177079e-6
0.001276438808811356	1.2465222742298398e-6
0.0012823305826559772	1.2522759596249777e-6
0.001288249551693113	1.2580562028253057e-6
0.0012941958414500188	1.263863126416034e-6
0.001300169578033264	1.2696968535481093e-6
0.0013061708881317996	1.2755575079412105e-6
0.0013121998990191924	1.28144521388593e-6
0.0013182567385564281	1.2873600962465118e-6
0.001324341535194673	1.2933022804635479e-6
0.0013304544179780775	1.2992718925567163e-6
0.0013365955165464127	1.3052690591273562e-6
0.0013427649611378462	1.3112939073611779e-6
0.0013489628825916478	1.317346565030906e-6
0.0013551894123509933	1.323427160499017e-6
0.0013614446824659204	1.3295358227206254e-6
0.0013677288255958542	1.3356726812459513e-6
0.0013740419750125077	1.341837866223152e-6
0.0013803842646028658	1.3480315084012361e-6
0.0013867558288718634	1.3542537391326791e-6
0.0013931568029452446	1.3605046903762154e-6
0.0013995873225726013	1.366784494699806e-6
0.0014060475241299136	1.3730932852831188e-6
0.0014125375446227134	1.3794311959206186e-6
0.0014190575216890683	1.3857983610244808e-6
0.0014256075936021767	1.3921949156271257e-6
0.0014321878992735182	1.3986209953842951e-6
0.0014387985782557955	1.4050767365779253e-6
0.0014454397707459182	1.4115622761190608e-6
0.0014521116175877508	1.4180777515505378e-6
0.0014588142602753318	1.4246233010501287e-6
0.001465547840955872	1.4311990634334687e-6
0.00147231250243271	1.4378051781569433e-6
0.0014791083881682127	1.4444417853205202e-6
0.001485935642287009	1.4511090256709073e-6
0.0014927944095789736	1.4578070406044664e-6
0.0014996848355023351	1.4645359721702491e-6
0.001506607066186716	1.4712959630729648e-6
0.001513561248436171	1.4780871566759483e-6
0.0015205475297324772	1.4849096970043723e-6
0.0015275660582380335	1.4917637287480796e-6
0.001534616982799289	1.4986493972649306e-6
0.0015417004529495182	1.5055668485835139e-6
0.0015488166189124714	1.5125162294067103e-6
0.0015559656316050663	1.5194976871143225e-6
0.0015631476426409274	1.5265113697665307e-6
0.001570362804333536	1.5335574261069688e-6
0.0015776112696992833	1.5406360055657064e-6
0.001584893192461051	1.547747258262745e-6
0.0015922087270511254	1.5548913350108646e-6
0.0015995580286146116	1.5620683873189566e-6
0.0016069412530128335	1.5692785673953452e-6
0.0016143585568264701	1.5765220281508497e-6
0.001621810097358914	1.5837989232020644e-6
0.001629296032639685	1.5911094068746923e-6
0.0016368165214277475	1.5984536342067846e-6
0.0016443717232148963	1.6058317609520472e-6
0.0016519617982289625	1.6132439435829712e-6
0.0016595869074375463	1.6206903392944788e-6
0.0016672472125510707	1.628171106006905e-6
0.001674942876026389	1.6356864023695205e-6
0.0016826740610704355	1.6432363877640972e-6
0.001690440931643264	1.650821222307875e-6
0.0016982436524616978	1.6584410668571268e-6
0.0017060823890031052	1.6660960830108449e-6
0.001713957307508382	1.6737864331136542e-6
0.0017218685749859908	1.6815122802597566e-6
0.0017298163592150556	1.6892737882959527e-6
0.0017378008287493446	1.6970711218255318e-6
0.0017458221529205037	1.7049044462114294e-6
0.0017538805018417342	1.7127739275798185e-6
0.0017619760464115952	1.7206797328238235e-6
0.0017701089583173901	1.7286220296068263e-6
0.0017782794100388993	1.7366009863661126e-6
0.0017864875748520165	1.7446167723164223e-6
0.0017947336268325231	1.7526695574536359e-6
0.0018030177408595444	1.7607595125581488e-6
0.0018113400926195872	1.7688868091988156e-6
0.0018197008586099683	1.7770516197362972e-6
0.0018281002161427001	1.7852541173268556e-6
0.0018365383433483207	1.7934944759260944e-6
0.0018450154191794604	1.8017728702924418e-6
0.0018535316234147836	1.8100894759909996e-6
0.001862087136662846	1.8184444693973106e-6
0.0018706821403657592	1.8268380277009367e-6
0.001879316816803242	1.835270328909416e-6
0.0018879913490962713	1.8437415518518275e-6
0.001896705921211106	1.8522518761827206e-6
0.0019054607179632282	1.860801482385965e-6
0.0019142559250210356	1.869390551778355e-6
0.0019230917289101285	1.8780192665137973e-6
0.001931968317016905	1.8866878095868213e-6
0.001940885877592724	1.8953963648366445e-6
0.0019498445997580272	1.9041451169511984e-6
0.001958844673505933	1.9129342514706375e-6
0.00196788628970683	1.921763954791826e-6
0.0019769696401118336	1.9306344141717125e-6
0.001986094917357323	1.9395458177317605e-6
0.0019952623149687987	1.9484983544617175e-6
0.0020044720273651034	1.957492214223734e-6
0.0020137242498623614	1.9665275877562123e-6
0.002023019178678198	1.975604666677928e-6
0.002032357010936181	1.9847236434923643e-6
0.0020417379446694833	1.9938847115912923e-6
0.0020511621788255052	2.0030880652592824e-6
0.00206062991326994	2.012333899677676e-6
0.002070141348790966	2.0216224109286776e-6
0.0020796966871036437	2.030953795999652e-6
0.002089296130853985	2.0403282527870945e-6
0.002098939883623502	2.049745980101076e-6
0.0021086281499331783	2.0592071776691194e-6
0.0021183611352484366	2.0687120461410514e-6
0.0021281390459826355	2.0782607870924175e-6
0.002137962089502163	2.087853603029456e-6
0.0021478304741304882	2.097490697393055e-6
0.0021577444091526177	2.107172274563103e-6
0.0021677041048196455	2.116898539862935e-6
0.002177709772353112	2.126669699563586e-6
0.0021877616239495135	2.1364859608881967e-6
0.0021978598727847576	2.146347532016365e-6
0.0022080047330188535	2.156254622088724e-6
0.0022181964198001447	2.166207441211079e-6
0.002228435149270236	2.1762062004592147e-6
0.002238721138568281	2.186251111883087e-6
0.002249054605835729	2.1963423885114542e-6
0.002259435770220919	2.206480244356366e-6
0.00226986485188381	2.216664894417783e-6
0.0022803420720003686	2.22689655468786e-6
0.002290867652767717	2.2371754421559735e-6
0.0023014418174084617	2.247501774812951e-6
0.0023120647901755664	2.2578757716558266e-6
0.0023227367963570417	2.2682976526924235e-6
0.002333458062280913	2.2787676389462042e-6
0.002344228815319885	2.289285952460825e-6
0.002355049283895974	2.2998528163046622e-6
0.00236591969748573	2.310468454575908e-6
0.00237684028662484	2.3211330924070703e-6
0.0023878112829130993	2.3318469559698235e-6
0.0023988329190194058	2.3426102724798884e-6
0.0024099054286865346	2.353423270201694e-6
0.002421029046736134	2.364286178453256e-6
0.0024322040090737768	2.37519922761111e-6
0.002443430552693915	2.3861626491151512e-6
0.002454708915684986	2.397176675473619e-6
0.0024660393372342715	2.4082415402678433e-6
0.0024774220576332107	2.4193574781574323e-6
0.0024888573182823004	2.430524724885059e-6
0.0025003453616963683	2.4417435172816097e-6
0.0025118864315095274	2.453014093271023e-6
0.0025234807724805186	2.4643366918755065e-6
0.0025351286304978737	2.47571155322058e-6
0.0025468302525849806	2.48713891854002e-6
0.0025585858869056066	2.4986190301812565e-6
0.0025703957827687973	2.5101521316101536e-6
0.002582260190634525	2.5217384674165283e-6
0.0025941793621187537	2.5333782833190954e-6
0.002606153549998824	2.5450718261707268e-6
0.0026181830082189217	2.5568193439637907e-6
0.0026302679918953076	2.5686210858352613e-6
0.0026424087573218846	2.580477302072153e-6
0.002654605561975512	2.592388244116711e-6
0.002666858664521418	2.6043541645716974e-6
0.002679168324818973	2.6163753172060283e-6
0.002691534803926865	2.628451956959829e-6
0.0027039583641087633	2.640584339949964e-6
0.0027164392688390077	2.6527727234755934e-6
0.0027289777828079648	2.665017366023403e-6
0.0027415741719278297	2.677318527273271e-6
0.0027542287033381213	2.689676468103634e-6
0.0027669416454114693	2.702091450597138e-6
0.002779713267759193	2.714563738046087e-6
0.002792543841237269	2.7270935949582704e-6
0.00280543363795166	2.7396812870621678e-6
0.002818382931264393	2.752327081312884e-6
0.0028313919957993344	2.7650312458977875e-6
0.0028444611074478487	2.77779405024204e-6
0.0028575905433749077	2.7906157650145583e-6
0.0028707805820246263	2.803496662133424e-6
0.002884031503126508	2.8164370147719804e-6
0.0028973435877012593	2.829437097364511e-6
0.002910717118066522	2.842497185611838e-6
0.00292415237784327	2.8556175564875682e-6
0.0029376496519614576	2.868798488243611e-6
0.002951209226666293	2.882040260416302e-6
0.002964831389524261	2.8953431538322863e-6
0.002978516429429104	2.9087074506143593e-6
0.002992264636608108	2.9221334341876054e-6
0.003006076302628155	2.9356213892853077e-6
0.0030199517204018977	2.9491716019549783e-6
0.0030338911841941846	2.9627843595646334e-6
0.003047894989627889	2.9764599508084853e-6
0.003061963433690598	2.990198665713475e-6
0.0030760968147406226	3.0040007956451392e-6
0.003090295432513504	3.0178666333139688e-6
0.003104559588128261	3.031796472781505e-6
0.0031188895840938563	3.0457906094666574e-6
0.00313328572431551	3.059849340151866e-6
0.003147748314101237	3.07397296298949e-6
0.0031622776601682584	3.0881617775080657e-6
0.0031768740706496906	3.1024160846188394e-6
0.003191537855100665	3.116736186621744e-6
0.0032062693245053925	3.131122387212298e-6
0.003221068791283338	3.145574991487636e-6
0.003235936569296202	3.1600943059533237e-6
0.003250872973854249	3.1746806385295423e-6
0.0032658783217233006	3.189334298557913e-6
0.0032809529311310925	3.2040555968077105e-6
0.0032960971217744633	3.2188448454828773e-6
0.003311311214825821	3.2337023582283443e-6
0.003326595532939944	3.248628450136668e-6
0.003341950400261043	3.2636234377549297e-6
0.0033573761424294524	3.278687639091268e-6
0.003372873086588568	3.2938213736216557e-6
0.003388441561391925	3.3090249622968106e-6
0.003404081897009928	3.324298727548768e-6
0.0034197944251370127	3.339642993297876e-6
0.0034355794789986543	3.3550580849596374e-6
0.0034514373933584724	3.3705443294516506e-6
0.003467368504525184	3.3861020552003953e-6
0.003483373150360042	3.4017315921485025e-6
0.0034994516702834683	3.4174332717612274e-6
0.0035156044052828544	3.433207427034071e-6
0.0035318316979194575	3.449054392499509e-6
0.003548133892335603	3.4649745042340336e-6
0.0035645113342623325	3.480968099865614e-6
0.0035809643710262573	3.4970355185803938e-6
0.0035974933515573043	3.513177101130256e-6
0.0036140986263960007	3.5293931898399338e-6
0.0036307805477008848	3.54568412861425e-6
0.0036475394692559587	3.5620502629453954e-6
0.003664375746478238	3.5784919399202985e-6
0.003681289736425189	3.595009508227893e-6
0.003698281797802544	3.611603318166746e-6
0.003715352290971599	3.6282737216521844e-6
0.003732501577957112	3.645021072224014e-6
0.0037497300224547253	3.6618457250537607e-6
0.0037670379898389755	3.6787480369524955e-6
0.0037844258471707998	3.6957283663781674e-6
0.0038018939632054743	3.7127870734433513e-6
0.0038194427084003446	3.729924519922801e-6
0.003837072454922666	3.7471410692611024e-6
0.0038547835766575833	3.7644370865804704e-6
0.003872576449216042	3.7818129386884706e-6
0.0038904514499426696	3.799268994085719e-6
0.003908408957923909	3.8168056229738235e-6
0.003926449353995859	3.834423197263039e-6
0.003944573020752656	3.8521220905804575e-6
0.003962780342554262	3.869902678277607e-6
0.003981071705534828	3.887765337438627e-6
0.003999447497610817	3.905710446888194e-6
0.004017908108489232	3.92373838719956e-6
0.004036453929675832	3.941849540702575e-6
0.004055085354483651	3.960044291492008e-6
0.004073802778040939	3.978323025435301e-6
0.004092606597299875	3.996686130181079e-6
0.004111497211044993	4.015133995167377e-6
0.004130475019901353	4.033667011629621e-6
0.004149540426343343	4.05228557260922e-6
0.004168693834703058	4.0709900729617585e-6
0.004187935651178851	4.089780909365337e-6
0.004207266283844074	4.108658480329113e-6
0.004226686142655645	4.1276231862016685e-6
0.004246195639462727	4.1466754291794864e-6
0.004265795188015453	4.165815613315466e-6
0.004285485203973899	4.185044144527692e-6
0.0043052661049165775	4.20436143060773e-6
0.004325138310349433	4.223767881229406e-6
0.004345102241715013	4.243263907957768e-6
0.004365158322400836	4.262849924257262e-6
0.004385306977748943	4.2825263455010465e-6
0.004405548635064552	4.302293588979464e-6
0.0044258837236251375	4.322152073908896e-6
0.004446312674689826	4.342102221440944e-6
0.004466835921508219	4.362144454671046e-6
0.004487453899329696	4.382279198647565e-6
0.004508167045412764	4.402506880380917e-6
0.004528975799034149	4.422827928852459e-6
0.004549880601498149	4.443242775023617e-6
0.0045708818961461145	4.463751851845151e-6
0.0045919801283657025	4.484355594266197e-6
0.004613175745600384	4.50505443924355e-6
0.004634469197359034	4.5258488257510306e-6
0.0046558609352252145	4.546739194788566e-6
0.0046773514128670285	4.567725989391807e-6
0.004698941086046515	4.588809654641308e-6
0.004720630412629545	4.6099906376722e-6
0.004742419852595228	4.631269387683383e-6
0.004764309868045949	4.652646355947327e-6
0.004786300923217107	4.674121995819603e-6
0.004808393484486778	4.695696762748311e-6
0.004830588020385829	4.717371114283975e-6
0.004852885001607729	4.739145510089138e-6
0.004875284901018628	4.7610204119482e-6
0.004897788193667235	4.78299628377709e-6
0.004920395356795032	4.805073591633248e-6
0.0049431068698463365	4.827252803725467e-6
0.00496592321447846	4.849534390423827e-6
0.004988844874572004	4.871918824269766e-6
0.00501187233624098	4.894406579985984e-6
0.005035006087843241	4.91699813448665e-6
0.005058246619990783	4.939693966887482e-6
0.00508159442556011	4.9624945585158976e-6
0.005105049999702821	4.985400392921374e-6
0.005128613839855953	5.008411955885583e-6
0.00515228644575258	5.031529735432772e-6
0.00517606831943257	5.054754221840304e-6
0.005199959965252965	5.078085907648836e-6
0.005223961889898807	5.101525287672926e-6
0.005248074602393932	5.125072859011627e-6
0.005272298614111701	5.148729121059017e-6
0.00529663443878578	5.172494575514773e-6
0.005321082592521217	5.1963697263950625e-6
0.0053456435938052105	5.2203550800431095e-6
0.0053703179635181675	5.2444511451400786e-6
0.00539510622494474	5.268658432715918e-6
0.005420008903785009	5.292977456160378e-6
0.005445026528165434	5.317408731233784e-6
0.005470159628650259	5.341952776078288e-6
0.005495408738252605	5.3666101112287975e-6
0.005520774392445929	5.391381259624292e-6
0.0055462571291751694	5.416266746618837e-6
0.00557185748886832	5.441267099993018e-6
0.0055975760144478665	5.4663828499652675e-6
0.005623413251342191	5.491614529203168e-6
0.005649369747497246	5.51696267283502e-6
0.005675446053388128	5.542427818461352e-6
0.005701642722030775	5.5680105061665365e-6
0.005727960308993585	5.5937112785303756e-6
0.005754399372409319	5.619530680639963e-6
0.005780960472986887	5.64546926010146e-6
0.005807644174023199	5.671527567051953e-6
0.00583445104141514	5.697706154171461e-6
0.005861381643671476	5.724005576694894e-6
0.005888436551925141	5.750426392424405e-6
0.005915616339945015	5.776969161741292e-6
0.00594292158414822	5.803634447618417e-6
0.005970352863612541	5.830422815632794e-6
0.0059979107600882375	5.8573348339776e-6
0.00602559585801081	5.884371073475175e-6
0.006053408744513156	5.9115321075894525e-6
0.0060813500094379636	5.9388185124386725e-6
0.006109420245350383	5.966230866808403e-6
0.0061376200475504045	5.993769752164336e-6
0.0061659500140855	6.0214357526653805e-6
0.006194410745763351	6.049229455176904e-6
0.0062230028461645465	6.077151449283999e-6
0.006251726921655265	6.105202327304804e-6
0.0062805835814001565	6.133382684304077e-6
0.006309573437375315	6.161693118106944e-6
0.006338697104380994	6.190134229312455e-6
0.006367955200054912	6.218706621307814e-6
0.006397348344885062	6.247410900282204e-6
0.0064268771622229826	6.276247675241156e-6
0.006456542278296742	6.305217558020734e-6
0.006486344322224363	6.33432116330226e-6
0.006516283926027072	6.363559108626975e-6
0.006546361724642472	6.392932014410745e-6
0.006576578355938223	6.422440503959381e-6
0.006606934460725175	6.4520852034835705e-6
0.00663743068277127	6.4818667421146844e-6
0.006668067668814712	6.511785751920033e-6
0.006698846068577874	6.541842867918987e-6
0.006729766534780912	6.572038728098992e-6
0.006760829723155476	6.602373973431839e-6
0.006792036292458489	6.632849247890208e-6
0.006823386904486098	6.663465198464557e-6
0.006854882224087533	6.69422247518015e-6
0.006886522919179017	6.72512173111434e-6
0.006918309660757974	6.756163622414389e-6
0.006950243122916894	6.787348808315188e-6
0.006982323982857586	6.818677951157626e-6
0.007014552920905359	6.850151716407167e-6
0.007046930620523334	6.881770772672824e-6
0.00707945776832658	6.913535791726292e-6
0.00711213505409658	6.945447448521706e-6
0.0071449631707956734	6.97750642121573e-6
0.0071779428145814644	7.009713391187954e-6
0.007211074684821364	7.042069043061812e-6
0.00724435948410708	7.074574064725832e-6
0.007277797918269324	7.107229147355523e-6
0.007311390696392528	7.140034985435697e-6
0.007345138530829326	7.1729922767830355e-6
0.00737904213721563	7.206101722569704e-6
0.007413102234485228	7.239364027347014e-6
0.007447319544884742	7.272779899069961e-6
0.007481694793988483	7.306350049122222e-6
0.007516228710713474	7.3400751923419074e-6
0.007550922027334386	7.373956047047828e-6
0.00758577547949861	7.407993335066543e-6
0.007620789806241354	7.4421877817600995e-6
0.007655965750000743	7.476540116054485e-6
0.007691304056632944	7.51105107046884e-6
0.007726805475427478	7.545721381145606e-6
0.007762470759122356	7.580551787881329e-6
0.007798300663919372	7.615543034158452e-6
0.007834295949499442	7.650695867178014e-6
0.007870457379037937	7.686011037893287e-6
0.00790678571922003	7.721489301044368e-6
0.007943281740256061	7.757131415193796e-6
0.007979946215897038	7.792938142763346e-6
0.008016779923449943	7.828910250071715e-6
0.008053783643793333	7.86504850737364e-6
0.008090958161392797	7.901353688900053e-6
0.008128304264316363	7.93782657289942e-6
0.008165822744250081	7.97446794168054e-6
0.008203514396513525	8.011278581656585e-6
0.008241380020075337	8.048259283390599e-6
0.008279420417568767	8.085410841642407e-6
0.008317636395307068	8.12273405541691e-6
0.008356028763299342	8.160229728014367e-6
0.008394598335265721	8.19789866708167e-6
0.008433345928653108	8.23574168466582e-6
0.008472272364650521	8.27375959726881e-6
0.008511378468204808	8.311953225904648e-6
0.00855066506803595	8.350323396157882e-6
0.00859013299665251	8.388870938244223e-6
0.008629783090367063	8.427596687073163e-6
0.008669616189311696	8.466501482312799e-6
0.008709633137453182	8.50558616845645e-6
0.00874983478260842	8.54485159489186e-6
0.008790221976459608	8.58429861597242e-6
0.00883079557456945	8.623928091090869e-6
0.008871556436396477	8.663740884755588e-6
0.008912505425309775	8.70373786666891e-6
0.008953643408604384	8.743919911808751e-6
0.008994971257515985	8.7842879005123e-6
0.00903648984723579	8.82484271856276e-6
0.009078200056925473	8.865585257279094e-6
0.009120102769731561	8.90651641360826e-6
0.009162198872800342	8.947637090221088e-6
0.00920448925729199	8.988948195610632e-6
0.00924697481839519	9.030450644194377e-6
0.009289656455341147	9.072145356419218e-6
0.009332535071417875	9.114033258870334e-6
0.009375611573983894	9.156115284383068e-6
0.009418886874482363	9.198392372159051e-6
0.009462361888454368	9.240865467885316e-6
0.009506037535552736	9.283535523857966e-6
0.009549914739555146	9.326403499109208e-6
0.009593994428377176	9.369470359538561e-6
0.009638277534085513	9.412737078048552e-6
0.009682764992910431	9.456204634684154e-6
0.009727457745258336	9.49987401677685e-6
0.009772356735724269	9.543746219093365e-6
0.009817462913103661	9.58782224398849e-6
0.009862777230404296	9.632103101563042e-6
0.009908300644857843	9.676589809826513e-6
0.00995403411793118	9.721283394864684e-6
0.009999978615337385	9.766184891012276e-6
0.01004613510704623	9.811295341030586e-6
0.010092504567294977	9.856615796291004e-6
0.010139087974598088	9.902147316963239e-6
0.010185886311757292	9.947890972209746e-6
0.010232900565870687	9.99384784038524e-6
0.010280131728341982	1.0040019009242496e-5
0.010327580794889227	1.0086405576143936e-5
0.01037524876555286	1.0133008648279014e-5
0.010423136644703776	1.0179829342888158e-5
0.010471245441050867	1.0226868787492965e-5
0.010519576167647787	1.0274128120132469e-5
0.010568129841899754	1.032160848960646e-5
0.010616907485569552	1.0369311055725211e-5
0.010665910124783365	1.0417236989566306e-5
0.010715138790035647	1.0465387473737998e-5
0.010764594516193896	1.0513763702650055e-5
0.010814278342502814	1.0562366882791782e-5
0.010864191312587687	1.0611198233017126e-5
0.010914334474457457	1.0660258984837576e-5
0.010964708880507143	1.0709550382722574e-5
0.011015315587519545	1.0759073684407583e-5
0.011066155656666396	1.08088301612101e-5
0.011117230153508975	1.0858821098353775e-5
0.011168540147997896	1.0909047795300517e-5
0.011220086714472194	1.0959511566090824e-5
0.011271870931657962	1.1010213739692762e-5
0.011323893882665956	1.1061155660359175e-5
0.01137615665498859	1.1112338687993644e-5
0.011428660340496263	1.1163764198525327e-5
0.011481406035432712	1.1215433584292495e-5
0.011534394840409634	1.1267348254435175e-5
0.011587627860400476	1.1319509635296906e-5
0.011641106204733423	1.137191917083583e-5
0.011694830987083474	1.1424578323045077e-5
0.011748803325463478	1.1477488572382552e-5
0.011803024342214488	1.1530651418210534e-5
0.011857495163994952	1.158406837924479e-5
0.011912216921769123	1.1637740994013702e-5
0.011967190750794346	1.1691670821327217e-5
0.012022417790607295	1.1745859440755805e-5
0.012077899185009275	1.1800308453119694e-5
0.012133636082050425	1.1855019480988331e-5
0.012189629634012683	1.1909994169190038e-5
0.012245880997391975	1.196523418533252e-5
0.012302391332878818	1.2020741220333438e-5
0.012359161805338026	1.2076516988961955e-5
0.012416193583787274	1.2132563230391058e-5
0.012473487841374184	1.2188881708760478e-5
0.012531045755352313	1.224547421375067e-5
0.012588868507055984	1.2302342561167958e-5
0.012646957281873553	1.2359488593540475e-5
0.012705313269219476	1.2416914180725443e-5
0.012763937662505123	1.2474621220527789e-5
0.012822831659108039	1.2532611639329933e-5
0.01288199646033987	1.259088739273306e-5
0.01294143327141277	1.2649450466209783e-5
0.013001143301404644	1.270830287576863e-5
0.013061127763222352	1.2767446668629643e-5
0.01312138787356397	1.282688392391216e-5
0.01318192485287914	1.2886616753334034e-5
0.013242739925328081	1.294664730192281e-5
0.013303834318738578	1.3006977748738389e-5
0.013365209264561972	1.3067610307608184e-5
0.01342686599782697	1.3128547227873696e-5
0.01348880575709202	1.318979079514938e-5
0.013551029784395902	1.3251343332093432e-5
0.013613539325206578	1.3313207199190684e-5
0.013676335628368494	1.337538479554784e-5
0.013739419946047438	1.3437878559700237e-5
0.013802793533674584	1.3500690970431799e-5
0.013866457649887809	1.3563824547606346e-5
0.013930413556471483	1.3627281853011559e-5
0.013994662518294537	1.369106549121537e-5
0.01405920580324628	1.3755178110434409e-5
0.01412404468217042	1.381962240341493e-5
0.014189180428797216	1.388440110832627e-5
0.014254614319673273	1.3949517009666342e-5
0.014320347634089917	1.401497293918017e-5
0.014386381654008809	1.4080771776790202e-5
0.014452717663986037	1.4146916451539663e-5
0.014519356951093812	1.4213409942548085e-5
0.01458630080484026	1.428025527997962e-5
0.014653550517086722	1.4347455546023557e-5
0.014721107381963416	1.4415013875887937e-5
0.014788972695782193	1.4482933458805035e-5
0.01485714775694788	1.4551217539050292e-5
0.014925633865866816	1.4619869416973284e-5
0.014994432324853216	1.4688892450041452e-5
0.015063544438033483	1.4758290053896732e-5
0.015132971511248039	1.4828065703424724e-5
0.015202714851950808	1.4898222933836554e-5
0.015272775769106628	1.4968765341763768e-5
0.015343155573085868	1.503969658636557e-5
0.015413855575557106	1.5111020390449328e-5
0.01548487708937707	1.518274054160359e-5
0.015556221428478442	1.5254860893344244e-5
0.015627889907755085	1.5327385366273476e-5
0.01569988384294478	1.5400317949251635e-5
0.015772204550509664	1.547366270058229e-5
0.015844853347514135	1.5547423749210257e-5
0.015917831551500172	1.562160529593267e-5
0.015991140480360252	1.569621161462331e-5
0.0160647814522078	1.57712470534702e-5
0.016138755785245013	1.5846716036226416e-5
0.016213064797628157	1.592262306347425e-5
0.016287709807330505	1.5998972713903018e-5
0.016362692132002393	1.6075769645600057e-5
0.016438013088828973	1.615301859735559e-5
0.01651367399438544	1.6230724389981364e-5
0.01658967616448931	1.630889192764268e-5
0.016666020914050672	1.6387526199204937e-5
0.016742709556919408	1.6466632279593714e-5
0.016819743405729906	1.6546215331169142e-5
0.016897123771743405	1.6626280605114722e-5
0.01697485196468755	1.6706833442840403e-5
0.01705292929259325	1.6787879277400097e-5
0.017131357061629326	1.686942363492433e-5
0.017210136575934107	1.6951472136067287e-5
0.017289269137444788	1.7034030497469296e-5
0.017368756045723965	1.7117104533234268e-5
0.01744859859778372	1.7200700156422763e-5
0.01752879808790707	1.7284823380560604e-5
0.017609355807466767	1.7369480321163258e-5
0.01769027304474184	1.7454677197276614e-5
0.01777155108473097	1.7540420333033423e-5
0.017853191208964017	1.762671615922708e-5
0.017935194695310533	1.771357121490162e-5
0.0180175628177858	1.7800992148958973e-5
0.01810029684635457	1.788898572178371e-5
0.018183398046732094	1.7977558806885284e-5
0.01826686768018264	1.8066718392558233e-5
0.01835070700331566	1.8156471583560756e-5
0.018434917267879533	1.8246825602811964e-5
0.018519499720552626	1.8337787793107886e-5
0.018604455602732134	1.842936561885698e-5
0.01868978615032041	1.852156666783527e-5
0.018775492593509066	1.861439865296172e-5
0.018861576156560464	1.870786941409392e-5
0.018948038057587033	1.8801986919844776e-5
0.01903487950832833	1.889675926942074e-5
0.01912210171392552	1.89921946944815e-5
0.019209705872693994	1.9088301561022367e-5
0.01929769317589336	1.9185088371279072e-5
0.019386064807495496	1.928256376565612e-5
0.019474821943950338	1.9380736524678805e-5
0.01956396575394942	1.9479615570969524e-5
0.019653497398187475	1.9579209971249094e-5
0.01974341802912187	1.9679528938363502e-5
0.019833728790729838	1.978058183333651e-5
0.019924430818264047	1.988237816744925e-5
0.020015525238005802	1.9984927604346772e-5
0.020107013167016602	2.0088239962172757e-5
0.020198895712887577	2.019232521573259e-5
0.020291173973487273	2.029719349868598e-5
0.020383849036707452	2.040285510576929e-5
0.020476921980207105	2.0509320495048645e-5
0.020570393871154807	2.0616600290204487e-5
0.020664265765969483	2.0724705282848447e-5
0.020758538710059116	2.0833646434872786e-5
0.020853213737558426	2.0943434880834214e-5
0.020948291871064402	2.105408193037163e-5
0.021043774121370887	2.1165599070659993e-5
0.02113966148720111	2.127799796889981e-5
0.02123595495493942	2.139129047484447e-5
0.02133265549836119	2.150548862336525e-5
0.021429764078361495	2.1620604637055372e-5
0.021527281642682798	2.1736650928874387e-5
0.02162520912564115	2.1853640104833202e-5
0.021723547447851273	2.1971584966721147e-5
0.021822297515950648	2.20904985148761e-5
0.02192146022232258	2.221039395099873e-5
0.022021036444818128	2.2331284681011607e-5
0.022121027046477157	2.245318431796468e-5
0.022221432875248734	2.257610668498826e-5
0.022322254763710234	2.2700065818293933e-5
0.0224234935287864	2.282507597022596e-5
0.022525149971467	2.2951151612362673e-5
0.022627224876524146	2.3078307438670365e-5
0.02272971901222942	2.320655836871075e-5
0.022832633130069786	2.3335919550902402e-5
0.02293596796446354	2.3466406365838564e-5
0.023039724232475828	2.3598034429662107e-5
0.02314390263353367	2.3730819597498896e-5
0.023248503849141018	2.386477796695152e-5
0.023353528542593302	2.3999925881653964e-5
0.023458977358692075	2.4136279934889458e-5
0.023564850923459703	2.427385697327271e-5
0.023671149843853656	2.4412674100497528e-5
0.023777874707481474	2.4552748681152523e-5
0.023885026082315332	2.4694098344605067e-5
0.023992604516407202	2.4836740988956318e-5
0.024100610537604192	2.4980694785068215e-5
0.024209044653264088	2.5125978180664287e-5
0.024317907349971635	2.5272609904506227e-5
0.024427199093255053	2.5420608970647615e-5
0.024536920327303292	2.5569994682766805e-5
0.02464707147468384	2.57207866385807e-5
0.024757652936061164	2.58730047343411e-5
0.02486866508991626	2.6026669169416084e-5
0.024980108292266656	2.6181800450957486e-5
0.025091982876387538	2.6338419398657084e-5
0.0252042891525339	2.6496547149593328e-5
0.025317027407663728	2.6656205163170636e-5
0.02543019790516237	2.6817415226153273e-5
0.025543800884567897	2.6980199457795863e-5
0.02565783656129802	2.714458031507305e-5
0.02577230512637836	2.731058059801032e-5
0.025887206746171842	2.7478223455117914e-5
0.02600254156211001	2.7647532388930902e-5
0.02611830969042555	2.7818531261656907e-5
0.026234511221886678	2.7991244300934524e-5
0.02635114622153316	2.8165696105704595e-5
0.02646821472841413	2.8341911652196884e-5
0.026585716755327844	2.8519916300034816e-5
0.026703652288563112	2.8699735798460478e-5
0.02682202128764314	2.8881396292683338e-5
0.026940823685071016	2.9064924330354426e-5
0.027060059386077695	2.9250346868169624e-5
0.027179728268371943	2.9437691278604244e-5
0.02729983018189263	2.9626985356782056e-5
0.0274203649485635	2.981825732748194e-5
0.027541332362050183	3.0011535852284658e-5
0.027662732187519787	3.0206850036863284e-5
0.027784564161403104	3.0404229438420275e-5
0.027906827991159233	3.060370407327414e-5
0.02802952335504314	3.080530442459953e-5
0.02815264990187588	3.10090614503237e-5
0.028276207250817496	3.1215006591182636e-5
0.028400194991143178	3.142317177894108e-5
0.02852461268202186	3.163358944477887e-5
0.02864945985229842	3.184629252784854e-5
0.02877473600027842	3.206131448400674e-5
0.028900440593516402	3.227868929472423e-5
0.029026573068607217	3.249845147617777e-5
0.02915313283098052	3.272063608852792e-5
0.029280119254698943	3.2945278745387365e-5
0.02940753168225929	3.317241562348318e-5
0.029535369424397384	3.34020834725178e-5
0.02966363175989644	3.363431962523303e-5
0.029792317935398868	3.386916200768116e-5
0.029921427165221948	3.410664914970836e-5
0.030050958631176926	3.434682019565438e-5
0.030180911482392006	3.458971491527377e-5
0.030311284835139223	3.483537371488346e-5
0.030442077772664868	3.508383764874123e-5
0.0305732893450242	3.533514843066092e-5
0.030704918568919812	3.5589348445868995e-5
0.030836964427544272	3.584648076310812e-5
0.030969425870426504	3.6106589146993014e-5
0.031102301813282628	3.6369718070624456e-5
0.031235591137870722	3.663591272846688e-5
0.03136929269184994	3.6905219049495705e-5
0.0315034052886437	3.7177683710619994e-5
0.031637927707307535	3.7453354150387404e-5
0.03177285869240079	3.773227858297639e-5
0.03190819695386315	3.8014506012483575e-5
0.03204394116689539	3.8300086247511956e-5
0.03218008997184472	3.858906991606693e-5
0.032316641974094465	3.888150848076712e-5
0.032453595743958466	3.917745425437697e-5
0.03259094981658016	3.9476960415668766e-5
0.03272870269183591	3.9780081025620704e-5
0.032866852834243544	4.00868710439596e-5
0.03300539867287522	4.039738634605547e-5
0.03314433860127507	4.0711683740175674e-5
0.033283670977381816	4.1029820985107916e-5
0.03342339412345606	4.1351856808159244e-5
0.03356350632601236	4.16778509235404e-5
0.03370400583575634	4.200786405114426e-5
0.033844890867526546	4.2341957935727046e-5
0.03398615960024133	4.268019536650202e-5
0.03412781017685065	4.302264019715475e-5
0.034269840704292856	4.3369357366290034e-5
0.03441224925345645	4.3720412918320136e-5
0.034555033859146995	4.4075874024804775e-5
0.034698192520058846	4.443580900625313e-5
0.03484172319875221	4.4800287354399015e-5
0.03498562382163513	4.5169379754959616e-5
0.03512989227895064	4.5543158110889786e-5
0.03527452642476905	4.592169556614276e-5
0.0354195240769853	4.6305066529949855e-5
0.03556488301732162	4.669334670163083e-5
0.0357106009913352	4.708661309594756e-5
0.03585667570843122	4.748494406901417e-5
0.03600310484188088	4.788841934477589e-5
0.03614988602884483	4.829712004207135e-5
0.03629701687040161	4.871112870229081e-5
0.036444494931581625	4.913052931764584e-5
0.036592317741406005	4.955540736006394e-5
0.03674048279293093	4.998584981072341e-5
0.03688898754329708	5.0421945190244036e-5
0.037037829413784515	5.0863783589549154e-5
0.03718700578987254	5.1311456701414815e-5
0.03733651402130507	5.176505785272359e-5
0.03748635142216106	5.22246820374386e-5
0.037636515270930315	5.269042595031682e-5
0.0377870028105945	5.3162388021378093e-5
0.03793781124871336	5.36406684511493e-5
0.03808893775751631	5.412536924670219e-5
0.038240379473999095	5.461659425850359e-5
0.03839213350002581	5.511444921809917e-5
0.038544196902436045	5.561904177665002e-5
0.038696566713157396	5.613048154434363e-5
0.03884923992932303	5.664888013070065e-5
0.039002213513394494	5.717435118579907e-5
0.03915548439328974	5.770701044243942e-5
0.039309049462516295	5.8246975759273474e-5
0.03946290558030962	5.879436716492068e-5
0.03961704957177659	5.9349306903097185e-5
0.039771478228044096	5.991191947878189e-5
0.03992618830641274	6.048233170544628e-5
0.040081176530515704	6.106067275337447e-5
0.04023643959048261	6.164707419910038e-5
0.04039197414310856	6.22416700759908e-5
0.04054777681202798	6.284459692600248e-5
0.04070384418789375	6.345599385264358e-5
0.040860172828561164	6.407600257516976e-5
0.04101675925927686	6.470476748404571e-5
0.04117359997287285	6.534243569770563e-5
0.04133069142996525	6.598915712064363e-5
0.04148803005915809	6.664508450287042e-5
0.0416456122572518	6.731037350076912e-5
0.041803434389456856	6.798518273938792e-5
0.0419614927896119	6.866967387620504e-5
0.04211978376040681	6.936401166640448e-5
0.0422783035736105	7.006836402970188e-5
0.042437048470303496	7.078290211876023e-5
0.042596014661115046	7.150780038923628e-5
0.0427551983264652	7.224323667150163e-5
0.04291459561681109	7.298939224407904e-5
0.04307420265289815	7.374645190884239e-5
0.04323401552601579	7.451460406802353e-5
0.043394030298257516	7.529404080307506e-5
0.043554243002785716	7.608495795543709e-5
0.04371464964410066	7.688755520925762e-5
0.043875246198314115	7.770203617611963e-5
0.04403602861342723	7.85286084818261e-5
0.04419699280961286	7.936748385529924e-5
0.044358134679502136	8.021887821964853e-5
0.044519450088475146	8.108301178546596e-5
0.04468093487495612	8.196010914640809e-5
0.04484258485071263	8.285039937712615e-5
0.04500439580115891	8.375411613360594e-5
0.04516636348566337	8.467149775598412e-5
0.04532848363786009	8.560278737390503e-5
0.045490751965964284	8.654823301448939e-5
0.045653164153091945	8.750808771298323e-5
0.04581571585758308	8.848260962616041e-5
0.04597840271332922	8.947206214855406e-5
0.04614122033010438	9.047671403159248e-5
0.04630416429390008	9.149683950572053e-5
0.046467230167264	9.253271840558594e-5
0.04663041348964235	9.358463629837669e-5
0.04679370977772597	9.465288461539445e-5
0.04695711452579985	9.573776078695261e-5
0.04712062320609635	9.683956838069297e-5
0.047284231269152016	9.795861724341278e-5
0.04744793414416762	9.909522364650085e-5
0.04761172723937185	1.002497104350828e-4
0.0477756059423882	1.0142240718097774e-4
0.047939565620605286	1.0261365033957351e-4
0.04810360162155038	1.038237834107297e-4
0.04826770927326617	1.0505315710382071e-4
0.04843188388469077	1.063021295070362e-4
0.04859612074604067	1.0757106626105637e-4
0.04876041512919703	1.0886034073722856e-4
0.0489247622880947	1.1017033422036893e-4
0.04908915745911438	1.1150143609632308e-4
0.04925359586147785	1.1285404404441887e-4
0.049418072697645664	1.1422856423495043e-4
0.04958258315371804	1.1562541153183761e-4
0.04974712239983837	1.1704500970060925e-4
0.04991168559059942	1.1848779162186003e-4
0.05007626786545239	1.1995419951034168e-4
0.05024086434911821	1.2144468513984633e-4
0.050405470152001836	1.2295971007405298e-4
0.050570080370608804	1.2449974590350642e-4
0.050734690087964295	1.260652744889078e-4
0.05089929437403468	1.27656788210899e-4
0.051063888286151334	1.2927479022652942e-4
0.051228466869436766	1.3091979473260133e-4
0.05139302515723311	1.325923272360938e-4
0.05155755817153279	1.342929248318715e-4
0.05172206092341123	1.3602213648789506e-4
0.05188652841346181	1.3778052333814888e-4
0.052050955632232714	1.3956865898351865e-4
0.052215337560666014	1.4138712980085133e-4
0.052379669170538476	1.4323653526043866e-4
0.05254394542490447	1.4511748825217754e-4
0.05270816127854043	1.4703061542066027e-4
0.052872311678391515	1.4897655750946686e-4
0.053036391564019666	1.509559697149298e-4
0.053200395868053495	1.5296952204965644e-4
0.053364319516639926	1.5501789971610375e-4
0.05352815742989721	1.571018034905034e-4
0.05369190452236964	1.5922195011745392e-4
0.0538555557034837	1.613790727155007e-4
0.05401910587800567	1.6357392119403422e-4
0.05418254994650068	1.6580726268185592e-4
0.05434588280579292	1.680798819677591e-4
0.0545090993494274	1.703925819534988e-4
0.05467219446813272	1.727461841195243e-4
0.05483516305028517	1.7514152900386791e-4
0.054997999982374014	1.775794766945945e-4
0.05516070014946762	1.800609073362245e-4
0.05532325843568092	1.8258672165056926e-4
0.05548566972464375	1.8515784147241904e-4
0.05564792889997	1.8777521030054453e-4
0.05581003084572797	1.9043979386449103e-4
0.05597197044691129	1.9315258070765198e-4
0.0561337425899107	1.9591458278713566e-4
0.05629534216298671	1.987268360909457e-4
0.05645676405674284	2.015904012730235e-4
0.05661800316459958	2.0450636430670858e-4
0.05677905438326884	2.074758371571995e-4
0.05693991261322915	2.1049995847361951e-4
0.05710057275920117	2.135798943012995e-4
0.05726102973062383	2.1671683881492826e-4
0.05742127844213084	2.19912015073228e-4
0.057581313814027424	2.2316667579584163e-4
0.05774113077276763	2.2648210416314848e-4
0.05790072425143171	2.2985961463973208e-4
0.05806008919020381	2.3330055382226914e-4
0.05821922053684994	2.368063013126222e-4
0.058378113247195794	2.403782706169457e-4
0.05853676228560501	2.440179100716524e-4
0.058695162625457216	2.47726703797108e-4
0.0588533092496262	2.5150617267995565e-4
0.05901119715095805	2.553578753850025e-4
0.05916882133274907	2.592834093976326e-4
0.059326176809223675	2.6328441209774717e-4
0.059483258606012085	2.6736256186626585e-4
0.05964006176062773	2.7151957922525854e-4
0.05979658132294452	2.7575722801281925e-4
0.05995281235567358	2.800773165938241e-4
0.060108749934839806	2.8448169910777e-4
0.06026438915025793	2.8897227675491924e-4
0.060419725106008154	2.9355099912202514e-4
0.06057475292091127	2.982198655489669e-4
0.060729467729003284	3.029809265376468e-4
0.06088386468000928	3.0783628520458155e-4
0.061037938939816946	3.1278809877865056e-4
0.0611916856909491	3.1783858014551824e-4
0.061345100133035825	3.229899994403128e-4
0.06149817748328546	3.2824468569019174e-4
0.0616509129769551	3.336050285084857e-4
0.06180330186782004	3.39073479842181e-4
0.06195533942864247	3.4465255577454957e-4
0.06210702095163907	3.503448383848281e-4
0.06225834174894772	3.561529776668762e-4
0.06240929715309305	3.6207969350886434e-4
0.0625598825174511	3.681277777360812e-4
0.06271009321671263	3.7430009621903707e-4
0.06285992464734551	3.8059959104913386e-4
0.06300937222805554	3.8702928278422724e-4
0.06315843140024638	3.9359227276653354e-4
0.0633070976284779	4.002917455153861e-4
0.06345536640092327	4.0713097119746545e-4
0.0636032332298247	4.1411330817721717e-4
0.0637506936519476	4.2124220565026527e-4
0.06389774322903334	4.285212063627593e-4
0.06404437754825043	4.359539494196719e-4
0.06419059222264409	4.4354417318520227e-4
0.06433638289158429	4.5129571827855913e-4
0.06448174522121186	4.5921253066849414e-4
0.06462667490488319	4.6729866487013117e-4
0.06477116766361282	4.7555828724773336e-4
0.0649152192465145	4.839956794272005e-4
0.06505882543124009	4.926152418222568e-4
0.06520198202441674	5.014214972783916e-4
0.06534468486208202	5.104190948388388e-4
0.06548692981011689	5.196128136369854e-4
0.06562871276467686	5.290075669198131e-4
0.06577002965262081	5.38608406207127e-4
0.06591087643193765	5.484205255915276e-4
0.06605124909217075	5.584492661842773e-4
0.06619114365484027	5.687001207124004e-4
0.06633055617386276	5.791787382725717e-4
0.06646948273596887	5.898909292475919e-4
0.06660791946111805	6.008426703914097e-4
0.06674586250291133	6.120401100889836e-4
0.06688330804900101	6.234895737974343e-4
0.0670202523214982	6.351975696752552e-4
0.06715669157737737	6.471707944065899e-4
0.06729262210887833	6.5941613922787e-4
0.06742804024390542	6.719406961644184e-4
0.06756294234642377	6.84751764484888e-4
0.06769732481685292	6.978568573817693e-4
0.06783118409245718	7.112637088865144e-4
0.06796451664773315	7.249802810281187e-4
0.06809731899479417	7.390147712444872e-4
0.06822958768375166	7.533756200561498e-4
0.06836131930309317	7.680715190123689e-4
0.06849251048005733	7.831114189200735e-4
0.06862315788100536	7.985045383664479e-4
0.06875325821178926	8.142603725465217e-4
0.06888280821811665	8.303887024074857e-4
0.06901180468591198	8.468996041220095e-4
0.06914024444167427	8.638034589033302e-4
0.06926812435283122	8.811109631753633e-4
0.06939544132808957	8.988331391117311e-4
0.0695221923177818	9.169813455580911e-4
0.06964837431420895	9.355672893528071e-4
0.06977398435197962	9.546030370616146e-4
0.06989901950834489	9.741010271425827e-4
0.07002347690352939	9.940740825583932e-4
0.07014735370105818	0.00101453542385362
0.07027064710807947	0.0010354986827155247
0.07039335437568321	0.0010569779160375869
0.07051547279921529	0.0010789876205058349
0.07063699971858738	0.0011015427477289515
0.07075793251858246	0.001124658719933923
0.0708782686291557	0.0011483514462500505
0.07099800552573084	0.0011726373396050037
0.07111714072949189	0.0011975333342577523
0.07123567180767022	0.001223056903994124
0.07135359637382667	0.0012492260810120475
0.07147091208812897	0.0012760594755245186
0.07158761665762411	0.0013035762961096892
0.07170370783650583	0.0013317963708387123
0.07181918342637683	0.0013607401692133068
0.071934041276506	0.00139042882494643
0.07204827928408042	0.001420884159620932
0.07216189539445186	0.0014521287072625346
0.07227488760137811	0.0014841857398651937
0.07238725394725876	0.0015170792939085064
0.07249899252336545	0.0015508341979086004
0.07261010147006654	0.0015854761010458557
0.07272057897704609	0.0016210315029146557
0.07283042328351706	0.0016575277844424825
0.0729396326784287	0.0016949932400277142
0.07304820550066804	0.0017334571109477613
0.07315614013925534	0.0017729496200915506
0.07326343503353358	0.0018135020080726262
0.07337008867335176	0.0018551465707820555
0.07347609959924191	0.0018979166984425333
0.07358146640259002	0.0019418469162283934
0.07368618772580038	0.0019869729265187897
0.07379026226245364	0.0020333316528546573
0.07389368875745835	0.0020809612856732104
0.07399646600719581	0.002129901329897109
0.0740985928596584	0.0021801926544591068
0.07420006821458115	0.002231877543846682
0.07430089102356638	0.002284999751754994
0.07440106029020166	0.002339604556940879
0.07450057507017072	0.0023957388213746407
0.07459943447135733	0.002453451050791172
0.0746976376539422	0.0025127914577465424
0.07479518383049259	0.002573812027291434
0.07489207226604477	0.0026365665853776902
0.07498830227817924	0.002701110870120159
0.07508387323708843	0.0027675026060416832
0.07517878456563722	0.002835801581434969
0.07527303573941571	0.002906069728981834
0.07536662628678466	0.002978371209776846
0.07545955578891309	0.003052772500909364
0.07555182387980847	0.0031293424867657625
0.07564343024633895	0.003208152554220965
0.07573437462824786	0.003289276691896991
0.07582465681816042	0.003372791593674834
0.0759142766615824	0.0034587767666546345
0.07600323405689101	0.003547314643769408
0.0760915289553175	0.003638490701266838
0.07617916136092195	0.003732393581284822
0.0762661313305598	0.003829115219757138
0.07635243897384016	0.003928750979897679
0.07643808445307597	0.004031399791523623
0.07652306798322596	0.004137164296491112
0.07660738983182806	0.0042461510005305245
0.07669105031892476	0.0043584704317829156
0.07677404981697977	0.00447423730635407
0.07685638875078649	0.004593570701218774
0.0769380675973678	0.0047165942348245055
0.07701908688586759	0.004843436255761377
0.0770994471974334	0.004974230039884
0.07717914916509086	0.005109113996290088
0.07725819347360922	0.0052482318825817055
0.07733658085935852	0.00539173302985674
0.07741431211015781	0.005539772577900582
0.07749138806511499	0.005692511721073024
0.07756780961445779	0.0058501179654102614
0.07764357769935601	0.006012765397488881
0.07771869331173518	0.006180634965627269
0.07779315749408136	0.006353914774029456
0.07786697133923724	0.006532800390508336
0.0779401359901895	0.006717495168457789
0.0780126526398473	0.006908210583779733
0.07808452253081227	0.007105166587507077
0.07815574695513942	0.007308591974904898
0.07822632725408951	0.007518724771871999
0.07829626481787261	0.007735812639509022
0.0783655610853829	0.007960113297765383
0.07843421754392475	0.008191894969126236
0.07850223572893018	0.008431436843351061
0.07856961722366747	0.008679029564331399
0.07863636365894117	0.008934975740190426
0.0787024767127835	0.009199590477810124
0.07876795811013712	0.009473201943033553
0.0788328096225292	0.009756151947859051
0.07889703306773707	0.010048796566014626
