0.001	1.5988355757792888e-5
0.0010046157902783945	1.593775375833971e-5
0.0010092528860766844	1.6155993661400703e-5
0.0010139113857366789	1.6105408522175248e-5
0.001018591388054117	1.605525240379953e-5
0.0010232929922807535	1.636251628272677e-5
0.0010280162981264724	1.6311832940844573e-5
0.001032761405761397	1.653305884651218e-5
0.0010375284158180116	1.6482395437893404e-5
0.0010423174293933035	1.6432158343660223e-5
0.0010471285480508985	1.6654231379720485e-5
0.0010519618738232214	1.669262334805516e-5
0.0010568175092136574	1.6916876024726526e-5
0.001061695557198723	1.6866140434413445e-5
0.001066596121230257	1.6815828533476684e-5
0.0010715193052376049	1.7040951240561793e-5
0.0010764652136298328	1.699066223422977e-5
0.0010814339512979364	1.7307555463900342e-5
0.0010864256236170634	1.7256753954221045e-5
0.0010914403364487549	1.7485361104720652e-5
0.0010964781961431828	1.7434587528162084e-5
0.0011015393095414122	1.7384233368827113e-5
0.0011066237839776642	1.7613744302593736e-5
0.0011117317272815886	1.765434817665444e-5
0.001116863247780559	1.7886082872942986e-5
0.0011220184543019607	1.783525317028032e-5
0.001127197456175507	1.806829915895323e-5
0.0011324003632355543	1.8017502412229743e-5
0.0011376272858234274	1.796712099228099e-5
0.001142878334789769	1.820110498978833e-5
0.0011481536214968794	1.8150756571364152e-5
0.0011534532578210883	1.8479297008577265e-5
0.0011587773561551227	1.8428454318547803e-5
0.0011641260294104872	1.8666025149611483e-5
0.0011694993910198676	1.8615220618237495e-5
0.0011748975549395256	1.856482749871181e-5
0.001180320635651725	1.8803371057530418e-5
0.001185768748167156	1.8753016259442138e-5
0.0011912420080273701	1.8992914985655968e-5
0.0011967405313072395	1.9036698176491195e-5
0.0012022644346174082	1.927888152691972e-5
0.0012078138351067748	1.9228085181812077e-5
0.0012133888504649725	1.947163881032773e-5
0.001218989598924861	1.9420887814385e-5
0.001224616199265044	1.9370542961825175e-5
0.001230268770812376	1.9615115630329494e-5
0.0012359474334445043	1.9564816445162566e-5
0.0012416523075924055	1.9810778248353485e-5
0.0012473835142429368	1.9856446808724365e-5
0.0012531411749414105	2.0104728888740457e-5
0.001258925411794161	2.0054008289330002e-5
0.0012647363474711446	2.0303695081853784e-5
0.0012705741052085355	2.0253027351180017e-5
0.0012764388088113369	2.0504126786630154e-5
0.0012823305826560152	2.0453513825825762e-5
0.001288249551693127	2.0403300609202167e-5
0.0012941958414499784	2.0655477609208253e-5
0.0013001695780332832	2.060531967407745e-5
0.0013061708881318339	2.0858928662078974e-5
0.0013121998990191961	2.080882796720828e-5
0.0013182567385563993	2.1162987582311344e-5
0.001324341535194656	2.111243426177646e-5
0.0013304544179780834	2.1369856534720217e-5
0.0013365955165464338	2.1319365926865578e-5
0.001342764961137856	2.1578244526753923e-5
0.001348962882591645	2.1527818635115858e-5
0.0013551894123510267	2.1788161786169136e-5
0.0013614446824659412	2.1737802634357495e-5
0.0013677288255958397	2.1687835957832526e-5
0.0013740419750125064	2.1949328239532752e-5
0.0013803842646028753	2.1899429046074396e-5
0.0013867558288718782	2.216240583313605e-5
0.0013931568029452936	2.211257620494314e-5
0.0013995873225726078	2.2377045865655047e-5
0.0014060475241299043	2.2327287905321353e-5
0.001412537544622744	2.2593258856016122e-5
0.001419057521689081	2.2543574686697966e-5
0.0014256075936021778	2.2811055392032407e-5
0.0014321878992735323	2.276144715761722e-5
0.001438798578255835	2.3133566931046586e-5
0.001445439770745916	2.3083536792225943e-5
0.0014521116175877302	2.3354990378714873e-5
0.001458814260275337	2.3305041908425103e-5
0.0014655478409558993	2.3578031082865398e-5
0.0014723125024327073	2.352816647619663e-5
0.001479108388168195	2.3802699914845865e-5
0.0014859356422869938	2.3752921388491975e-5
0.0014927944095789838	2.4029007817167625e-5
0.0014996848355023603	2.3979317609597407e-5
0.0015066070661867294	2.425696580397184e-5
0.0015135612484361949	2.4207366175602037e-5
0.0015205475297324813	2.448658496149827e-5
0.001527566058238059	2.443707819486749e-5
0.00153461698279928	2.471787644855696e-5
0.0015417004529495457	2.466846484850147e-5
0.0015488166189124668	2.495085149700441e-5
0.0015559656316050591	2.4901537390834317e-5
0.0015631476426409396	2.5185521412220502e-5
0.0015703628043335371	2.5136307149898853e-5
0.0015776112696993339	2.5421897573591196e-5
0.0015848931924610978	2.5372785527913072e-5
0.0015922087270511538	2.565999143499273e-5
0.0015995580286146532	2.5610984001766367e-5
0.0016069412530128608	2.589981452527965e-5
0.0016143585568264705	2.574304243148831e-5
0.0016218100973589133	2.6032576234841907e-5
0.0016292960326397049	2.598426821900308e-5
0.0016368165214277917	2.6275444741892838e-5
0.001644371723214914	2.6227247425580216e-5
0.001651961798228998	2.6520075945455752e-5
0.0016595869074375426	2.6471991828230847e-5
0.001667247212551044	2.67664816759114e-5
0.0016749428760264194	2.671851328112959e-5
0.0016826740610704485	2.7014673841118814e-5
0.001690440931643246	2.696682371612235e-5
0.0016982436524617252	2.726466442692337e-5
0.0017060823890031034	2.7564436375448646e-5
0.001713957307508406	2.7516465497668263e-5
0.0017218685749859867	2.781793312624543e-5
0.001729816359215082	2.7770089196709734e-5
0.001737800828749355	2.8073262098079297e-5
0.0017458221529204824	2.8025547746935184e-5
0.0017538805018417405	2.833043556884876e-5
0.0017619760464116076	2.8170693582981826e-5
0.0017701089583174003	2.8476373871906077e-5
0.001778279410038901	2.842939652160746e-5
0.001786487574852028	2.87368107471636e-5
0.0017947336268325045	2.8689969871507026e-5
0.0018030177408595459	2.8999127836611767e-5
0.0018113400926195802	2.9310255706132276e-5
0.0018197008586099603	2.9263337739645818e-5
0.0018281002161427183	2.957622554808559e-5
0.001836538343348323	2.952945313818475e-5
0.0018450154191794492	2.984411084734175e-5
0.0018535316234147877	2.9682793572468638e-5
0.0018620871366628428	2.999829834571211e-5
0.0018706821403657748	2.9952287526837663e-5
0.0018793168168032435	3.0269581782764424e-5
0.0018879913490962674	3.0223723915973683e-5
0.001896705921211121	3.054281777802078e-5
0.001905460717963221	3.086391565034917e-5
0.0019142559250210586	3.08180194040856e-5
0.001923091728910132	3.1140933663942455e-5
0.0019319683170168965	3.097840566104248e-5
0.0019408858775927516	3.130221321396206e-5
0.0019498445997580176	3.125710032974592e-5
0.001958844673505961	3.1582744336197763e-5
0.001967886289706817	3.191041435724606e-5
0.0019769696401118315	3.186528959855777e-5
0.001986094917357343	3.2194813236464807e-5
0.0019952623149688503	3.203142050715846e-5
0.0020044720273651308	3.236187470754859e-5
0.002013724249862359	3.231755140201678e-5
0.0020230191786782406	3.264987967615965e-5
0.002032357010936192	3.298425659452363e-5
0.002041737944669498	3.293994846077728e-5
0.002051162178825533	3.3276217003532254e-5
0.002060629913269969	3.311198734004694e-5
0.0020701413487910097	3.344922434349606e-5
0.002079696687103664	3.378852618594172e-5
0.0020892961308540065	3.374488616851551e-5
0.00209893988362349	3.408610755664176e-5
0.0021086281499332563	3.392136417048455e-5
0.0021183611352484674	3.426358229692486e-5
0.0021281390459826784	3.4220777152852984e-5
0.0021379620895021975	3.4564935981204614e-5
0.002147830474130498	3.491118336392953e-5
0.0021577444091526315	3.486844206733446e-5
0.0021677041048196585	3.5093216715204814e-5
0.0021777097723531236	3.50511207006298e-5
0.002187761623949516	3.5400362792444754e-5
0.002197859872784787	3.575171042725415e-5
0.002208004733018863	3.5709699642600934e-5
0.0022181964198001807	3.5938395338441854e-5
0.0022284351492702667	3.589703568487485e-5
0.0022387211385683013	3.62514360873412e-5
0.0022490546058357413	3.660795935771112e-5
0.002259435770220939	3.644178359453855e-5
0.0022698648518837817	3.6799390548473205e-5
0.002280342072000379	3.715913046987401e-5
0.0022908676527677325	3.711843002343261e-5
0.0023014418174084664	3.748020545685811e-5
0.002312064790175554	3.7313590614267305e-5
0.0023227367963570647	3.7676479450715115e-5
0.0023334580622809617	3.804151912883161e-5
0.0023442288153198796	3.800162351309835e-5
0.0023550492838959654	3.824092308137692e-5
0.002365919697485715	3.8201695163028015e-5
0.0023768402866248322	3.8569943957503536e-5
0.0023878112829131344	3.894036180720279e-5
0.0023988329190194457	3.877318893948108e-5
0.002409905428686549	3.914476969377442e-5
0.002421029046736133	3.951853016131704e-5
0.0024322040090737685	3.9351227883446776e-5
0.002443430552693926	3.972617080023498e-5
0.0024547089156849835	4.010330422244542e-5
0.0024660393372342906	4.0065459745060954e-5
0.002477422057633238	4.031421810870868e-5
0.002488857318282342	4.027705700965028e-5
0.0025003453616963835	4.0657538217507285e-5
0.002511886431509531	4.104022891332471e-5
0.002523480772480524	4.087245425933989e-5
0.0025351286304978577	4.125637835091589e-5
0.0025468302525849897	4.164252307175939e-5
0.0025585858869055953	4.1474654757415064e-5
0.002570395782768812	4.186205298128818e-5
0.0025822601906345427	4.2251683110871796e-5
0.002594179362118762	4.208373182843464e-5
0.0026061535499988416	4.247463572857858e-5
0.0026181830082189325	4.2867782946315265e-5
0.0026302679918953275	4.269975958663426e-5
0.0026424087573218907	4.309420100536968e-5
0.002654605561975485	4.3490897289348426e-5
0.0026668586645214234	4.332281294466769e-5
0.002679168324818977	4.372082402564477e-5
0.002691534803926859	4.412110165564167e-5
0.0027039583641087855	4.395296762245072e-5
0.0027164392688390254	4.435458081366409e-5
0.0027289777828079817	4.4758472374183254e-5
0.0027415741719278245	4.459030015610554e-5
0.002754228703338107	4.4995548212944216e-5
0.0027669416454114506	4.540308659629218e-5
0.002779713267759229	4.523488790701029e-5
0.002792543841237276	4.564380389533795e-5
0.002805433637951653	4.605502230473199e-5
0.0028183829312643915	4.5886809070952576e-5
0.002831391995799315	4.629942637022407e-5
0.002844461107447853	4.6576371011793176e-5
0.002857590543374882	4.654614268738954e-5
0.0028707805820246276	4.696249499379989e-5
0.002884031503126541	4.724242547036487e-5
0.0028973435877012563	4.766250736206627e-5
0.00291071711806654	4.7633089978484275e-5
0.002924152377843268	4.7916038013727054e-5
0.0029376496519614645	4.833991426586721e-5
0.0029512092266663174	4.8171940693714144e-5
0.0029648313895242724	4.85972900627046e-5
0.002978516429429121	4.90249952770936e-5
0.0029922646366081188	4.885706350011555e-5
0.0030060763026281616	4.928626391731526e-5
0.003019951720401945	4.957656248757549e-5
0.0030338911841941976	5.000957792810814e-5
0.0030478949896279115	4.984192667705138e-5
0.0030619634336906034	5.027646904925486e-5
0.0030760968147406356	5.071339689294107e-5
0.003090295432513516	5.054582063348108e-5
0.0031045595881282794	5.0984297951348996e-5
0.003118889584093862	5.1282135178431486e-5
0.0031332857243155086	5.1724489143436206e-5
0.00314774831410124	5.155724381349529e-5
0.0031622776601683018	5.2001179615641004e-5
0.003176874070649691	5.23034931223542e-5
0.0031915378551006833	5.2751341485015467e-5
0.0032062693245053855	5.272835215551486e-5
0.0032210687912833554	5.303392107753141e-5
0.0032359365692962018	5.348581745979375e-5
0.003250872973854261	5.331906510528736e-5
0.0032658783217232763	5.377259936015109e-5
0.0032809529311311064	5.408275918594662e-5
0.003296097121774495	5.4540270084642784e-5
0.0033113112148258263	5.437393340012536e-5
0.0033265955329399586	5.483311558178469e-5
0.003341950400261057	5.514793437635934e-5
0.0033573761424294593	5.561113056415418e-5
0.003372873086588603	5.544524258542405e-5
0.003388441561391937	5.5910143864809814e-5
0.0034040818970099184	5.622969072744557e-5
0.0034197944251369997	5.669864391779686e-5
0.003435579478998655	5.653323844096065e-5
0.003451437393358473	5.700393093794977e-5
0.0034673685045252243	5.732827601869443e-5
0.0034833731503600236	5.780305887944202e-5
0.00349945167028348	5.813036281727511e-5
0.0035156044052828865	5.796578095918207e-5
0.003531831697919476	5.8443941788975496e-5
0.0035481338923356587	5.877454162156492e-5
0.003564511334262344	5.925684176932378e-5
0.0035809643710262634	5.909282387678271e-5
0.0035974933515573243	5.95769433960932e-5
0.0036140986263960354	5.991250550107676e-5
0.003630780547700914	6.040080406125321e-5
0.0036475394692559756	6.023738654351891e-5
0.003664375746478232	6.057633400707097e-5
0.0036812897364252115	6.106813817336147e-5
0.0036982817978025604	6.141016888979935e-5
0.0037153522909716213	6.19062026959228e-5
0.0037325015779570993	6.174376846309168e-5
0.0037497300224547305	6.224170394137386e-5
0.003767037989838981	6.258886675233255e-5
0.003784425847170827	6.29374894819785e-5
0.003801893963205504	6.344138349866131e-5
0.003819442708400355	6.327999922789421e-5
0.0038370724549226785	6.378584234743296e-5
0.0038547835766576063	6.413969516367438e-5
0.003872576449216062	6.44950357365218e-5
0.0038904514499426934	6.500691707990389e-5
0.0039084089579239055	6.484665133828217e-5
0.003926449353995885	6.520558969803306e-5
0.003944573020752668	6.572120054528565e-5
0.00396278034255428	6.608338727004815e-5
0.0039810717055348555	6.660338524847703e-5
0.003999447497610855	6.696884362247498e-5
0.004017908108489281	6.681016678664338e-5
0.004036453929675929	6.733397137178295e-5
0.004055085354483719	6.770313508749323e-5
0.004073802778041005	6.807385033378312e-5
0.004092606597299984	6.860387415878275e-5
0.004111497211045099	6.897793123571963e-5
0.004130475019901488	6.882095544858495e-5
0.004149540426343505	6.935488181780155e-5
0.004168693834703227	6.973273713122305e-5
0.004187935651179054	7.01121802201419e-5
0.004207266283844313	7.065242793224041e-5
0.004226686142655899	7.1035284638192e-5
0.004246195639462999	7.088012584454542e-5
0.004265795188015795	7.126503883818029e-5
0.0042854852039742606	7.181112416279717e-5
0.004305266104916974	7.219949924446325e-5
0.0043251383103499515	7.25895060102409e-5
0.004345102241715581	7.314203521664321e-5
0.004365158322401522	7.353554230564742e-5
0.0043853069777497165	7.338279283149086e-5
0.004405548635065395	7.37784287929186e-5
0.0044258837236261245	7.433695684826603e-5
0.004446312674690947	7.47361429082305e-5
0.004466835921509489	7.513700582872788e-5
0.004487453899331176	7.570210351581437e-5
0.004508167045414457	7.610655582269095e-5
0.004528975799036061	7.651270569404422e-5
0.004549880601500341	7.636304903413026e-5
0.004570881896148602	7.677141460101253e-5
0.004591980128368535	7.734460739898947e-5
0.0046131757456036445	7.775662737671946e-5
0.004634469197362727	7.81703779111405e-5
0.0046558609352294385	7.858586624688951e-5
0.0046773514128718285	7.916773411288582e-5
0.004698941086051997	7.958693152559293e-5
0.00472063041263575	8.000788820427659e-5
0.004742419852602289	7.986212070449214e-5
0.004764309868054001	8.028539555269191e-5
0.004786300923226224	8.087563956188815e-5
0.004808393484497122	8.130269083331246e-5
0.004830588020397566	8.173153564662095e-5
0.004852885001621046	8.216218152362562e-5
0.0048752849010337005	8.259463601940217e-5
0.004897788193684296	8.319581245558137e-5
0.00492039535681434	8.363211471390733e-5
0.004943106869868187	8.407024794150646e-5
0.00496592321450319	8.451021982199238e-5
0.004988844874599953	8.43698753100242e-5
0.00501187233627255	8.481229822946395e-5
0.0050350060878788724	8.525658062121041e-5
0.005058246620030966	8.587059739439985e-5
0.0050815944256054285	8.631882776875664e-5
0.005105049999753888	8.676894061047863e-5
0.00512861383991347	8.722094383436286e-5
0.005152286445817383	8.767484539034651e-5
0.0051760683195054965	8.813065326367515e-5
0.0051999599653349765	8.858837547507487e-5
0.005223961889991016	8.904802008092034e-5
0.005248074602497541	8.967975120543768e-5
0.005272298614228038	9.014346530601207e-5
0.005296634438916391	9.060912557919633e-5
0.005321082592667751	9.107674021898177e-5
0.005345643593969528	9.154631745583123e-5
0.005370317963702335	9.201786555685785e-5
0.00539510622515108	9.249139282599927e-5
0.005420008904016045	9.236177823969417e-5
0.005445026528424014	9.283799449748459e-5
0.00547015962893952	9.331621254559146e-5
0.005495408738576046	9.379644083284749e-5
0.00552077439280737	9.427868784580411e-5
0.005546257129578906	9.476296210891295e-5
0.005571857489319093	9.52492721847093e-5
0.005597576014950898	9.573762667399604e-5
0.005623413251903284	9.622803421602898e-5
0.005649369748122814	9.689334279620498e-5
0.005675446054085262	9.738807397235745e-5
0.005701642722807263	9.7884883634073e-5
0.005727960309858082	9.838378056891034e-5
0.005754399373371355	9.888477360377511e-5
0.005780960474056962	9.938787160511117e-5
0.005807644175212904	9.989308347909156e-5
0.005834451042737227	1.004004181718116e-4
0.005861381645140069	1.0090988466948263e-4
0.005888436553555667	1.0142149199862895e-4
0.005915616341754513	1.0193524922627947e-4
0.005942921586155502	1.0227626083398537e-4
0.00597035286583814	1.0279416207353769e-4
0.005997910762554868	1.0331424145911485e-4
0.006025595860743347	1.0383650822967995e-4
0.006053408747538901	1.0436097166574935e-4
0.006081350012786946	1.0488764108959763e-4
0.006109420249055484	1.0541652586545816e-4
0.006137620051647707	1.0594763539973044e-4
0.006165950018614583	1.0648097914118404e-4
0.006194410750767571	1.076602692115755e-4
0.006223002851691354	1.081994788697448e-4
0.006251726927756613	1.0874095397362647e-4
0.006280583588132936	1.0928470414789104e-4
0.006309573444801685	1.0983073906063212e-4
0.006338697112569017	1.1037906842357675e-4
0.006367955209078908	1.1075173373264532e-4
0.006397348354826227	1.1130451268803584e-4
0.006426877173169945	1.1185961642122891e-4
0.006456542290346298	1.1241705482939742e-4
0.006486344335482123	1.1297683785448316e-4
0.006516283940608168	1.1353897548341951e-4
0.006546361740672486	1.1410347774834775e-4
0.0065765783735539434	1.1467035472684551e-4
0.0066069344800756945	1.1506096594041975e-4
0.006637430704018818	1.1563246151023112e-4
0.0066680676921359525	1.1620636330502653e-4
0.006698846094164991	1.1744989472842436e-4
0.006729766562842907	1.1803005367222582e-4
0.0067608297539195426	1.1861265250184235e-4
0.006792036326171565	1.1901772054189147e-4
0.006823386941416418	1.1960507704477149e-4
0.006854882264526333	1.2019490588618968e-4
0.00688652296344248	1.2078721763412834e-4
0.00691830970918908	1.2138202290465213e-4
0.006950243175887678	1.2179923023061832e-4
0.006982324040771426	1.223989063452115e-4
0.00701455298419942	1.2368245364601882e-4
0.0070469306896711785	1.2428863469200494e-4
0.007079457843841084	1.248973669570154e-4
0.00711213513653299	1.2532747073018782e-4
0.007144963260754835	1.2594119742252502e-4
0.007177942912713314	1.2655750942562542e-4
0.007211074791828695	1.2717641782411223e-4
0.007244359600749595	1.2761681811643996e-4
0.007277798045367929	1.289336281701216e-4
0.007311390834833866	1.2956171977174412e-4
0.0073451386815708355	1.300105919017695e-4
0.007379042301290698	1.3064385448273641e-4
0.007413102413008858	1.3127978633055141e-4
0.007447319739059569	1.3191839891572266e-4
0.007481695005111224	1.3237795117149412e-4
0.00751622894018173	1.3372480012965749e-4
0.007550922276654017	1.3437288065958275e-4
0.00758577575029151	1.348412369112518e-4
0.007620790100253788	1.3549467144199998e-4
0.007655966069112233	1.3615086213707663e-4
0.00769130440286576	1.3662763383479748e-4
0.0077268058509566894	1.3728925610466262e-4
0.007762471166286578	1.3866692158250832e-4
0.007798301105232243	1.3915279516395164e-4
0.007834296427661775	1.3982422625208392e-4
0.007870457896950638	1.4049849122622882e-4
0.007906786279997906	1.4099305040608361e-4
0.007943282347242463	1.4239354666820947e-4
0.00797994687267941	1.4307779596794406e-4
0.008016780633876437	1.435817642996627e-4
0.008053784411990306	1.4427170095538815e-4
0.008090958991783465	1.4478180507439237e-4
0.008128305161640629	1.462055663696775e-4
0.008165823713585554	1.4672248343743853e-4
0.008203515443297817	1.474254959912918e-4
0.00824138115012965	1.4813147927584554e-4
0.008279421637122973	1.4865756112811498e-4
0.008317637711026334	1.50105031734397e-4
0.008356030182312098	1.5063812123261434e-4
0.008394599865193595	1.5135749405342414e-4
0.008433347577642369	1.5189702295383782e-4
0.008472274141405582	1.5336403503079507e-4
0.008511380382023375	1.5409404773033815e-4
0.008550667128846438	1.5464375973524094e-4
0.008590135215053566	1.5537988577230834e-4
0.008629785477669304	1.5593621123598762e-4
0.00866961875758177	1.574277646892004e-4
0.008709635899560404	1.5799146535257132e-4
0.008749837752273953	1.5874157207983118e-4
0.008790225168308437	1.6006583202047387e-4
0.008830799004185215	1.608238186295565e-4
0.0088715601203792	1.6140182576498426e-4
0.008912509381337039	1.6198355755225654e-4
0.008953647655495516	1.635110557722303e-4
0.008994975815299932	1.6410047034162852e-4
0.00903649473722259	1.6487608228541638e-4
0.009078205301781434	1.6547252633069298e-4
0.009120108393558668	1.670208272651842e-4
0.009162204901219561	1.6762513213919444e-4
0.00920449571753128	1.6841550332197217e-4
0.009246981739381785	1.6979776682640808e-4
0.009289663867798927	1.704139435943922e-4
0.009332543007969466	1.712159626513224e-4
0.009375620069258352	1.718394504450992e-4
0.009418895965227965	1.734253035575112e-4
0.009462371613657474	1.740569787678294e-4
0.009506047936562362	1.746926751758503e-4
0.009549925860213901	1.762951505401238e-4
0.009594006315158865	1.769391814813598e-4
0.009638290236239242	1.7758730225461654e-4
0.00968277856261202	1.7920660653079464e-4
0.009727472237769184	1.7986321147093703e-4
0.009772372209557631	1.805239762748955e-4
0.009817479430199363	1.8216031932340073e-4
0.009862794856311625	1.8282972049482295e-4
0.00990831944892719	1.835033529863675e-4
0.009954054173514786	1.8515694792766232e-4
0.00999999999999951	1.858393716050995e-4
0.010046157902783459	1.8652609951113328e-4
0.010092528860766349	1.881971627866573e-4
0.01013911385736629	1.888928393668618e-4
0.010185913880540664	1.895928945645967e-4
0.010232929922807034	1.9110206840939123e-4
0.010280162981264225	1.9199081008212254e-4
0.010327614057613463	1.93513049400943e-4
0.010375284158179607	1.9423207162143748e-4
0.01042317429393252	1.9495560369304043e-4
0.010471285480508472	1.966748587946204e-4
0.010519618738231703	1.9740778142979357e-4
0.010568175092136055	1.9896191691559005e-4
0.010616955571986709	1.9970499847467472e-4
0.010665961212302039	2.0045272574335896e-4
0.010715193052375522	2.0220315079328528e-4
0.010764652136297804	2.0296055877092183e-4
0.010814339512978834	2.0454738289631946e-4
0.0108642562361701	2.053152601505022e-4
0.010914403364487008	2.0608792375579222e-4
0.01096478196143129	2.076942945575432e-4
0.011015393095413587	2.0865284662872316e-4
0.011066237839776099	2.1027317532006518e-4
0.01111731727281534	2.1106660806942862e-4
0.011168632477805035	2.1270101390492434e-4
0.011220184543019056	2.135053729533309e-4
0.011271974561754524	2.143147262507016e-4
0.011324003632354987	2.1596942659593568e-4
0.011376272858233717	2.167899080010801e-4
0.011428783347897122	2.1845905798935863e-4
0.01148153621496823	2.19290808858713e-4
0.011534532578210322	2.2114674051900376e-4
0.011587773561550658	2.2198917823065725e-4
0.011641260294104302	2.2368760736990272e-4
0.011694993910198095	2.245415942557895e-4
0.011748975549394679	2.262549160388147e-4
0.011803206356516677	2.2712059898495623e-4
0.011857687481670978	2.2884897034872807e-4
0.011912420080273116	2.2972649820600008e-4
0.0119674053130718	2.3147007806875408e-4
0.012022644346173492	2.3235960168179902e-4
0.012078138351067162	2.3411855097198506e-4
0.012133888504649129	2.3502022320856923e-4
0.012189895989248013	2.3679470489425475e-4
0.012246161992649832	2.377086806751223e-4
0.012302687708123157	2.3949885979387706e-4
0.012359474334444443	2.4042529612308764e-4
0.012416523075923447	2.420663132696823e-4
0.012473835142428757	2.4300617049074594e-4
0.012531411749413484	2.448284649647773e-4
0.012589254117940993	2.457811135247571e-4
0.01264736347471083	2.476196319116811e-4
0.01270574105208473	2.494673957869968e-4
0.012764388088112743	2.50440151651161e-4
0.012823305826559517	2.5230439874810904e-4
0.012882495516930638	2.532903661677174e-4
0.012941958414499155	2.5517127370358074e-4
0.013001695780332195	2.560115730016611e-4
0.013061708881317696	2.579096263136552e-4
0.01312199899019131	2.589233896265101e-4
0.013182567385563346	2.6083848449112907e-4
0.013243415351945918	2.6276322584511253e-4
0.01330454417978018	2.637983067106822e-4
0.013365955165463681	2.655849807412944e-4
0.013427649611377894	2.666349661538869e-4
0.013489628825915787	2.685949083946403e-4
0.013551894123509609	2.7056473414551277e-4
0.013614446824658745	2.7148454346954384e-4
0.013677288255957725	2.734725929829908e-4
0.013740419750124383	2.754706754672727e-4
0.013803842646028077	2.7656610141917407e-4
0.013867558288718109	2.7843291148189875e-4
0.013931568029452251	2.795440722162362e-4
0.01399587322572539	2.815790668739101e-4
0.014060475241298345	2.8362434515860597e-4
0.014125375446226746	2.846128302372204e-4
0.01419057521689012	2.866772581235194e-4
0.014256075936021077	2.8875212777551616e-4
0.014321878992734618	2.8976793130546885e-4
0.014387985782557636	2.918623170537807e-4
0.014454397707458452	2.939673061647597e-4
0.014521116175876595	2.950110422302534e-4
0.014588142602752653	2.9713592179644367e-4
0.014655478409558274	2.9913275202798407e-4
0.014723125024326343	3.0034386669208334e-4
0.014791083881681225	3.0249978763703553e-4
0.014859356422869216	3.045307246564694e-4
0.014927944095789104	3.067092204798344e-4
0.014996848355022867	3.07822072859269e-4
0.015066070661866547	3.100213812901184e-4
0.015135612484361205	3.1223186440203725e-4
0.015205475297324076	3.133748312681124e-4
0.015275660582379842	3.156065294077339e-4
0.015346169827992046	3.1772110914382893e-4
0.015417004529494693	3.199763132313251e-4
0.015488166189123909	3.2116203799223945e-4
0.015559656316049835	3.234390252449454e-4
0.01563147642640863	3.256038091277471e-4
0.0157036280433346	3.2790486377215624e-4
0.015776112696992556	3.3009607779635746e-4
0.0158489319246102	3.3145810265964237e-4
0.015922087270510765	3.336744706298149e-4
0.015995580286145745	3.359051025793263e-4
0.01606941253012782	3.3826604695043463e-4
0.016143585568263903	3.395541555642624e-4
0.016218100973588338	3.4193823988887837e-4
0.016292960326396256	3.442222769942122e-4
0.016368165214277114	3.465210865196267e-4
0.016443717232148332	3.4894388108948235e-4
0.01651961798228916	3.5029261322355666e-4
0.016595869074374613	3.5263315189260503e-4
0.01667247212550963	3.5509345961421107e-4
0.01674942876026337	3.574628715071935e-4
0.016826740610703658	3.5984770182961287e-4
0.01690440931643162	3.62348228026188e-4
0.01698243652461642	3.647625355004653e-4
0.017060823890030205	3.662024112797607e-4
0.01713957307508322	3.6874202198278243e-4
0.017218685749859023	3.7120053533680274e-4
0.017298163592149963	3.7367514585574015e-4
0.017378008287492697	3.761659772118886e-4
0.017458221529203975	3.7876190339658977e-4
0.017538805018416544	3.812836985585719e-4
0.01761976046411521	3.8382207028368943e-4
0.017701089583173124	3.853734169183012e-4
0.017782794100388136	3.87943669807233e-4
0.017864875748519412	3.906105776961324e-4
0.017947336268324163	3.932129305836109e-4
0.018030177408594573	3.958324875808089e-4
0.018113400926194904	3.9846938225245347e-4
0.01819700858609871	4.011237493665928e-4
0.018281002161426297	4.037957249069375e-4
0.01836538343348233	4.064854460853189e-4
0.018450154191793588	4.092591961012321e-4
0.01853531623414696	4.119827035020722e-4
0.018620871366627514	4.147243510693532e-4
0.01870682140365684	4.174842808112437e-4
0.018793168168031515	4.2026263602591355e-4
0.01887991349096175	4.230595613148575e-4
0.01896705921211027	4.258752025963392e-4
0.019054607179631276	4.287097071190524e-4
0.019142559250209655	4.315632234758431e-4
0.019230917289100376	4.344359016176866e-4
0.019319683170168016	4.3732789286776057e-4
0.019408858775926553	4.402393499357151e-4
0.01949844599757922	4.431704269320867e-4
0.01958844673505866	4.4612127938288435e-4
0.019678862897067204	4.490920642443635e-4
0.019769696401117347	4.520829399179284e-4
0.019860949173572447	4.5506496174493286e-4
0.019952623149687522	4.5809904615260925e-4
0.020044720273650334	4.611537342288553e-4
0.020137242498622598	4.6422919059748005e-4
0.020230191786781416	4.673255814079048e-4
0.020323570109360912	4.7044307435113676e-4
0.02041737944669398	4.735818386760508e-4
0.020511621788254334	4.7673208108924134e-4
0.020606299132698676	4.799166592857057e-4
0.02070141348790908	4.841834721509162e-4
0.02079696687103561	4.874135419361605e-4
0.02089296130853904	4.906657853140467e-4
0.02098939883623388	4.93945243745985e-4
0.02108628149933153	4.972452983865047e-4
0.021183611352483634	5.005681020877491e-4
0.02128139045982573	5.039138395319516e-4
0.021379620895020924	5.073001875709785e-4
0.021478304741303935	5.117688546620174e-4
0.021577444091525257	5.151892913714233e-4
0.02167704104819552	5.186610284870486e-4
0.021777097723530155	5.221322825958768e-4
0.021877616239494087	5.256276862702525e-4
0.021978598727846802	5.291853969867838e-4
0.022080047330187546	5.338160832643778e-4
0.02218196419800072	5.374355500609008e-4
0.02228435149270156	5.41037953964213e-4
0.022387211385681914	5.446655906695923e-4
0.02249054605835632	5.494644828335451e-4
0.02259435770220828	5.531483738948247e-4
0.022698648518836705	5.569225029960113e-4
0.02280342072000266	5.60661986382191e-4
0.0229086765276762	5.645001610981663e-4
0.023014418174083548	5.693936276039773e-4
0.023120647901754405	5.732988957862968e-4
0.023227367963569508	5.771543575767469e-4
0.023334580622808458	5.822281118497506e-4
0.023442288153197644	5.862378281636369e-4
0.023550492838958513	5.901854560160943e-4
0.02365919697485599	5.94263688501544e-4
0.023768402866247155	5.993799971006034e-4
0.023878112829130157	6.035299388967916e-4
0.02398832919019328	6.07717775934951e-4
0.024099054286864315	6.12935236346825e-4
0.024210290467360143	6.171969044797103e-4
0.024322040090736494	6.214976218073418e-4
0.024434305526938052	6.268190178733192e-4
0.02454708915684863	6.311957600273966e-4
0.02466039337234171	6.367329835423396e-4
0.024774220576331163	6.411925672006691e-4
0.0248885731828222	6.455362337530528e-4
0.025003453616962594	6.511977694586788e-4
0.025118864315094074	6.557783954790273e-4
0.025234807724804013	6.615290378137687e-4
0.025351286304977336	6.661968255244823e-4
0.025468302525848648	6.709079033081211e-4
0.025585858869054685	6.766043632323272e-4
0.02570395782768686	6.813995174125813e-4
0.025822601906344174	6.873743081130963e-4
0.025941793621186347	6.922612032146054e-4
0.02606153549998714	6.983315428042843e-4
0.02618183008218803	7.033121494740165e-4
0.026302679918951986	7.094800234776772e-4
0.026424087573217625	7.14556360962842e-4
0.026546055619753543	7.208238040070046e-4
0.026668586645212926	7.259979415166071e-4
0.02679168324818844	7.323670387108375e-4
0.02691534803926727	7.376410968198497e-4
0.02703958364108654	7.441139851814564e-4
0.027164392688388918	7.494901372789989e-4
0.02728977782807848	7.560690072024329e-4
0.02741574171927689	7.618392906427481e-4
0.027542287033379718	7.685339076119664e-4
0.02766941645411316	7.741281525262807e-4
0.027797132677590923	7.809334921985268e-4
0.027925438412371394	7.877954028916867e-4
0.02805433637951514	7.935552908924191e-4
0.028183829312642534	8.008681385723273e-4
0.028313919957991776	8.07910828070707e-4
0.028444611074477134	8.138495965544382e-4
0.028575905433747422	8.210104698379299e-4
0.02870780582024485	8.274360166203988e-4
0.028840315031263993	8.347262049646214e-4
0.028973435877011153	8.420781268030625e-4
0.029107171180663968	8.487197941209229e-4
0.029241523778431245	8.562055497563075e-4
0.029376496519613188	8.641712470698681e-4
0.029512092266661728	8.71794542392461e-4
0.029648313895241286	8.783089043371741e-4
0.029785164294289748	8.865078380809536e-4
0.029922646366079716	8.94338310301465e-4
0.030060763026280125	9.015231890282241e-4
0.030199517204017968	9.09498945122094e-4
0.0303389118419405	9.180298341695171e-4
0.030478949896277616	9.261548084275352e-4
0.030619634336904532	9.348583200228791e-4
0.03076096814740483	9.424713702096082e-4
0.030902954325133646	9.508318131314528e-4
0.031045595881281286	9.598073169838742e-4
0.03118889584093709	9.688802473304869e-4
0.03133285724315355	9.77485406857748e-4
0.03147748314101084	9.867443870422183e-4
0.03162277660168147	9.9491368214114e-4
0.031768740706495366	0.0010037725250080108
0.03191537855100526	0.0010133249382103702
0.03206269324505228	0.0010229824886561416
0.03221068791283196	0.0010327465950672778
0.032359365692960426	0.0010426186985043
0.03250872973854103	0.0010519307739159922
0.03265878321723116	0.0010620090298259141
0.032809529311309454	0.001072199530546351
0.032960971217743315	0.0010825038071054626
0.033113112148256636	0.0010929234148836246
0.03326595532939797	0.0011034599340527622
0.03341950400260893	0.0011141149700246425
0.03357376142429295	0.0011248901539080878
0.033728730865884356	0.0011357871429755618
0.03388441561391771	0.0011468076211390867
0.03404081897009753	0.0011579532994358882
0.034197944251368316	0.0011692259165238979
0.034355794789984864	0.0011806272391873215
0.03451437393358302	0.0011930315670947893
0.03467368504525054	0.00120471303625541
0.034833731503598545	0.0012165289490592285
0.03499451670283308	0.001228481194452318
0.035156044052827136	0.0012405716922771388
0.03531831697919301	0.0012537664368346513
0.035481338923354845	0.0012673716461866248
0.03564511334262171	0.0012799085668058969
0.03580964371026088	0.0012936164244341463
0.035974933515571475	0.0013064681504080665
0.03614098626395856	0.0013194709273114623
0.036307805477007356	0.0013337136504712138
0.036475394692557984	0.0013482634189229186
0.03664375746478052	0.0013628860287635504
0.03681289736425031	0.0013765583246396812
0.036982817978023774	0.0013915709652271052
0.03715352290971439	0.001406813546462926
0.03732501577956918	0.0014222303699226932
0.03749730022454546	0.001437865961844874
0.037670379898387965	0.0014536684316634593
0.037844258471706395	0.0014697280493285465
0.03801893963205317	0.0014860173021527365
0.0381944270840017	0.0015024069577300957
0.038370724549224904	0.0015191412166421121
0.038547835766574175	0.0015361166041942137
0.0387257644921587	0.0015545628267625833
0.03890451449942502	0.0015720348088004757
0.039084089579237154	0.0015894858096177802
0.039264493539956924	0.0016074411768950466
0.039445730207524746	0.0016268843016848389
0.039627803425540835	0.0016453703782439997
0.0398107170553466	0.001665353962985663
0.03999447497610661	0.001684389406272778
0.040179081084890836	0.0017049324407029508
0.040364539296757304	0.0017245366715234651
0.040550853544835175	0.0017456589258588457
0.040738027780408054	0.0017676534923562728
0.040926065972997853	0.0017894127748985084
0.041114972110448976	0.0018114798940068383
0.04130475019901285	0.0018326346323536235
0.041495404263433	0.001857292857899681
0.041686938347030224	0.0018803583962835949
0.04187935651178851	0.001902529416259191
0.04207266283844106	0.001928348147328041
0.04226686142655692	0.001952469221382268
0.04246195639462789	0.0019778875999531768
0.04265795188015585	0.002002761292855948
0.04285485203974052	0.002030265792242874
0.04305266104916762	0.0020559198820292008
0.04325138310349739	0.002083090931059226
0.04345102241715366	0.002109557952021674
0.04365158322401308	0.0021388839442492546
0.04385306977749504	0.002168715615307648
0.04405548635065178	0.0021964857115591638
0.04425883723625907	0.0022273030982002404
0.04446312674690727	0.0022586576540482317
0.04466835921509269	0.002290560808521036
0.04487453899330958	0.002321800694764254
0.04508167045414237	0.002354836984453461
0.045289757990358386	0.0023884579067759543
0.04549880601500115	0.0024226760713561392
0.04570881896148378	0.002457504404029499
0.04591980128368312	0.0024941770164543394
0.04613175745603418	0.002530265178955506
0.046344691973625	0.00256700425894947
0.04655860935229208	0.0026044085401032476
0.046773514128715984	0.002645931416852262
0.046989410860517694	0.002684787503495008
0.04720630412635518	0.0027243556278068568
0.047424198526020554	0.0027683352992288117
0.04764309868053764	0.0028106729127188443
0.04786300923225989	0.0028564191673938117
0.04808393484496889	0.0028991707137828193
0.048305880203973285	0.002946768005508368
0.04852885001620808	0.002992438625402748
0.04875284901033459	0.003041978003983139
0.04897788193684056	0.0030925762631095585
0.04920395356814101	0.00314546972833683
0.04943106869867944	0.0031936998529836667
0.049659232145029465	0.003248732563437839
0.04988844874599706	0.00330373101489143
0.05011872336272305	0.003361131619021593
0.05035006087878628	0.0034185626992515776
0.05058246620030719	0.0034784569569888462
0.050815944256051786	0.0035384503496259474
0.051050499997536344	0.003606415669070383
0.05128613839913218	0.0036704410842998193
0.05152286445817132	0.0037346808288075363
0.05176068319505242	0.0038074436044744243
0.05199959965334721	0.003875953301606148
0.05223961889990757	0.0039448037466773105
0.05248074602497283	0.004022778411242386
0.05272298614227782	0.004102709608914576
0.05296634438916131	0.0041779216418093845
0.05321082592667491	0.0042617543062025065
0.053456435939692626	0.004346545478330569
0.05370317963702071	0.004434717620186148
0.05395106225150818	0.004517638478292529
0.05420008904015779	0.004610204096132072
0.054450265284237465	0.004705176861175527
0.05470159628939249	0.004810826244244603
0.054954087385757765	0.00491108207233011
0.05520774392807102	0.005015149326557689
0.05546257129578634	0.005120788678753262
0.0557185748931882	0.005238472743879019
0.055975760149506205	0.0053501218510710186
0.056234132519030075	0.005474589003153658
0.0564936974812254	0.005593811151446776
0.05675446054084984	0.005725533615094262
0.05701642722806982	0.0058612434617250605
0.05727960309857797	0.0059911093716414785
0.05754399373371072	0.00613486932187724
0.05780960474056682	0.006284189360165905
0.05807644175212619	0.006436969305589917
0.058344510427369406	0.0066083081657223805
0.05861381645139778	0.00677121768739087
0.05888436553555378	0.006940392644809403
0.059156163417542255	0.00712893738075514
0.0594292158615521	0.007309462205451087
0.05970352865837847	0.007509705224766501
0.0599791076255457	0.007702516532606734
0.06025595860743051	0.007917731980333548
0.06053408747538607	0.00814061196705759
0.060813500127866474	0.008371486153119211
0.061094202490551835	0.008610700749744099
0.06137620051647403	0.008858619470527003
0.0616595001861428	0.009135171933043673
0.0619441075076727	0.009403498028796614
0.06223002851691048	0.009701859613706319
0.06251726927756306	0.00999027891214214
0.06280583588132624	0.010313597187406008
0.06309573444801375	0.010649154286298973
0.0633869711256871	0.010999719181974843
0.06367955209078595	0.0113638941673533
0.06397348354825913	0.011744506917403754
0.06426877173169626	0.012168770045382159
0.06456542290345982	0.012583846431949932
0.06486344335481807	0.013048097027588327
0.06516283940607848	0.013534180928795506
0.06546361740672164	0.014043338528314082
0.06576578373553617	0.014576892758200366
0.0660693448007537	0.015136255401387655
0.06637430704018496	0.015722933949890626
0.06668067692135625	0.016381458281245074
0.06698846094164662	0.017074105088486103
0.06729766562842573	0.017804124072208268
0.0676082975391921	0.018574914364019982
0.06792036326171236	0.01938811928911336
0.06823386941416083	0.02030091011975207
0.06854882264525997	0.021210846412826324
0.06886522963442139	0.022234704974796293
0.0691830970918874	0.023321506089231177
0.0695024317588734	0.02454645355718789
0.06982324040771083	0.025779055060585893
0.07014552984199075	0.027169639165958343
0.07046930689670829	0.028656748101512308
0.07079457843840736	0.03024657006673048
0.07112135136532645	0.032048696331928195
0.07144963260754485	0.03398771732680613
0.07177942912712962	0.0360762564607753
0.07211074791828338	0.03832831110667976
0.0724435960074924	0.04089525768480306
0.07277798045367576	0.043680590242692906
0.07311390834833507	0.04670872155116082
0.07345138681570475	0.05017929440137392
0.07379042301290333	0.05397910168713628
0.07413102413008495	0.05835785125415239
0.07447319739059206	0.06319152551115345
0.07481695005110857	0.06853611248762961
0.07516228940181362	0.07474841922269237
0.07550922276653642	0.08200720824768427
0.07585775750291138	0.0901690106452495
0.07620790100253418	0.0997891372099381
0.07655966069111857	0.11072771974100046
0.07691304402865383	0.12375260585532591
0.07726805850956306	0.1393819204517289
0.07762471166286197	0.1575592831618034
0.07798301105231864	0.18054103509945224
0.07834296427661391	0.20786920241732149
0.07870457896950252	0.24309684374773916
0.07906786279997513	0.28767547603173305
0.07943282347242074	0.3449156795911019
