0.004647796093157464	7.929231111895039e-5
0.004665577658272927	7.962316889944439e-5
0.004683426911843707	7.995551241736938e-5
0.00470134410896539	8.028934919623313e-5
0.004719329505676046	8.062468680449775e-5
0.004737383358959494	8.096153285590117e-5
0.004755505926748373	8.12998950097778e-5
0.004773697467928014	8.163978097139587e-5
0.004791958242339391	8.198119849228095e-5
0.004810288510782761	8.232415537055474e-5
0.004828688535020955	8.266865945126988e-5
0.00484715857778284	8.30147186267506e-5
0.004865698902766758	8.336234083693587e-5
0.004884309774643875	8.371153406972357e-5
0.0049029914590616955	8.40623063613202e-5
0.004921744222647605	8.441466579659428e-5
0.004940568333012211	8.47686205094286e-5
0.004959464058752813	8.512417868307794e-5
0.004978431669457079	8.548134855053317e-5
0.004997471435706282	8.584013839488048e-5
0.005016583629079086	8.620055654967345e-5
0.00503576852215494	8.656261139930086e-5
0.005055026388517623	8.692631137936061e-5
0.005074357502758726	8.729166497703524e-5
0.005093762140481499	8.765868073147701e-5
0.005113240578304051	8.802736723418492e-5
0.005132793093863164	8.839773312939534e-5
0.005152419965817941	8.876978711447331e-5
0.005172121473853153	8.914353794030135e-5
0.005191897898683335	8.951899441168497e-5
0.005211749522055733	8.989616538774118e-5
0.005231676626754683	9.027505978231538e-5
0.005251679496604754	9.065568656438016e-5
0.005271758416474661	9.103805475845057e-5
0.005291913672280927	9.142217344499904e-5
0.005312145550991439	9.180805176087116e-5
0.005332454340629399	9.219569889971247e-5
0.005352840330276751	9.258512411238939e-5
0.005373303810078288	9.29763367074255e-5
0.005393845071244995	9.336934605142843e-5
0.005414464406058089	9.376416156953206e-5
0.005435162107872735	9.416079274583727e-5
0.005455938471121739	9.455924912385566e-5
0.00547679379131935	9.495954030695922e-5
0.0054977283650653455	9.536167595883835e-5
0.005518742490048385	9.576566580395151e-5
0.005539836465050238	9.617151962799355e-5
0.005561010589949426	9.657924727835792e-5
0.005582265165725229	9.698885866460932e-5
0.005603600494461337	9.7400363758954e-5
0.005625016879350024	9.781377259672338e-5
0.0056465146246958845	9.8229095276854e-5
0.005668094035919556	9.864634196237148e-5
0.005689755419562154	9.906552288089113e-5
0.005711499083288617	9.948664832510374e-5
0.005733325335892263	9.990972865328668e-5
0.005755234487298195	1.0033477428979952e-4
0.005777226848567571	1.0076179572559878e-4
0.00579930273190166	1.0119080351875378e-4
0.005821462450645664	1.0162180829496248e-4
0.005843706319292797	1.0205482074807649e-4
0.0058660346534883424	1.0248985164063047e-4
0.0058884477700337085	1.029269118043758e-4
0.005910945986890465	1.0336601214081877e-4
0.005933529623184435	1.0380716362176452e-4
0.0059561989992097586	1.0425037728986505e-4
0.005978954436433037	1.0469566425917368e-4
0.006001796257497311	1.0514303571570145e-4
0.006024724786226392	1.055925029179845e-4
0.006047740347628981	1.0604407719765294e-4
0.00607084326790252	1.0649776995999982e-4
0.006094033874437837	1.0695359268456935e-4
0.006117312495822886	1.074115569257344e-4
0.006140679461847311	1.0787167431329337e-4
0.006164135103506447	1.0833395655306284e-4
0.006187679753005572	1.0879841542747969e-4
0.006211313743764235	1.0926506279621019e-4
0.006235037410420362	1.0973391059676028e-4
0.006258851088834714	1.1020497084509794e-4
0.00628275511609513	1.1067825563627708e-4
0.006306749830520593	1.1115377714506415e-4
0.006330835571665907	1.1163154762658097e-4
0.0063550126803258115	1.121115794169436e-4
0.0063792814985393145	1.1259388493391086e-4
0.00640364236959422	1.1307847667754217e-4
0.006428095638031411	1.1356536723085685e-4
0.00645264164964895	1.1405456926049657e-4
0.006477280751507116	1.1454609551741007e-4
0.006502013291932278	1.150399588375238e-4
0.00652683962052156	1.1553617214243254e-4
0.0065517600881473915	1.1603474844009436e-4
0.00657677504696154	1.165357008255229e-4
0.006601884850400258	1.1703904248150569e-4
0.006627089853188209	1.1754478667930735e-4
0.006652390411343188	1.180529467793936e-4
0.0066777868821809114	1.18563536232163e-4
0.006703279624319019	1.1907656857867157e-4
0.006728868997682115	1.1959205745138264e-4
0.006754555363506163	1.2011001657491207e-4
0.006780339084343054	1.2063045976678347e-4
0.006806220524065281	1.2115340093819264e-4
0.006832200047870558	1.2167885409477784e-4
0.006858278022286438	1.2220683333739733e-4
0.006884454815175041	1.2273735286291636e-4
0.006910730795737669	1.2327042696499928e-4
0.006937106334519472	1.2380607003491012e-4
0.006963581803414325	1.2434429656232445e-4
0.00699015757566938	1.2488512113614336e-4
0.007016834025889904	1.2542855844531963e-4
0.007043611530044104	1.259746232796922e-4
0.007070490465467647	1.2652333053082265e-4
0.007097471210868859	1.2707469519285198e-4
0.00712455414633324	1.2762873236335309e-4
0.007151739653328351	1.281854572441984e-4
0.007179028114708869	1.287448851424384e-4
0.007206419914721178	1.2930703147118053e-4
0.00723391543900848	1.298719117504858e-4
0.007261515074615509	1.3043954160826658e-4
0.007289219209993713	1.3100993678120197e-4
0.0073170282350060204	1.3158311311565416e-4
0.007344942540931765	1.3215908656859625e-4
0.007372962520471904	1.3273787320855512e-4
0.007401088567753698	1.3331948921655278e-4
0.007429321078336126	1.339039508870708e-4
0.0074576604492145385	1.3449127462901e-4
0.0074861070788260105	1.350814769666723e-4
0.00751466136705428	1.3567457454074445e-4
0.007543323715234965	1.3627058410929673e-4
0.007572094526160486	1.3686952254878568e-4
0.007600974204085493	1.3747140685507606e-4
0.007629963154731739	1.3807625414446282e-4
0.007659061785293514	1.3868408165471308e-4
0.007688270504442734	1.3929490674611223e-4
0.007717589722334185	1.399087469025233e-4
0.0077470198506107086	1.4052561973245547e-4
0.007776561302408598	1.41145542970147e-4
0.007806214492362891	1.417685344766574e-4
0.00783597983661256	1.4239461224096794e-4
0.007865857752805952	1.4302379438109835e-4
0.007895848660106045	1.4365609914523074e-4
0.007925952979196071	1.4429154491285166e-4
0.007956171132284568	1.4493015019589517e-4
0.007986503543111194	1.4557193363991114e-4
0.008016950636951813	1.462169140252323e-4
0.008047512840624351	1.468651102681666e-4
0.008078190582493951	1.4751654142218894e-4
0.008108984292478697	1.4817122667915573e-4
0.008139894402055066	1.48829185370526e-4
0.008170921344263726	1.4949043696860188e-4
0.008202065553714707	1.5015500108776967e-4
0.008233327466593436	1.5082289748576962e-4
0.00826470752066641	1.5149414606497198e-4
0.008296206155286416	1.521687668736573e-4
0.008327823811398679	1.5284678010732774e-4
0.008359560931546458	1.5352820611002073e-4
0.008391417959876727	1.542130653756379e-4
0.008423395342146105	1.5490137854929257e-4
0.008455493525726597	1.555931664286672e-4
0.008487712959611331	1.5628844996538497e-4
0.008520054094420736	1.5698725026640336e-4
0.008552517382408083	1.576895885954108e-4
0.008585103277465696	1.5839548637424953e-4
0.008617812235130683	1.5910496518434494e-4
0.008650644712591294	1.5981804676816103e-4
0.008683601168692252	1.60534753030652e-4
0.008716682063941855	1.6125510604076177e-4
0.008749887860516944	1.6197912803289952e-4
0.008783219022269886	1.6270684140846835e-4
0.008816676014734091	1.6343826873738243e-4
0.008850259305130883	1.6417343275962508e-4
0.008883969362374965	1.6491235638679746e-4
0.00891780665708123	1.6565506270370837e-4
0.008951771661570788	1.6640157496996635e-4
0.008985864849877392	1.671519166215957e-4
0.009020086697753768	1.6790611127266827e-4
0.009054437682678057	1.6866418271695434e-4
0.00908891828386017	1.6942615492958934e-4
0.009123528982248323	1.7019205206876198e-4
0.009158270260535449	1.709618984774177e-4
0.009193142603166022	1.717357186849883e-4
0.009228146496342269	1.7251353740912833e-4
0.009263282428031063	1.7329537955748322e-4
0.009298550887970564	1.740812702294713e-4
0.00933395236767689	1.748712347180856e-4
0.009369487360450901	1.756652985117174e-4
0.00940515636138494	1.7646348729599847e-4
0.009440959867369859	1.772658269556684e-4
0.009476898377101667	1.7807234357645574e-4
0.009512972391088706	1.7888306344698848e-4
0.00954918241165848	1.796980130607196e-4
0.009585528942964747	1.805172191178781e-4
0.009622012490994699	1.8134070852744328e-4
0.009658633563575915	1.821685084091359e-4
0.009695392670383697	1.8300064609543895e-4
0.009732290322948268	1.838371491336374e-4
0.009769327034662061	1.846780452878825e-4
0.009806503320787058	1.8552336254127962e-4
0.009843819698462215	1.8637312909800097e-4
0.00988127668671098	1.8722737338542275e-4
0.009918874806448721	1.8808612405628555e-4
0.009956614580490328	1.8894940999088054e-4
0.009994496533557874	1.8981726029926226e-4
0.010032521192288268	1.9068970432348554e-4
0.01007068908524132	1.9156677163987505e-4
0.01010900074290682	1.9244849206130155e-4
0.010147456697713322	1.9333489563951657e-4
0.010186057484035727	1.9422601266748987e-4
0.010224803638203083	1.951218736817777e-4
0.010263695698506896	1.9602250946492737e-4
0.010302734205209559	1.9692795104791146e-4
0.010341919700552028	1.9783822971257512e-4
0.010381252728762677	1.9875337699413356e-4
0.010420733836065434	1.9967342468368447e-4
0.010460363570688164	2.0059840483075374e-4
0.010500142482871424	2.0152834974587747e-4
0.010540071124877128	2.024632920032114e-4
0.010580150050996837	2.034032644431641e-4
0.010620379817561164	2.043483001750806e-4
0.010660760982948374	2.0529843257994257e-4
0.01070129410759312	2.062536953131018e-4
0.010741979753995837	2.0721412230705812e-4
0.01078281848673182	2.0817974777426356e-4
0.010823810872460435	2.0915060620996186e-4
0.010864957479934542	2.1012673239506448e-4
0.010906258880009668	2.1110816139905666e-4
0.010947715645653933	2.120949285829511e-4
0.010989328351957562	2.1308706960226852e-4
0.01103109757614234	2.1408462041005272e-4
0.011073023897571753	2.1508761725993404e-4
0.01111510789776118	2.1609609670923037e-4
0.01115735016038738	2.1711009562207107e-4
0.011199751271299062	2.181296511725792e-4
0.011242311818527284	2.1915480084808866e-4
0.011285032392295379	2.2018558245239016e-4
0.011327913585030117	2.212220341090404e-4
0.011370955991371794	2.2226419426469047e-4
0.011414160208185444	2.2331210169247536e-4
0.011457526834571621	2.2436579549543734e-4
0.011501056471877161	2.2542531510998914e-4
0.011544749723706888	2.2649070030943887e-4
0.011588607195934504	2.2756199120754097e-4
0.011632629496713997	2.2863922826210143e-4
0.011676817236491605	2.297224522786377e-4
0.011721171028017344	2.3081170441407499e-4
0.011765691486356674	2.3190702618049107e-4
0.01181037922890287	2.3300845944892163e-4
0.011855234875388919	2.341160464532022e-4
0.011900259047899937	2.3522982979386962e-4
0.011945452370885826	2.3634985244211585e-4
0.011990815471173458	2.3747615774378237e-4
0.012036348977980036	2.3860878942342793e-4
0.012082053522925552	2.397477915884292e-4
0.012127929740046268	2.4089320873315448e-4
0.012173978265807949	2.4204508574318401e-4
0.012220199739118955	2.4320346789958198e-4
0.012266594801344559	2.443684008832473e-4
0.012313164096320068	2.455399307792955e-4
0.012359908270365393	2.4671810408152686e-4
0.012406827972298931	2.4790296769693684e-4
0.01245392385345197	2.490945689502963e-4
0.012501196567683259	2.502929555887941e-4
0.01254864677139368	2.514981757867413e-4
0.012596275123541558	2.5271027815035053e-4
0.012644082285657155	2.539293117225609e-4
0.012692068921858495	2.5515532598795274e-4
0.012740235698866958	2.5638837087772293e-4
0.012788583286022575	2.576284967747195e-4
0.01283711235530033	2.5887575451856367e-4
0.012885823581326145	2.601301954108328e-4
0.012934717641393317	2.6139187122032286e-4
0.012983795215479238	2.6266083418838564e-4
0.013033056986261794	2.639371370343326e-4
0.013082503639136621	2.652208329609278e-4
0.013132135862234384	2.6651197565995645e-4
0.013181954346438257	2.678106193178725e-4
0.013231959785401265	2.6911681862152085e-4
0.013282152875564507	2.7043062876395556e-4
0.013332534316175189	2.7175210545033417e-4
0.013383104809304795	2.730813049038955e-4
0.013433865059867933	2.7441828387203483e-4
0.013484815775640932	2.7576309963245744e-4
0.013535957667281048	2.7711580999943046e-4
0.013587291448345508	2.784764733301193e-4
0.01363881783531123	2.798451485310258e-4
0.013690537547594436	2.81221895064516e-4
0.013742451307570567	2.826067729554454e-4
0.0137945598405947	2.83999842797889e-4
0.013846863875021629	2.854011657619598e-4
0.013899364142227005	2.868108036007472e-4
0.013952061376627786	2.8822881865734e-4
0.014004956315703502	2.8965527387196747e-4
0.01405804970001804	2.9109023278925443e-4
0.014111342273240516	2.9253375956556256e-4
0.014164834782167719	2.9398591897647106e-4
0.014218527976745818	2.954467764243514e-4
0.014272422610093047	2.969163979460733e-4
0.0143265194385215	2.983948502208052e-4
0.014380819221560726	2.998822005779687e-4
0.014435322721980151	3.013785170052844e-4
0.014490030705812527	3.028838681569606e-4
0.014544943942377342	3.0439832336200297e-4
0.014600063204303796	3.059219526326387e-4
0.01465538926755584	3.074548266729122e-4
0.014710922911455265	3.0899701688736844e-4
0.014766664918706067	3.105485953898945e-4
0.014822616075419338	3.121096350127078e-4
0.014878777171137466	3.136802093154655e-4
0.01493514899885887	3.152603925945256e-4
0.01499173235506362	3.1685025989236894e-4
0.015048528039738052	3.184498870071447e-4
0.015105536856400197	3.200593505023812e-4
0.015162759612125433	3.2167872771685275e-4
0.015220197117572247	3.233080967746014e-4
0.015277850187007872	3.249475365951142e-4
0.015335719638334055	3.2659712690366166e-4
0.01539380629311395	3.282569482418239e-4
0.01545211097659717	3.2992708197814366e-4
0.015510634517747285	3.31607610319e-4
0.015569377749267576	3.332986163196183e-4
0.015628341507627517	3.3500018389527126e-4
0.015687526633090067	3.36712397832677e-4
0.015746933969737704	3.3843534380155265e-4
0.015806564365499445	3.4016910836637645e-4
0.015866418672177883	3.419137789983395e-4
0.015926497745475613	3.436694440874787e-4
0.01598680244502243	3.454361929550241e-4
0.016047333634402118	3.472141158659387e-4
0.016108092181179617	3.4900330404167185e-4
0.01616907895692733	3.5080384967310434e-4
0.01623029483725261	3.526158459337315e-4
0.01629174070182399	3.5443938699303745e-4
0.016353417434398637	3.562745680301183e-4
0.016415325922848372	3.581214852474999e-4
0.016477467059186367	3.599802358852011e-4
0.016539841739594146	3.6185091823504045e-4
0.016602450864447033	3.6373363165514625e-4
0.0166652953383411	3.6562847658474666e-4
0.01672837607011867	3.6753555455917576e-4
0.016791693972894515	3.6945496822514976e-4
0.016855249964081047	3.713868213562806e-4
0.0169190449654142	3.733312188688681e-4
0.016983079902978013	3.752882668379336e-4
0.01704735570722981	3.7725807251354096e-4
0.01711187331302455	3.7924074433737974e-4
0.017176633659639565	3.8123639195964163e-4
0.017241637690797083	3.8324512625613906e-4
0.017306886354689705	3.852670593457857e-4
0.017372380604001782	3.8730230460828875e-4
0.017438121395932846	3.893509767021947e-4
0.017504109692219723	3.914131915832189e-4
0.017570346459158222	3.934890665228881e-4
0.01763683266762451	3.955787201274996e-4
0.017703569293095942	3.9768227235740356e-4
0.017770557315670225	3.9979984454658414e-4
0.017837797720086358	4.019315594226287e-4
0.017905291495742846	4.040775411269863e-4
0.017973039636715357	4.0623791523557347e-4
0.018041043141775487	4.0841280877976975e-4
0.018109303014407174	4.106023502677346e-4
0.018177820262822008	4.128066697060781e-4
0.018246595899975834	4.15025898621948e-4
0.018315630943582007	4.1726017008543735e-4
0.01838492641612655	4.195096187324349e-4
0.018454483344878963	4.2177438078778843e-4
0.018524302761905934	4.240545940889518e-4
0.018594385704080733	4.2635039810995704e-4
0.018664733213094257	4.286619339858605e-4
0.01873534633546299	4.309893445375591e-4
0.018806226122537382	4.333327742970658e-4
0.018877373630508138	4.3569236953319756e-4
0.018948789920411883	4.3806827827771484e-4
0.01902047605813566	4.404606503519118e-4
0.019092433114419886	4.428696373936555e-4
0.019164662164859857	4.452953928848869e-4
0.019237164289907127	4.4773807217962137e-4
0.019309940574867936	4.5019783253239665e-4
0.01938299210990174	4.5267483312724273e-4
0.01945631999001661	4.551692351071153e-4
0.0195299253150652	4.5768120160388244e-4
0.019603809189737725	4.6021089776879714e-4
0.019677972723553726	4.6275849080350186e-4
0.019752417030852804	4.653241499915866e-4
0.019827143230782312	4.6790804673065754e-4
0.019902152447285524	4.705103545650134e-4
0.019977445809086176	4.7313124921884446e-4
0.02005302444967197	4.757709086300233e-4
0.020128889507276728	4.784295129844957e-4
0.020205042124859508	4.811072447512396e-4
0.020281483450082925	4.8380428871785936e-4
0.02035821463528942	4.865208320267976e-4
0.020435236837474877	4.892570642121611e-4
0.020512551218260535	4.920131772371986e-4
0.02059015894386327	4.94789365532441e-4
0.02066806118506353	4.975858260345058e-4
0.020746259117169836	5.004027582255462e-4
0.020824753919984104	5.03240364173466e-4
0.02090354677776148	5.060988485727599e-4
0.02098263887916921	5.089784187861025e-4
0.021062031417244054	5.118792848866878e-4
0.021141725589346325	5.148016597012905e-4
0.021221722597111067	5.177457588540711e-4
0.0213020236463979	5.207118008111817e-4
0.021382629947238115	5.237000069261521e-4
0.02146354271377821	5.267106014860511e-4
0.02154476316422226	5.29743811758498e-4
0.02162629252077097	5.327998680394894e-4
0.021708132009557502	5.358790037020571e-4
0.021790282860582186	5.389814552458305e-4
0.02187274630764233	5.42107462347423e-4
0.021955523588261826	5.452572679117779e-4
0.02203861594361479	5.484311181243506e-4
0.022122024618449764	5.516292625043043e-4
0.022205750861008396	5.548519539585905e-4
0.022289795922941655	5.580994488370054e-4
0.022374161059225326	5.613720069882882e-4
0.022458847528068406	5.646698918171207e-4
0.022543856590822278	5.679933703422461e-4
0.022629189511885257	5.713427132555905e-4
0.022714847558602945	5.747181949824226e-4
0.022800832001167767	5.781200937426527e-4
0.02288714411251345	5.815486916131931e-4
0.022973785168206987	5.850042745914584e-4
0.0230607564463377	5.884871326600276e-4
0.02314805922740218	5.919975598524521e-4
0.023235694794187016	5.955358543202885e-4
0.023323664431647084	5.991023184013196e-4
0.023411969426781344	6.026972586890407e-4
0.023500611068504703	6.063209861033991e-4
0.023589590647517294	6.099738159628456e-4
0.0236789094561694	6.136560680576824e-4
0.02376856878832314	6.173680667247618e-4
0.02385856993921132	6.211101409235709e-4
0.023948914205292406	6.248826243137088e-4
0.024039602884101986	6.286858553337916e-4
0.024130637274100395	6.325201772818063e-4
0.02422201867451733	6.363859383969673e-4
0.02431374838519393	6.402834919431156e-4
0.024405827706418148	6.442131962935876e-4
0.02449825793876002	6.481754150177542e-4
0.024591040382902156	6.521705169691448e-4
0.02468417633946546	6.56198876375187e-4
0.0247776671088332	6.602608729286806e-4
0.02487151399097047	6.643568918809631e-4
0.024965718285239632	6.68487324136817e-4
0.025060281290213943	6.72652566351217e-4
0.02515520430348517	6.768530210278406e-4
0.02525048862147007	6.81089096619515e-4
0.025346135539211768	6.853612076305277e-4
0.025442146350177584	6.896697747208899e-4
0.025538522346054224	6.940152248126153e-4
0.02563526481653939	6.983979911980323e-4
0.025732375049128155	7.028185136501254e-4
0.02582985432889808	7.072772385350676e-4
0.025927703938289928	7.117746189268921e-4
0.02602592515688401	7.16311114724361e-4
0.026124519261175212	7.208871927701567e-4
0.026223487524341553	7.255033269723066e-4
0.026322831216013004	7.301599984280777e-4
0.026422551602033217	7.348576955501864e-4
0.026522649944221093	7.395969141955713e-4
0.02662312750012682	7.443781577966364e-4
0.0267239855227859	7.492019374951118e-4
0.026825225260468363	7.540687722785173e-4
0.026926847956427347	7.589791891194033e-4
0.0270288548486422	7.639337231172887e-4
0.027131247169558156	7.689329176434227e-4
0.027234026145826547	7.739773244885387e-4
0.027337192998036625	7.790675040134181e-4
0.027440748940448415	7.842040253025934e-4
0.027544695180721626	7.893874663211213e-4
0.02764903291964026	7.946184140744836e-4
0.02775376335083573	7.998974647717666e-4
0.027858887660507196	8.052252239921644e-4
0.027964407027138562	8.106023068548505e-4
0.02807032262121243	8.160293381923214e-4
0.028176635604922423	8.215069527273205e-4
0.02828334713188289	8.270357952534012e-4
0.028390458346834443	8.326165208191682e-4
0.0284979703853487	8.382497949163785e-4
0.028605884373530704	8.439362936719536e-4
0.028714201427718026	8.496767040439558e-4
0.028822922654177442	8.554717240216556e-4
0.028932049148801858	8.613220628298634e-4
0.02904158199680085	8.672284411374279e-4
0.029151522272393756	8.731915912702675e-4
0.02926187103849716	8.792122574287974e-4
0.02937262934641352	8.852911959100632e-4
0.029483798235515113	8.914291753345123e-4
0.02959537873292879	8.976269768776873e-4
0.02970737185321724	9.038853945068228e-4
0.02981977859806024	9.102052352225776e-4
0.02993259995593257	9.165873193059156e-4
0.030045836901783217	9.230324805704135e-4
0.030159490396710703	9.295415666199608e-4
0.030273561387638787	9.361154391121173e-4
0.030388050806990308	9.427549740272041e-4
0.03050295957236108	9.494610619433152e-4
0.030618288586191665	9.562346083173464e-4
0.030734038735438646	9.630765337722256e-4
0.030850210891246753	9.699877743905539e-4
0.03096680590861758	9.769692820146751e-4
0.031083824626080506	9.840220245535148e-4
0.031201267865361308	9.911469862962223e-4
0.03131913643105276	9.98345168232915e-4
0.0314374311102815	0.001005617588382526
0.031556152672378976	0.0010129652821281943
0.03167530186854893	0.0010203893025601308
0.03179487943153772	0.001027890720826374
0.03191488607530347	0.0010354706264914938
0.03203532249468543	0.001043130127903502
0.032156189365074854	0.0010508703525692236
0.032277487342085597	0.0010586924475382816
0.032399217061226095	0.0010665975797959943
0.03252137913757174	0.0010745869366653616
0.03264397416543822	0.0010826617262184174
0.032767002718057256	0.001090823177697233
0.03289046534725003	0.0010990725419446747
0.03301436258310631	0.0011074110918454377
0.03313869493366286	0.0011158401227774198
0.0332634628845816	0.0011243609530737272
0.03338866689883429	0.001132974924495823
0.03351430741638329	0.0011416834027177683
0.03364038485386871	0.001150487777822205
0.03376689960429466	0.0011593894648081527
0.033893852036720164	0.0011683899041111273
0.03402124249594968	0.0011774905621357503
0.03414907130222853	0.0011866929318013748
0.0342773387509387	0.001195998533100919
0.03440604511229852	0.0012054089136734139
0.034535190631064756	0.0012149256493905695
0.034664775526237895	0.0012245503449578082
0.034794799990770044	0.0012342846345301179
0.034925264191274764	0.0012441301823431386
0.035056168267742965	0.0012540886833600517
0.0351875123332592	0.0012641618639345144
0.035319296473724233	0.001274351482490306
0.035451520747577805	0.0012846593302179468
0.035584185185527764	0.0012950872317889954
0.03571728979028208	0.001305637046088404
0.03585083453628534	0.0013163106669655113
0.035984819369457306	0.0013271100240041243
0.03611924420693821	0.001338037083312416
0.03625410893683753	0.0013490938483330921
0.03638941341798447	0.0013602823606743517
0.0365251574796871	0.0013716047009625241
0.03666134092149371	0.0013830629897167636
0.03679796351295898	0.0013946593882465603
0.0369350249934141	0.00140639609957271
0.037072525071745355	0.0014182753693726166
0.03721046342617255	0.001430299486950321
0.037348839704035935	0.0014424707862323311
0.03748765352158801	0.0014547916467898987
0.03762690446378937	0.0014672644948884974
0.03776659208411186	0.0014798918045654727
0.03790671590434359	0.0014926760987364902
0.03804727541440431	0.0015056199503320163
0.03818827007216208	0.00151872598346438
0.03832969930325911	0.0015319968746266858
0.03847156250094143	0.001545435353924342
0.03861385902589316	0.0015590442063402453
0.03875658820608223	0.0015728262730349692
0.03889974933660437	0.0015867844526824876
0.03904334167954069	0.0016009217028432046
0.03918736446381562	0.001615241041374907
0.03933181688506495	0.0016297455478832552
0.039476698105509085	0.001644438365212861
0.03962200725383261	0.0016593227009802963
0.03976774342506822	0.0016744018291503042
0.03991390568049341	0.001689679091656945
0.040060493047525465	0.001705157900070529
0.04020750451963022	0.0017208417373124783
0.04035493905623375	0.0017367341594192102
0.04050279558264165	0.0017528387973568598
0.04065107298996591	0.0017691593588885035
0.04079977013505795	0.0017856996304955561
0.04094888584044806	0.0018024634793551491
0.04109841889429425	0.0018194548553754856
0.041248368050335035	0.0018366777932908645
0.04139873202785127	0.001854136414818604
0.041549509511634115	0.0018718349308798237
0.04170069915196149	0.0018897776438863475
0.04185229956457973	0.0019079689500958214
0.04200430933069507	0.001926413342037595
0.0421567269969685	0.00194511541101149
0.042309551075521715	0.00196407984966231
0.042462780043949454	0.0019833114546325067
0.042616412345336536	0.002002815129295626
0.042770446388285706	0.0020225958865736403
0.04292488054695041	0.0020426588518408146
0.0430797131610768	0.00206300926591737
0.0432349425360496	0.0020836524881558418
0.043390566942951174	0.0021045939996238794
0.04354658461862134	0.0021258394063863074
0.04370299376572897	0.0021473944428905467
0.0438597925528495	0.002169264975458818
0.044016979114549576	0.0021914570058910376
0.04417455155148008	0.0022139766751824745
0.044332507930474475	0.0022368302673602025
0.04449084628465535	0.0022600242134428483
0.044649564613549596	0.0022835650955281375
0.04480866088320993	0.002307459651012901
0.04496813302634157	0.0023317147769503365
0.04512797894243842	0.0023563375345499
0.045288196497927154	0.002381335153825048
0.045448783526316296	0.0024067150383942403
0.045609737828352474	0.002432484770441133
0.04577105717218494	0.0024586521158400016
0.045932739293537105	0.0024852250294526705
0.046094781895883785	0.0025122116606034173
0.04625718265063649	0.0025396203587388327
0.04641993919733518	0.0025674596792796853
0.04658304914384517	0.002595738389672189
0.046746510066565855	0.0026244654756468
0.0469103195106387	0.002653650147691991
0.04707447499016925	0.002683301847752296
0.047238973988450124	0.002713430256158741
0.047403813958192854	0.0027440452988013887
0.047568992321767756	0.0027751571545535834
0.04773450647144567	0.0028067762629576665
0.047900353769652085	0.002838913332183331
0.048066531549220144	0.0028715793472688495
0.04823303711365819	0.0029047855786576583
0.048399867737415364	0.002938543591041404
0.04856702066615886	0.0029728652525228675
0.04873449311705438	0.003007762744111502
0.048902282279053515	0.0030432485695656344
0.04907038531318601	0.0030793355655956986
0.04923879935285911	0.0031160369124437854
0.049407521504159335	0.003153366144855135
0.0495765488461645	0.003191337163458662
0.0497458784312573	0.0032299642465734354
0.04991550728544482	0.003269262062459668
0.05008543240868536	0.0033092456820334316
0.0502556507752166	0.003349930592064841
0.05042615933389389	0.003391332708881331
0.05059695500852775	0.003433468392597442
0.05076803469823019	0.003476354461894911
0.05093939527776473	0.0035200082093771404
0.05111103359789939	0.003564447417523506
0.05128294648576703	0.0036096903752707073
0.05145513074522719	0.0036557558952489437
0.051627583157234244	0.003702663331702901
0.05180030048020845	0.003750432599128461
0.051973279450412135	0.0037990841916581007
0.05214651678232838	0.0038486392032291415
0.052320009169043495	0.0038991193485712894
0.05249375328263694	0.00395054698505181
0.052667745774568654	0.00400294513541775
0.052841983276075186	0.004056337511478304
0.05301646239856459	0.004110748538771075
0.053191179734020336	0.004166203382259916
0.05336613185540215	0.004222727973112806
0.0535413153170531	0.004280349036612545
0.053716726655110104	0.004339094121255001
0.05389236238791599	0.00439899162909266
0.0540682190164328	0.004460070847384537
0.054244293024661626	0.0045223619816174105
0.05442058088005959	0.004585896189965667
0.05459707903396428	0.004650705619262554
0.05477378392201623	0.0047168234425579636
0.054950691964586094	0.004784283898343682
0.05512779956720228	0.004853122331530482
0.05530510312098082	0.004923375236267128
0.05548259900305644	0.0049950803006959706
0.05566028357701616	0.005068276453745871
0.05583815319333425	0.005143003914068609
0.05601620418980597	0.005219304241231264
0.05619443289198707	0.005297220389284469
0.05637283561363018	0.0053767967628322155
0.05655140865712303	0.005458079275737743
0.05673014831393067	0.005541115412607855
0.05690905086503214	0.005625954293205724
0.05708811258136591	0.005712646739953539
0.057267329724268234	0.0058012453486935905
0.05744669854591493	0.00589180456288938
0.05762621528976481	0.005984380751458447
0.05780587619100134	0.006079032290440636
0.057985677476973634	0.0061758196487189075
0.05816561536764018	0.006274805478023833
0.05834568607601003	0.006376054707467024
0.0585258858085823	0.006479634642865199
0.05870621076579026	0.0065856150711344
0.05888665714243961	0.006694068370050306
0.059067221128149015	0.00680506962369236
0.05924789890778775	0.006918696743909188
0.05942868666191556	0.0070350305981664776
0.05960958056721873	0.007154155144161963
0.05979057679694608	0.0072761575716193475
0.059971671521342855	0.0074011284517007244
0.06015286090808542	0.007529161894508108
0.06033414112271315	0.007660355715176951
0.06051550832905735	0.007794811609099958
0.06069695868967162	0.007932635336858729
0.060878488366259184	0.008073936919480627
0.06106009352009602	0.008218830844683363
0.06124177031245703	0.008367436284818864
0.06142351490503581	0.00851987732727819
0.06160532346036411	0.008676283218177159
0.06178719214222923	0.008836788620202757
0.06196911711608915	0.009001533885566399
0.06215109454948499	0.009170665345081656
0.0623331206124502	0.009344335614461989
0.06251519147791895	0.009522703919018372
0.06269730332213197	0.009705936438028117
0.06287945232503599	0.00989420667014496
0.0630616346706872	0.010087695821331318
0.06324384654764374	0.010286593216907215
0.06342608414936218	0.010491096739443592
0.06360834367458817	0.010701413294363653
0.06379062132774144	0.01091775930527012
0.06397291331930524	0.011140361241184393
0.0641552158662014	0.011369456178060908
0.06433752519217445	0.011605292397146237
0.06451983752816079	0.011848130022961666
0.06470214911266511	0.012098241703935081
0.06488445619212382	0.012355913338961235
0.06506675502127258	0.012621444853463462
0.0652490418635044	0.012895151028838408
0.06543131299122829	0.013177362389516301
0.06561356468622294	0.013468426152246216
0.06579579323998355	0.013768707242635384
0.06597799495407211	0.014078589384435545
0.06616016614045447	0.014398476267572775
0.06634230312184045	0.014728792801485313
0.0665244022320203	0.01506998646095098
0.06670645981618957	0.015422528732270655
0.06688847223127967	0.01578691666844164
0.06707043584627725	0.01616367456278908
0.06725234704254246	0.016553355751464906
0.06743420221412313	0.01695654455626035
0.06761599776806342	0.017373858380332553
0.0677977301247098	0.01780594997073417
0.06797939571801073	0.0182535098630658
0.06816099099581427	0.018717269025173868
0.06834251242016053	0.01919800171860097
0.06852395646756892	0.01969652859849736
0.0687053196293205	0.0202137200749406
0.06888659841174133	0.02075049996112498
0.06906778933647034	0.021307849436696166
0.06924888894073625	0.021886811357690866
0.06942989377761999	0.02248849494809946
0.06961080041631637	0.023114080912109102
0.06979160544239034	0.023764827010628955
0.06997230545802981	0.02444207415084682
0.07015289708229554	0.02514725304339574
0.07033337695135848	0.025881891488318622
0.07051374171874437	0.026647622358544017
0.07069398805556552	0.02744619235812753
0.07087411265074922	0.028279471642277187
0.07105411221126263	0.029149464397316627
0.07123398346233632	0.030058320491489498
0.0714137231476756	0.031008348322113806
0.07159332802967487	0.03200202900138618
0.0717727948896216	0.03304203204243494
0.07195212052790081	0.03413123272949512
0.07213130176419008	0.03527273138179179
0.072310335437655	0.03646987475051027
0.07248921840713375	0.037726279822777195
0.07266794755132286	0.039045860346775804
0.07284651976895883	0.040432856438951524
0.07302493197898637	0.04189186768898915
0.07320318112073512	0.04342789024236392
0.07338126415407964	0.04504635841551084
0.07355917805960353	0.04675319148729722
0.07373691983875387	0.04855484641507399
0.07391448651399647	0.05045837734743065
0.07409187512895934	0.05247150295278319
0.07426908274857724	0.054602682758011986
0.07444610645923153	0.056861203900466256
0.07462294336888185	0.05925727994724233
0.07479959060719922	0.061802163736932356
0.07497604532568641	0.0645082765625197
0.0751523046978057	0.0673893564542398
0.07532836591908783	0.07046062885608886
0.07550422620725053	0.07373900364231677
0.07567988280230512	0.07724330321963391
0.07585533296665782	0.08099452744433076
0.07603057398521199	0.08501616229860344
0.07620560316546371	0.08933454077857605
0.07638041783759054	0.093979266327505
0.07655501535454053	0.09898371150531449
0.07672939309211542	0.10438560755618516
0.07690354844904844	0.11022774429935911
0.07707747884707995	0.11655880456365474
0.07725118173102744	0.12343436353329221
0.07742465456885211	0.13091809130272875
0.0775978948517252	0.13908320723689754
0.07777090009408132	0.14801424820241962
0.0779436678336791	0.15780923048248688
0.07811619563164711	0.16858230875600472
0.0782884810725373	0.18046706708105945
0.07846052176436126	0.19362061945774964
0.07863231533863743	0.2082287556858474
0.07880385945042319	0.22451244831263492
0.0789751517783487	0.24273614794677617
0.07914619002464433	0.26321845118595816
0.07931697191516694	0.28634594915024814
0.07948749519942329	0.312591387748415
0.07965775765058629	0.34253774413479926
0.07982775706550937	0.37691052784240386
0.07999749126474058	0.4166216797694367
