0.004647796093157464	4.955769444934399e-6
0.004665577658272927	4.9764480562152744e-6
0.004683426911843707	4.997219526085586e-6
0.00470134410896539	5.018084324764571e-6
0.004719329505676046	5.039042925281109e-6
0.004737383358959494	5.060095803493823e-6
0.004755505926748373	5.081243438111113e-6
0.004773697467928014	5.102486310712242e-6
0.004791958242339391	5.123824905767559e-6
0.004810288510782761	5.145259710659671e-6
0.004828688535020955	5.1667912157043674e-6
0.00484715857778284	5.188419914171912e-6
0.004865698902766758	5.210146302308492e-6
0.004884309774643875	5.231970879357723e-6
0.0049029914590616955	5.253894147582513e-6
0.004921744222647605	5.275916612287143e-6
0.004940568333012211	5.2980387818392876e-6
0.004959464058752813	5.3202611676923715e-6
0.004978431669457079	5.342584284408323e-6
0.004997471435706282	5.36500864968003e-6
0.005016583629079086	5.3875347843545905e-6
0.00503576852215494	5.410163212456304e-6
0.005055026388517623	5.432894461210038e-6
0.005074357502758726	5.455729061064703e-6
0.005093762140481499	5.478667545717313e-6
0.005113240578304051	5.501710452136557e-6
0.005132793093863164	5.524858320587209e-6
0.005152419965817941	5.548111694654582e-6
0.005172121473853153	5.571471121268834e-6
0.005191897898683335	5.594937150730311e-6
0.005211749522055733	5.6185103367338235e-6
0.005231676626754683	5.642191236394711e-6
0.005251679496604754	5.66598041027376e-6
0.005271758416474661	5.689878422403161e-6
0.005291913672280927	5.71388584031244e-6
0.005312145550991439	5.738003235054447e-6
0.005332454340629399	5.7622311812320294e-6
0.005352840330276751	5.786570257024337e-6
0.005373303810078288	5.811021044214094e-6
0.005393845071244995	5.835584128214277e-6
0.005414464406058089	5.860260098095754e-6
0.005435162107872735	5.885049546614829e-6
0.005455938471121739	5.909953070240979e-6
0.00547679379131935	5.934971269184951e-6
0.0054977283650653455	5.960104747427397e-6
0.005518742490048385	5.9853541127469694e-6
0.005539836465050238	6.0107199767495966e-6
0.005561010589949426	6.03620295489737e-6
0.005582265165725229	6.0618036665380824e-6
0.005603600494461337	6.087522734934625e-6
0.005625016879350024	6.113360787295211e-6
0.0056465146246958845	6.139318454803375e-6
0.005668094035919556	6.165396372648218e-6
0.005689755419562154	6.191595180055696e-6
0.005711499083288617	6.217915520318984e-6
0.005733325335892263	6.244358040830418e-6
0.005755234487298195	6.27092339311247e-6
0.005777226848567571	6.297612232849924e-6
0.00579930273190166	6.3244252199221115e-6
0.005821462450645664	6.351363018435155e-6
0.005843706319292797	6.37842629675478e-6
0.0058660346534883424	6.405615727539404e-6
0.0058884477700337085	6.4329319877734876e-6
0.005910945986890465	6.460375758801173e-6
0.005933529623184435	6.487947726360283e-6
0.0059561989992097586	6.515648580616566e-6
0.005978954436433037	6.543479016198355e-6
0.006001796257497311	6.571439732231341e-6
0.006024724786226392	6.599531432374031e-6
0.006047740347628981	6.6277548248533085e-6
0.00607084326790252	6.656110622499989e-6
0.006094033874437837	6.684599542785585e-6
0.006117312495822886	6.7132223078584e-6
0.006140679461847311	6.741979644580835e-6
0.006164135103506447	6.7708722845664275e-6
0.006187679753005572	6.79990096421748e-6
0.006211313743764235	6.829066424763137e-6
0.006235037410420362	6.858369412297518e-6
0.006258851088834714	6.887810677818621e-6
0.00628275511609513	6.9173909772673175e-6
0.006306749830520593	6.947111071566509e-6
0.006330835571665907	6.97697172666131e-6
0.0063550126803258115	7.006973713558975e-6
0.0063792814985393145	7.0371178083694285e-6
0.00640364236959422	7.0674047923463855e-6
0.006428095638031411	7.097835451928553e-6
0.00645264164964895	7.128410578781036e-6
0.006477280751507116	7.1591309698381296e-6
0.006502013291932278	7.189997427345238e-6
0.00652683962052156	7.221010758902034e-6
0.0065517600881473915	7.252171777505897e-6
0.00657677504696154	7.283481301595181e-6
0.006601884850400258	7.3149401550941055e-6
0.006627089853188209	7.346549167456709e-6
0.006652390411343188	7.3783091737121e-6
0.0066777868821809114	7.4102210145101874e-6
0.006703279624319019	7.442285536166973e-6
0.006728868997682115	7.474503590711415e-6
0.006754555363506163	7.506876035932004e-6
0.006780339084343054	7.539403735423967e-6
0.006806220524065281	7.57208755863704e-6
0.006832200047870558	7.604928380923615e-6
0.006858278022286438	7.637927083587333e-6
0.006884454815175041	7.671084553932273e-6
0.006910730795737669	7.704401685312455e-6
0.006937106334519472	7.737879377181883e-6
0.006963581803414325	7.771518535145278e-6
0.00699015757566938	7.80532007100896e-6
0.007016834025889904	7.839284902832477e-6
0.007043611530044104	7.873413954980763e-6
0.007070490465467647	7.907708158176416e-6
0.007097471210868859	7.942168449553249e-6
0.00712455414633324	7.976795772709568e-6
0.007151739653328351	8.0115910777624e-6
0.007179028114708869	8.0465553214024e-6
0.007206419914721178	8.081689466948783e-6
0.00723391543900848	8.116994484405363e-6
0.007261515074615509	8.152471350516661e-6
0.007289219209993713	8.188121048825123e-6
0.0073170282350060204	8.223944569728385e-6
0.007344942540931765	8.259942910537266e-6
0.007372962520471904	8.296117075534695e-6
0.007401088567753698	8.332468076034549e-6
0.007429321078336126	8.368996930441925e-6
0.0074576604492145385	8.405704664313125e-6
0.0074861070788260105	8.442592310417019e-6
0.00751466136705428	8.479660908796528e-6
0.007543323715234965	8.516911506831046e-6
0.007572094526160486	8.554345159299105e-6
0.007600974204085493	8.591962928442254e-6
0.007629963154731739	8.629765884028926e-6
0.007659061785293514	8.667755103419567e-6
0.007688270504442734	8.705931671632015e-6
0.007717589722334185	8.744296681407707e-6
0.0077470198506107086	8.782851233278467e-6
0.007776561302408598	8.821596435634187e-6
0.007806214492362891	8.860533404791087e-6
0.00783597983661256	8.899663265060497e-6
0.007865857752805952	8.938987148818647e-6
0.007895848660106045	8.978506196576921e-6
0.007925952979196071	9.018221557053229e-6
0.007956171132284568	9.058134387243448e-6
0.007986503543111194	9.098245852494446e-6
0.008016950636951813	9.138557126577019e-6
0.008047512840624351	9.179069391760412e-6
0.008078190582493951	9.219783838886809e-6
0.008108984292478697	9.260701667447233e-6
0.008139894402055066	9.301824085657876e-6
0.008170921344263726	9.343152310537618e-6
0.008202065553714707	9.384687567985605e-6
0.008233327466593436	9.426431092860601e-6
0.00826470752066641	9.468384129060749e-6
0.008296206155286416	9.51054792960358e-6
0.008327823811398679	9.552923756707984e-6
0.008359560931546458	9.595512881876296e-6
0.008391417959876727	9.638316585977368e-6
0.008423395342146105	9.681336159330785e-6
0.008455493525726597	9.7245729017917e-6
0.008487712959611331	9.76802812283656e-6
0.008520054094420736	9.81170314165021e-6
0.008552517382408083	9.855599287213175e-6
0.008585103277465696	9.899717898390595e-6
0.008617812235130683	9.944060324021559e-6
0.008650644712591294	9.988627923010065e-6
0.008683601168692252	1.003342206441575e-5
0.008716682063941855	1.007844412754761e-5
0.008749887860516944	1.012369550205622e-5
0.008783219022269886	1.0169177588029272e-5
0.008816676014734091	1.0214891796086402e-5
0.008850259305130883	1.0260839547476567e-5
0.008883969362374965	1.0307022274174841e-5
0.00891780665708123	1.0353441418981773e-5
0.008951771661570788	1.0400098435622897e-5
0.008985864849877392	1.0446994788849731e-5
0.009020086697753768	1.0494131954541767e-5
0.009054437682678057	1.0541511419809646e-5
0.00908891828386017	1.0589134683099334e-5
0.009123528982248323	1.0637003254297624e-5
0.009158270260535449	1.0685118654838606e-5
0.009193142603166022	1.0733482417811768e-5
0.009228146496342269	1.078209608807052e-5
0.009263282428031063	1.0830961222342701e-5
0.009298550887970564	1.0880079389341956e-5
0.00933395236767689	1.092945216988035e-5
0.009369487360450901	1.0979081156982338e-5
0.00940515636138494	1.1028967955999904e-5
0.009440959867369859	1.1079114184729275e-5
0.009476898377101667	1.1129521473528484e-5
0.009512972391088706	1.118019146543678e-5
0.00954918241165848	1.1231125816294975e-5
0.009585528942964747	1.1282326194867382e-5
0.009622012490994699	1.1333794282965205e-5
0.009658633563575915	1.1385531775570994e-5
0.009695392670383697	1.1437540380964935e-5
0.009732290322948268	1.1489821820852337e-5
0.009769327034662061	1.1542377830492656e-5
0.009806503320787058	1.1595210158829976e-5
0.009843819698462215	1.164832056862506e-5
0.00988127668671098	1.1701710836588922e-5
0.009918874806448721	1.1755382753517847e-5
0.009956614580490328	1.1809338124430034e-5
0.009994496533557874	1.1863578768703891e-5
0.010032521192288268	1.1918106520217846e-5
0.01007068908524132	1.197292322749219e-5
0.01010900074290682	1.2028030753831347e-5
0.010147456697713322	1.2083430977469786e-5
0.010186057484035727	1.2139125791718117e-5
0.010224803638203083	1.2195117105111106e-5
0.010263695698506896	1.225140684155796e-5
0.010302734205209559	1.2307996940494467e-5
0.010341919700552028	1.2364889357035945e-5
0.010381252728762677	1.2422086062133347e-5
0.010420733836065434	1.247958904273028e-5
0.010460363570688164	1.2537400301922109e-5
0.010500142482871424	1.2595521859117342e-5
0.010540071124877128	1.2653955750200713e-5
0.010580150050996837	1.2712704027697756e-5
0.010620379817561164	1.2771768760942537e-5
0.010660760982948374	1.283115203624641e-5
0.01070129410759312	1.2890855957068862e-5
0.010741979753995837	1.2950882644191132e-5
0.01078281848673182	1.3011234235891472e-5
0.010823810872460435	1.3071912888122616e-5
0.010864957479934542	1.313292077469153e-5
0.010906258880009668	1.3194260087441041e-5
0.010947715645653933	1.3255933036434444e-5
0.010989328351957562	1.3317941850141782e-5
0.01103109757614234	1.3380288775628295e-5
0.011073023897571753	1.3442976078745877e-5
0.01111510789776118	1.3506006044326898e-5
0.01115735016038738	1.3569380976379442e-5
0.011199751271299062	1.36331031982862e-5
0.011242311818527284	1.3697175053005541e-5
0.011285032392295379	1.3761598903274385e-5
0.011327913585030117	1.3826377131815026e-5
0.011370955991371794	1.3891512141543155e-5
0.011414160208185444	1.395700635577971e-5
0.011457526834571621	1.4022862218464834e-5
0.011501056471877161	1.4089082194374322e-5
0.011544749723706888	1.4155668769339929e-5
0.011588607195934504	1.422262445047131e-5
0.011632629496713997	1.428995176638134e-5
0.011676817236491605	1.4357653267414857e-5
0.011721171028017344	1.4425731525879687e-5
0.011765691486356674	1.4494189136280692e-5
0.01181037922890287	1.4563028715557602e-5
0.011855234875388919	1.4632252903325138e-5
0.011900259047899937	1.4701864362116851e-5
0.011945452370885826	1.477186577763224e-5
0.011990815471173458	1.4842259858986398e-5
0.012036348977980036	1.4913049338964246e-5
0.012082053522925552	1.4984236974276825e-5
0.012127929740046268	1.5055825545822155e-5
0.012173978265807949	1.5127817858949001e-5
0.012220199739118955	1.5200216743723874e-5
0.012266594801344559	1.5273025055202956e-5
0.012313164096320068	1.534624567370597e-5
0.012359908270365393	1.541988150509543e-5
0.012406827972298931	1.5493935481058552e-5
0.01245392385345197	1.556841055939352e-5
0.012501196567683259	1.5643309724299633e-5
0.01254864677139368	1.571863598667133e-5
0.012596275123541558	1.5794392384396908e-5
0.012644082285657155	1.5870581982660057e-5
0.012692068921858495	1.5947207874247046e-5
0.012740235698866958	1.6024273179857683e-5
0.012788583286022575	1.6101781048419968e-5
0.01283711235530033	1.617973465741023e-5
0.012885823581326145	1.625813721317705e-5
0.012934717641393317	1.633699195127018e-5
0.012983795215479238	1.6416302136774103e-5
0.013033056986261794	1.649607106464579e-5
0.013082503639136621	1.6576302060057988e-5
0.013132135862234384	1.665699847874728e-5
0.013181954346438257	1.673816370736703e-5
0.013231959785401265	1.6819801163845053e-5
0.013282152875564507	1.6901914297747222e-5
0.013332534316175189	1.6984506590645886e-5
0.013383104809304795	1.7067581556493467e-5
0.013433865059867933	1.7151142742002177e-5
0.013484815775640932	1.723519372702859e-5
0.013535957667281048	1.7319738124964404e-5
0.013587291448345508	1.7404779583132456e-5
0.01363881783531123	1.749032178318911e-5
0.013690537547594436	1.757636844153225e-5
0.013742451307570567	1.7662923309715337e-5
0.0137945598405947	1.7749990174868062e-5
0.013846863875021629	1.7837572860122486e-5
0.013899364142227005	1.79256752250467e-5
0.013952061376627786	1.801430116608375e-5
0.014004956315703502	1.8103454616997967e-5
0.01405804970001804	1.8193139549328402e-5
0.014111342273240516	1.828335997284766e-5
0.014164834782167719	1.837411993602944e-5
0.014218527976745818	1.8465423526521962e-5
0.014272422610093047	1.8557274871629583e-5
0.0143265194385215	1.8649678138800326e-5
0.014380819221560726	1.8742637536123043e-5
0.014435322721980151	1.8836157312830274e-5
0.014490030705812527	1.8930241759810037e-5
0.014544943942377342	1.9024895210125185e-5
0.014600063204303796	1.912012203953992e-5
0.01465538926755584	1.9215926667057014e-5
0.014710922911455265	1.9312313555460527e-5
0.014766664918706067	1.9409287211868407e-5
0.014822616075419338	1.9506852188294238e-5
0.014878777171137466	1.9605013082216594e-5
0.01493514899885887	1.970377453715785e-5
0.01499173235506362	1.980314124327306e-5
0.015048528039738052	1.9903117937946544e-5
0.015105536856400197	2.0003709406398826e-5
0.015162759612125433	2.0104920482303297e-5
0.015220197117572247	2.020675604841259e-5
0.015277850187007872	2.030922103719464e-5
0.015335719638334055	2.0412320431478853e-5
0.01539380629311395	2.0516059265113994e-5
0.01545211097659717	2.062044262363398e-5
0.015510634517747285	2.07254756449375e-5
0.015569377749267576	2.0831163519976145e-5
0.015628341507627517	2.0937511493454453e-5
0.015687526633090067	2.104452486454231e-5
0.015746933969737704	2.115220898759704e-5
0.015806564365499445	2.1260569272898528e-5
0.015866418672177883	2.136961118739622e-5
0.015926497745475613	2.147934025546742e-5
0.01598680244502243	2.1589762059689006e-5
0.016047333634402118	2.1700882241621168e-5
0.016108092181179617	2.181270650260449e-5
0.01616907895692733	2.192524060456902e-5
0.01623029483725261	2.203849037085822e-5
0.01629174070182399	2.215246168706484e-5
0.016353417434398637	2.2267160501882393e-5
0.016415325922848372	2.2382592827968742e-5
0.016477467059186367	2.249876474282507e-5
0.016539841739594146	2.261568238969003e-5
0.016602450864447033	2.273335197844664e-5
0.0166652953383411	2.2851779786546666e-5
0.01672837607011867	2.2970972159948485e-5
0.016791693972894515	2.309093551407186e-5
0.016855249964081047	2.3211676334767537e-5
0.0169190449654142	2.3333201179304256e-5
0.016983079902978013	2.345551667737085e-5
0.01704735570722981	2.357862953209631e-5
0.01711187331302455	2.3702546521086234e-5
0.017176633659639565	2.3827274497477602e-5
0.017241637690797083	2.395282039100869e-5
0.017306886354689705	2.4079191209111605e-5
0.017372380604001782	2.4206394038018047e-5
0.017438121395932846	2.433443604388717e-5
0.017504109692219723	2.4463324473951183e-5
0.017570346459158222	2.4593066657680508e-5
0.01763683266762451	2.4723670007968726e-5
0.017703569293095942	2.4855142022337723e-5
0.017770557315670225	2.498749028416151e-5
0.017837797720086358	2.5120722463914292e-5
0.017905291495742846	2.5254846320436643e-5
0.017973039636715357	2.538986970222334e-5
0.018041043141775487	2.552580054873561e-5
0.018109303014407174	2.5662646891733413e-5
0.018177820262822008	2.580041685662988e-5
0.018246595899975834	2.593911866387175e-5
0.018315630943582007	2.6078760630339834e-5
0.01838492641612655	2.621935117077718e-5
0.018454483344878963	2.6360898799236777e-5
0.018524302761905934	2.6503412130559487e-5
0.018594385704080733	2.6646899881872315e-5
0.018664733213094257	2.679137087411628e-5
0.01873534633546299	2.6936834033597442e-5
0.018806226122537382	2.708329839356661e-5
0.018877373630508138	2.7230773095824847e-5
0.018948789920411883	2.7379267392357178e-5
0.01902047605813566	2.7528790646994488e-5
0.019092433114419886	2.767935233710347e-5
0.019164662164859857	2.7830962055305432e-5
0.019237164289907127	2.7983629511226336e-5
0.019309940574867936	2.813736453327479e-5
0.01938299210990174	2.829217707045267e-5
0.01945631999001661	2.8448077194194707e-5
0.0195299253150652	2.8605075100242653e-5
0.019603809189737725	2.876318111054982e-5
0.019677972723553726	2.8922405675218866e-5
0.019752417030852804	2.9082759374474164e-5
0.019827143230782312	2.9244252920666097e-5
0.019902152447285524	2.9406897160313338e-5
0.019977445809086176	2.957070307617778e-5
0.02005302444967197	2.9735681789376457e-5
0.020128889507276728	2.990184456153098e-5
0.020205042124859508	3.0069202796952475e-5
0.020281483450082925	3.023776804486621e-5
0.02035821463528942	3.040755200167485e-5
0.020435236837474877	3.057856651326007e-5
0.020512551218260535	3.075082357732491e-5
0.02059015894386327	3.0924335345777566e-5
0.02066806118506353	3.109911412715661e-5
0.020746259117169836	3.127517238909664e-5
0.020824753919984104	3.145252276084162e-5
0.02090354677776148	3.163117803579749e-5
0.02098263887916921	3.1811151174131404e-5
0.021062031417244054	3.199245530541799e-5
0.021141725589346325	3.217510373133066e-5
0.021221722597111067	3.235910992837944e-5
0.0213020236463979	3.2544487550698855e-5
0.021382629947238115	3.273125043288451e-5
0.02146354271377821	3.291941259287819e-5
0.02154476316422226	3.310898823490613e-5
0.02162629252077097	3.329999175246809e-5
0.021708132009557502	3.3492437731378566e-5
0.021790282860582186	3.368634095286441e-5
0.02187274630764233	3.388171639671394e-5
0.021955523588261826	3.407857924448612e-5
0.02203861594361479	3.4276944882771914e-5
0.022122024618449764	3.447682890651902e-5
0.022205750861008396	3.4678247122411905e-5
0.022289795922941655	3.4881215552312836e-5
0.022374161059225326	3.508575043676801e-5
0.022458847528068406	3.529186823857004e-5
0.022543856590822278	3.549958564639038e-5
0.022629189511885257	3.570891957847441e-5
0.022714847558602945	3.591988718640141e-5
0.022800832001167767	3.61325058589158e-5
0.02288714411251345	3.634679322582457e-5
0.022973785168206987	3.656276716196615e-5
0.0230607564463377	3.678044579125172e-5
0.02314805922740218	3.6999847490778255e-5
0.023235694794187016	3.722099089501803e-5
0.023323664431647084	3.744389490008248e-5
0.023411969426781344	3.7668578668065043e-5
0.023500611068504703	3.789506163146244e-5
0.023589590647517294	3.812336349767785e-5
0.0236789094561694	3.835350425360515e-5
0.02376856878832314	3.858550417029761e-5
0.02385856993921132	3.881938380772318e-5
0.023948914205292406	3.90551640196068e-5
0.024039602884101986	3.929286595836197e-5
0.024130637274100395	3.9532511080112896e-5
0.02422201867451733	3.9774121149810455e-5
0.02431374838519393	4.001771824644473e-5
0.024405827706418148	4.026332476834923e-5
0.02449825793876002	4.0510963438609636e-5
0.024591040382902156	4.076065731057155e-5
0.02468417633946546	4.101242977344919e-5
0.0247776671088332	4.126630455804254e-5
0.02487151399097047	4.1522305742560196e-5
0.024965718285239632	4.1780457758551066e-5
0.025060281290213943	4.2040785396951065e-5
0.02515520430348517	4.230331381424004e-5
0.02525048862147007	4.2568068538719686e-5
0.025346135539211768	4.283507547690798e-5
0.025442146350177584	4.310436092005562e-5
0.025538522346054224	4.337595155078846e-5
0.02563526481653939	4.364987444987702e-5
0.025732375049128155	4.3926157103132836e-5
0.02582985432889808	4.420482740844173e-5
0.025927703938289928	4.448591368293076e-5
0.02602592515688401	4.4769444670272566e-5
0.026124519261175212	4.5055449548134796e-5
0.026223487524341553	4.534395793576916e-5
0.026322831216013004	4.563499990175486e-5
0.026422551602033217	4.592860597188665e-5
0.026522649944221093	4.6224807137223204e-5
0.02662312750012682	4.6523634862289775e-5
0.0267239855227859	4.682512109344449e-5
0.026825225260468363	4.712929826740733e-5
0.026926847956427347	4.743619931996271e-5
0.0270288548486422	4.774585769483054e-5
0.027131247169558156	4.805830735271392e-5
0.027234026145826547	4.837358278053367e-5
0.027337192998036625	4.869171900083863e-5
0.027440748940448415	4.901275158141209e-5
0.027544695180721626	4.933671664507008e-5
0.02764903291964026	4.966365087965522e-5
0.02775376335083573	4.999359154823541e-5
0.027858887660507196	5.032657649951027e-5
0.027964407027138562	5.066264417842815e-5
0.02807032262121243	5.100183363702009e-5
0.028176635604922423	5.134418454545753e-5
0.02828334713188289	5.168973720333757e-5
0.028390458346834443	5.203853255119801e-5
0.0284979703853487	5.2390612182273656e-5
0.028605884373530704	5.27460183544971e-5
0.028714201427718026	5.3104794002747237e-5
0.028822922654177442	5.346698275135347e-5
0.028932049148801858	5.383262892686646e-5
0.02904158199680085	5.420177757108924e-5
0.029151522272393756	5.457447445439172e-5
0.02926187103849716	5.495076608929984e-5
0.02937262934641352	5.533069974437895e-5
0.029483798235515113	5.571432345840702e-5
0.02959537873292879	5.610168605485545e-5
0.02970737185321724	5.6492837156676426e-5
0.02981977859806024	5.68878272014111e-5
0.02993259995593257	5.728670745661973e-5
0.030045836901783217	5.7689530035650843e-5
0.030159490396710703	5.809634791374755e-5
0.030273561387638787	5.850721494450733e-5
0.030388050806990308	5.892218587670026e-5
0.03050295957236108	5.93413163714572e-5
0.030618288586191665	5.976466301983415e-5
0.030734038735438646	6.01922833607641e-5
0.030850210891246753	6.062423589940962e-5
0.03096680590861758	6.10605801259172e-5
0.031083824626080506	6.150137653459467e-5
0.031201267865361308	6.194668664351389e-5
0.03131913643105276	6.23965730145572e-5
0.0314374311102815	6.285109927390787e-5
0.031556152672378976	6.331033013301214e-5
0.03167530186854893	6.377433141000818e-5
0.03179487943153772	6.424317005164837e-5
0.03191488607530347	6.471691415571836e-5
0.03203532249468543	6.519563299396887e-5
0.032156189365074854	6.567939703557647e-5
0.032277487342085597	6.61682779711426e-5
0.032399217061226095	6.666234873724964e-5
0.03252137913757174	6.71616835415851e-5
0.03264397416543822	6.766635788865109e-5
0.032767002718057256	6.817644860607706e-5
0.03289046534725003	6.869203387154217e-5
0.03301436258310631	6.921319324033986e-5
0.03313869493366286	6.974000767358874e-5
0.0332634628845816	7.027255956710795e-5
0.03338866689883429	7.081093278098893e-5
0.03351430741638329	7.135521266986052e-5
0.03364038485386871	7.190548611388781e-5
0.03376689960429466	7.246184155050955e-5
0.033893852036720164	7.302436900694545e-5
0.03402124249594968	7.359316013348439e-5
0.03414907130222853	7.416830823758593e-5
0.0342773387509387	7.474990831880744e-5
0.03440604511229852	7.533805710458837e-5
0.034535190631064756	7.593285308691059e-5
0.034664775526237895	7.653439655986301e-5
0.034794799990770044	7.714278965813237e-5
0.034925264191274764	7.775813639644616e-5
0.035056168267742965	7.838054271000323e-5
0.0351875123332592	7.901011649590715e-5
0.035319296473724233	7.964696765564412e-5
0.035451520747577805	8.029120813862167e-5
0.035584185185527764	8.094295198681221e-5
0.03571728979028208	8.160231538052525e-5
0.03585083453628534	8.226941668534445e-5
0.035984819369457306	8.294437650025777e-5
0.03611924420693821	8.3627317707026e-5
0.03625410893683753	8.431836552081826e-5
0.03638941341798447	8.501764754214698e-5
0.0365251574796871	8.572529381015776e-5
0.03666134092149371	8.644143685729773e-5
0.03679796351295898	8.716621176541002e-5
0.0369350249934141	8.789975622329437e-5
0.037072525071745355	8.864221058578854e-5
0.03721046342617255	8.939371793439507e-5
0.037348839704035935	9.01544241395207e-5
0.03748765352158801	9.092447792436867e-5
0.03762690446378937	9.170403093053109e-5
0.03776659208411186	9.249323778534205e-5
0.03790671590434359	9.329225617103064e-5
0.03804727541440431	9.410124689575102e-5
0.03818827007216208	9.492037396652376e-5
0.03832969930325911	9.574980466416787e-5
0.03847156250094143	9.658970962027138e-5
0.03861385902589316	9.744026289626533e-5
0.03875658820608223	9.830164206468558e-5
0.03889974933660437	9.917402829265547e-5
0.03904334167954069	1.0005760642770029e-4
0.03918736446381562	1.0095256508593169e-4
0.03933181688506495	1.0185909674270345e-4
0.039476698105509085	1.0277739782580382e-4
0.03962200725383261	1.0370766881126852e-4
0.03976774342506822	1.0465011432189402e-4
0.03991390568049341	1.0560494322855906e-4
0.040060493047525465	1.0657236875440807e-4
0.04020750451963022	1.075526085820299e-4
0.04035493905623375	1.0854588496370064e-4
0.04050279558264165	1.0955242483480374e-4
0.04065107298996591	1.1057245993053147e-4
0.04079977013505795	1.1160622690597226e-4
0.04094888584044806	1.1265396745969682e-4
0.04109841889429425	1.1371592846096785e-4
0.041248368050335035	1.1479236208067903e-4
0.04139873202785127	1.1588352592616276e-4
0.041549509511634115	1.1698968317998898e-4
0.04170069915196149	1.1811110274289672e-4
0.04185229956457973	1.1924805938098884e-4
0.04200430933069507	1.2040083387734968e-4
0.0421567269969685	1.2156971318821812e-4
0.042309551075521715	1.227549906038944e-4
0.042462780043949454	1.2395696591453167e-4
0.042616412345336536	1.2517594558097663e-4
0.042770446388285706	1.2641224291085252e-4
0.04292488054695041	1.276661782400509e-4
0.0430797131610768	1.2893807911983562e-4
0.0432349425360496	1.302282805097401e-4
0.043390566942951174	1.3153712497649246e-4
0.04354658461862134	1.3286496289914422e-4
0.04370299376572897	1.3421215268065917e-4
0.0438597925528495	1.3557906096617613e-4
0.044016979114549576	1.3696606286818985e-4
0.04417455155148008	1.3837354219890465e-4
0.044332507930474475	1.3980189171001266e-4
0.04449084628465535	1.4125151334017802e-4
0.044649564613549596	1.427228184705086e-4
0.04480866088320993	1.4421622818830632e-4
0.04496813302634157	1.4573217355939603e-4
0.04512797894243842	1.4727109590936875e-4
0.045288196497927154	1.488334471140655e-4
0.045448783526316296	1.5041968989964002e-4
0.045609737828352474	1.5203029815257082e-4
0.04577105717218494	1.536657572400001e-4
0.045932739293537105	1.553265643407919e-4
0.046094781895883785	1.5701322878771358e-4
0.04625718265063649	1.5872627242117705e-4
0.04641993919733518	1.6046622995498033e-4
0.04658304914384517	1.622336493545118e-4
0.046746510066565855	1.64029092227925e-4
0.0469103195106387	1.6585313423074944e-4
0.04707447499016925	1.677063654845185e-4
0.047238973988450124	1.6958939100992132e-4
0.047403813958192854	1.715028311750868e-4
0.047568992321767756	1.7344732215959896e-4
0.04773450647144567	1.7542351643485415e-4
0.047900353769652085	1.7743208326145818e-4
0.048066531549220144	1.794737092043031e-4
0.04823303711365819	1.8154909866610364e-4
0.048399867737415364	1.8365897444008774e-4
0.04856702066615886	1.8580407828267922e-4
0.04873449311705438	1.879851715069689e-4
0.048902282279053515	1.9020303559785215e-4
0.04907038531318601	1.9245847284973116e-4
0.04923879935285911	1.947523070277366e-4
0.049407521504159335	1.9708538405344595e-4
0.0495765488461645	1.9945857271616636e-4
0.0497458784312573	2.018727654108397e-4
0.04991550728544482	2.0432887890372924e-4
0.05008543240868536	2.0682785512708948e-4
0.0502556507752166	2.0937066200405255e-4
0.05042615933389389	2.119582943050832e-4
0.05059695500852775	2.1459177453734011e-4
0.05076803469823019	2.1727215386843193e-4
0.05093939527776473	2.2000051308607128e-4
0.05111103359789939	2.2277796359521912e-4
0.05128294648576703	2.256056484544192e-4
0.05145513074522719	2.2848474345305898e-4
0.051627583157234244	2.314164582314313e-4
0.05180030048020845	2.344020374455288e-4
0.051973279450412135	2.374427619786313e-4
0.05214651678232838	2.4053995020182134e-4
0.052320009169043495	2.436949592857056e-4
0.05249375328263694	2.4690918656573814e-4
0.052667745774568654	2.5018407096360937e-4
0.052841983276075186	2.53521094467394e-4
0.05301646239856459	2.5692178367319216e-4
0.053191179734020336	2.6038771139124474e-4
0.05336613185540215	2.639204983195504e-4
0.0535413153170531	2.6752181478828405e-4
0.053716726655110104	2.7119338257843755e-4
0.05389236238791599	2.749369768182912e-4
0.0540682190164328	2.7875442796153354e-4
0.054244293024661626	2.8264762385108816e-4
0.05442058088005959	2.866185118728542e-4
0.05459707903396428	2.9066910120390964e-4
0.05477378392201623	2.948014651598727e-4
0.054950691964586094	2.990177436464801e-4
0.05512779956720228	3.0332014572065515e-4
0.05530510312098082	3.077109522666955e-4
0.05548259900305644	3.1219251879349816e-4
0.05566028357701616	3.167672783591169e-4
0.05583815319333425	3.2143774462928807e-4
0.05601620418980597	3.26206515076954e-4
0.05619443289198707	3.3107627433027933e-4
0.05637283561363018	3.3604979767701347e-4
0.05655140865712303	3.411299547336089e-4
0.05673014831393067	3.4631971328799094e-4
0.05690905086503214	3.5162214332535777e-4
0.05708811258136591	3.5704042124709616e-4
0.057267329724268234	3.625778342933494e-4
0.05744669854591493	3.6823778518058623e-4
0.05762621528976481	3.740237969661529e-4
0.05780587619100134	3.7993951815253974e-4
0.057985677476973634	3.859887280449317e-4
0.05816561536764018	3.9217534237648955e-4
0.05834568607601003	3.98503419216689e-4
0.0585258858085823	4.0497716517907495e-4
0.05870621076579026	4.116009419459e-4
0.05888665714243961	4.183792731281441e-4
0.059067221128149015	4.253168514807725e-4
0.05924789890778775	4.3241854649432425e-4
0.05942868666191556	4.3968941238540485e-4
0.05960958056721873	4.471346965101227e-4
0.05979057679694608	4.547598482262092e-4
0.059971671521342855	4.625705282312953e-4
0.06015286090808542	4.7057261840675673e-4
0.06033414112271315	4.7877223219855946e-4
0.06051550832905735	4.871757255687474e-4
0.06069695868967162	4.957897085536705e-4
0.060878488366259184	5.046210574675392e-4
0.06106009352009602	5.136769277927102e-4
0.06124177031245703	5.22964767801179e-4
0.06142351490503581	5.324923329548868e-4
0.06160532346036411	5.422677011360724e-4
0.06178719214222923	5.522992887626723e-4
0.06196911711608915	5.625958678478999e-4
0.06215109454948499	5.731665840676035e-4
0.0623331206124502	5.840209759038743e-4
0.06251519147791895	5.951689949386483e-4
0.06269730332213197	6.066210273767573e-4
0.06287945232503599	6.1838791688406e-4
0.0630616346706872	6.304809888332074e-4
0.06324384654764374	6.429120760567009e-4
0.06342608414936218	6.556935462152245e-4
0.06360834367458817	6.688383308977283e-4
0.06379062132774144	6.823599565793825e-4
0.06397291331930524	6.962725775740246e-4
0.0641552158662014	7.105910111288068e-4
0.06433752519217445	7.253307748216398e-4
0.06451983752816079	7.405081264351041e-4
0.06470214911266511	7.561401064959426e-4
0.06488445619212382	7.722445836850772e-4
0.06506675502127258	7.888403033414664e-4
0.0652490418635044	8.059469393024005e-4
0.06543131299122829	8.235851493447688e-4
0.06561356468622294	8.417766345153885e-4
0.06579579323998355	8.605442026647115e-4
0.06597799495407211	8.799118365272216e-4
0.06616016614045447	8.999047667232984e-4
0.06634230312184045	9.205495500928321e-4
0.0665244022320203	9.418741538094362e-4
0.06670645981618957	9.63908045766916e-4
0.06688847223127967	9.866822917776025e-4
0.06707043584627725	0.0010102296601743174
0.06725234704254246	0.0010345847344665567
0.06743420221412313	0.001059784034766272
0.06761599776806342	0.0010858661487707845
0.0677977301247098	0.0011128718731708857
0.06797939571801073	0.0011408443664416125
0.06816099099581427	0.0011698293140733668
0.06834251242016053	0.0011998751074125606
0.06852395646756892	0.001231033037406085
0.0687053196293205	0.0012633575046837875
0.06888659841174133	0.0012969062475703113
0.06906778933647034	0.0013317405897935103
0.06924888894073625	0.001367925709855679
0.06942989377761999	0.0014055309342562163
0.06961080041631637	0.0014446300570068189
0.06979160544239034	0.0014853016881643097
0.06997230545802981	0.0015276296344279262
0.07015289708229554	0.0015717033152122337
0.07033337695135848	0.001617618218019914
0.07051374171874437	0.001665476397409001
0.07069398805556552	0.0017153870223829706
0.07087411265074922	0.0017674669776423242
0.07105411221126263	0.0018218415248322892
0.07123398346233632	0.0018786450307180936
0.0714137231476756	0.0019380217701321129
0.07159332802967487	0.002000126812586636
0.0717727948896216	0.002065127002652184
0.07195212052790081	0.002133202045593445
0.07213130176419008	0.0022045457113619867
0.072310335437655	0.002279367171906892
0.07248921840713375	0.0023578924889235747
0.07266794755132286	0.0024403662716734878
0.07284651976895883	0.0025270535274344703
0.07302493197898637	0.002618241730561822
0.07320318112073512	0.002714243140147745
0.07338126415407964	0.0028153974009694277
0.07355917805960353	0.0029220744679560764
0.07373691983875387	0.0030346779009421242
0.07391448651399647	0.0031536485842144158
0.07409187512895934	0.0032794689345489493
0.07426908274857724	0.003412667672375749
0.07444610645923153	0.003553825243779141
0.07462294336888185	0.0037035799967026456
0.07479959060719922	0.0038626352335582722
0.07497604532568641	0.004031767285157481
0.0751523046978057	0.004211834778389987
0.07532836591908783	0.004403789303505554
0.07550422620725053	0.004608687727644798
0.07567988280230512	0.004827706451227119
0.07585533296665782	0.005062157965270673
0.07603057398521199	0.005313510143662715
0.07620560316546371	0.005583408798661003
0.07638041783759054	0.005873704145469063
0.07655501535454053	0.006186481969082155
0.07672939309211542	0.006524100472261572
0.07690354844904844	0.006889234018709944
0.07707747884707995	0.007284925285228421
0.07725118173102744	0.007714647720830763
0.07742465456885211	0.008182380706420547
0.0775978948517252	0.008692700452306096
0.07777090009408132	0.009250890512651226
0.0779436678336791	0.00986307690515543
0.07811619563164711	0.010536394297250295
0.0782884810725373	0.011279191692566215
0.07846052176436126	0.012101288716109352
0.07863231533863743	0.013014297230365462
0.07880385945042319	0.014032028019539683
0.0789751517783487	0.01517100924667351
0.07914619002464433	0.016451153199122385
0.07931697191516694	0.01789662182189051
0.07948749519942329	0.019536961734275937
0.07965775765058629	0.021408609008424954
0.07982775706550937	0.02355690799015024
0.07999749126474058	0.026038854985589794
