0.001	2.558136921246862e-4
0.0010046157902783945	2.5500406013343537e-4
0.0010092528860766844	2.5849589858241125e-4
0.0010139113857366789	2.5768653635480397e-4
0.001018591388054117	2.5688403846079247e-4
0.0010232929922807535	2.618002605236283e-4
0.0010280162981264724	2.6098932705351317e-4
0.001032761405761397	2.6452894154419486e-4
0.0010375284158180116	2.6371832700629446e-4
0.0010423174293933035	2.629145334985636e-4
0.0010471285480508985	2.6646770207552775e-4
0.0010519618738232214	2.6708197356888253e-4
0.0010568175092136574	2.706700163956244e-4
0.001061695557198723	2.698582469506151e-4
0.001066596121230257	2.6905325653562694e-4
0.0010715193052376049	2.726552198489887e-4
0.0010764652136298328	2.718505957476763e-4
0.0010814339512979364	2.7692088742240547e-4
0.0010864256236170634	2.761080632675367e-4
0.0010914403364487549	2.7976577767553043e-4
0.0010964781961431828	2.7895340045059334e-4
0.0011015393095414122	2.781477339012338e-4
0.0011066237839776642	2.8181990884149977e-4
0.0011117317272815886	2.8246957082647103e-4
0.001116863247780559	2.861773259670878e-4
0.0011220184543019607	2.8536405072448513e-4
0.001127197456175507	2.8909278654325166e-4
0.0011324003632355543	2.882800385956759e-4
0.0011376272858234274	2.874739358764958e-4
0.001142878334789769	2.912176798366133e-4
0.0011481536214968794	2.9041210514182644e-4
0.0011534532578210883	2.9566875213723624e-4
0.0011587773561551227	2.9485526909676484e-4
0.0011641260294104872	2.986564023937837e-4
0.0011694993910198676	2.9784352989179993e-4
0.0011748975549395256	2.9703723997938895e-4
0.001180320635651725	3.008539369204867e-4
0.001185768748167156	3.000482601510742e-4
0.0011912420080273701	3.038866397704955e-4
0.0011967405313072395	3.045871708238591e-4
0.0012022644346174082	3.084621044307155e-4
0.0012078138351067748	3.0764936290899323e-4
0.0012133888504649725	3.1154622096524366e-4
0.001218989598924861	3.1073420503016e-4
0.001224616199265044	3.099286873892028e-4
0.001230268770812376	3.138418500852719e-4
0.0012359474334445043	3.1303706312260106e-4
0.0012416523075924055	3.1697245197365577e-4
0.0012473835142429368	3.1770314893958985e-4
0.0012531411749414105	3.216756622198473e-4
0.001258925411794161	3.2086413262928003e-4
0.0012647363474711446	3.2485912130966055e-4
0.0012705741052085355	3.240484376188803e-4
0.0012764388088113369	3.2806602858608246e-4
0.0012823305826560152	3.272562212132122e-4
0.001288249551693127	3.264528097472347e-4
0.0012941958414499784	3.3048764174733206e-4
0.0013001695780332832	3.296851147852392e-4
0.0013061708881318339	3.337428585932636e-4
0.0013121998990191961	3.329412474753325e-4
0.0013182567385563993	3.386078013169815e-4
0.001324341535194656	3.3779894818842333e-4
0.0013304544179780834	3.419177045555235e-4
0.0013365955165464338	3.4110985482984924e-4
0.001342764961137856	3.4525191242806277e-4
0.001348962882591645	3.444450981618537e-4
0.0013551894123510267	3.486105885787062e-4
0.0013614446824659412	3.478048421497199e-4
0.0013677288255958397	3.470053753253204e-4
0.0013740419750125064	3.5118925183252403e-4
0.0013803842646028753	3.5039086473719034e-4
0.0013867558288718782	3.545984933301768e-4
0.0013931568029452936	3.538012192790902e-4
0.0013995873225726078	3.5803273385048075e-4
0.0014060475241299043	3.5723660648514166e-4
0.001412537544622744	3.6149214169625796e-4
0.001419057521689081	3.6069719498716746e-4
0.0014256075936021778	3.649768862725185e-4
0.0014321878992735323	3.641831545218755e-4
0.001438798578255835	3.701370708967454e-4
0.001445439770745916	3.693365886756151e-4
0.0014521116175877302	3.73679846059438e-4
0.001458814260275337	3.7288067053480164e-4
0.0014655478409558993	3.7724849732584636e-4
0.0014723125024327073	3.764506636191461e-4
0.001479108388168195	3.8084319863753384e-4
0.0014859356422869938	3.800467422158716e-4
0.0014927944095789838	3.84464125074682e-4
0.0014996848355023603	3.836690817535585e-4
0.0015066070661867294	3.8811145286354946e-4
0.0015135612484361949	3.873178588096326e-4
0.0015205475297324813	3.917853593839723e-4
0.001527566058238059	3.909932511178798e-4
0.00153461698279928	3.9548602317691136e-4
0.0015417004529495457	3.946954375760235e-4
0.0015488166189124668	3.9921362395207055e-4
0.0015559656316050591	3.984245982533491e-4
0.0015631476426409396	4.0296834259552803e-4
0.0015703628043335371	4.0218091439838164e-4
0.0015776112696993339	4.0675036117745914e-4
0.0015848931924610978	4.0596456844660915e-4
0.0015922087270511538	4.105598629598837e-4
0.0015995580286146532	4.097757440282619e-4
0.0016069412530128608	4.143970324044744e-4
0.0016143585568264705	4.1188867890381295e-4
0.0016218100973589133	4.165212197574705e-4
0.0016292960326397049	4.1574829150404927e-4
0.0016368165214277917	4.204071158702854e-4
0.001644371723214914	4.1963595880928345e-4
0.001651961798228998	4.2432121512729203e-4
0.0016595869074375426	4.2355186925169356e-4
0.001667247212551044	4.282637068145824e-4
0.0016749428760264194	4.274962124980734e-4
0.0016826740610704485	4.3223478145790103e-4
0.001690440931643246	4.314691794579576e-4
0.0016982436524617252	4.3623463083077393e-4
0.0017060823890031034	4.4103098200717834e-4
0.001713957307508406	4.402634479626922e-4
0.0017218685749859867	4.450869300199269e-4
0.001729816359215082	4.4432142714735575e-4
0.001737800828749355	4.4917219356926876e-4
0.0017458221529204824	4.4840876395096295e-4
0.0017538805018417405	4.5328696910158014e-4
0.0017619760464116076	4.507310973277092e-4
0.0017701089583174003	4.556219819504972e-4
0.001778279410038901	4.548703443457194e-4
0.001786487574852028	4.597889719546176e-4
0.0017947336268325045	4.590395179441124e-4
0.0018030177408595459	4.639860453857883e-4
0.0018113400926195802	4.689640912981164e-4
0.0018197008586099603	4.682134038343331e-4
0.0018281002161427183	4.732196087693694e-4
0.001836538343348323	4.72471250210956e-4
0.0018450154191794492	4.77505773557468e-4
0.0018535316234147877	4.749246971594982e-4
0.0018620871366628428	4.799727735313938e-4
0.0018706821403657748	4.792366004294026e-4
0.0018793168168032435	4.843133085242308e-4
0.0018879913490962674	4.8357958265557894e-4
0.001896705921211121	4.886850844483324e-4
0.001905460717963221	4.938226504055867e-4
0.0019142559250210586	4.930883104653696e-4
0.001923091728910132	4.982549386230793e-4
0.0019319683170168965	4.956544905766796e-4
0.0019408858775927516	5.00835411423393e-4
0.0019498445997580176	5.001136052759347e-4
0.001958844673505961	5.053239093791642e-4
0.001967886289706817	5.10566629715937e-4
0.0019769696401118315	5.098446335769243e-4
0.001986094917357343	5.151170117834369e-4
0.0019952623149688503	5.125027281145353e-4
0.0020044720273651308	5.177899953207775e-4
0.002013724249862359	5.170808224322685e-4
0.0020230191786782406	5.223980748185544e-4
0.002032357010936192	5.277481055123781e-4
0.002041737944669498	5.270391753724365e-4
0.002051162178825533	5.324194720565161e-4
0.002060629913269969	5.297917974407511e-4
0.0020701413487910097	5.35187589495937e-4
0.002079696687103664	5.406164189750675e-4
0.0020892961308540065	5.399181786962481e-4
0.00209893988362349	5.453777209062682e-4
0.0021086281499332563	5.427418267277528e-4
0.0021183611352484674	5.482173167507977e-4
0.0021281390459826784	5.475324344456477e-4
0.0021379620895021975	5.530389756992738e-4
0.002147830474130498	5.585789338228724e-4
0.0021577444091526315	5.578950730773513e-4
0.0021677041048196585	5.61491467443277e-4
0.0021777097723531236	5.608179312100768e-4
0.002187761623949516	5.664058046791161e-4
0.002197859872784787	5.720273668360664e-4
0.002208004733018863	5.71355194281615e-4
0.0022181964198001807	5.750143254150697e-4
0.0022284351492702667	5.743525709579975e-4
0.0022387211385683013	5.800229773974592e-4
0.0022490546058357413	5.857273497233779e-4
0.002259435770220939	5.830685375126168e-4
0.0022698648518837817	5.887902487755713e-4
0.002280342072000379	5.945460875179841e-4
0.0022908676527677325	5.938948803749218e-4
0.0023014418174084664	5.996832873097298e-4
0.002312064790175554	5.970174498282769e-4
0.0023227367963570647	6.028236712114418e-4
0.0023334580622809617	6.086643060613057e-4
0.0023442288153198796	6.080259762095736e-4
0.0023550492838959654	6.118547693020307e-4
0.002365919697485715	6.112271226084482e-4
0.0023768402866248322	6.171191033200566e-4
0.0023878112829131344	6.230457889152447e-4
0.0023988329190194457	6.203710230316973e-4
0.002409905428686549	6.263163151003907e-4
0.002421029046736133	6.322964825810726e-4
0.0024322040090737685	6.296196461351484e-4
0.002443430552693926	6.356187328037596e-4
0.0024547089156849835	6.416528675591267e-4
0.0024660393372342906	6.410473559209753e-4
0.002477422057633238	6.450274897393389e-4
0.002488857318282342	6.444329121544044e-4
0.0025003453616963835	6.505206114801166e-4
0.002511886431509531	6.566436626131954e-4
0.002523480772480524	6.539592681494383e-4
0.0025351286304978577	6.601020536146543e-4
0.0025468302525849897	6.662803691481502e-4
0.0025585858869055953	6.63594476118641e-4
0.002570395782768812	6.697928477006109e-4
0.0025822601906345427	6.760269297739487e-4
0.002594179362118762	6.733397092549543e-4
0.0026061535499988416	6.795941716572573e-4
0.0026181830082189325	6.858845271410442e-4
0.0026302679918953275	6.831961533861481e-4
0.0026424087573218907	6.895072160859149e-4
0.002654605561975485	6.958543566295748e-4
0.0026668586645214234	6.93165007114683e-4
0.002679168324818977	6.995331844103163e-4
0.002691534803926859	7.059376264902667e-4
0.0027039583641087855	7.032474819592115e-4
0.0027164392688390254	7.096732930186254e-4
0.0027289777828079817	7.161355579869321e-4
0.0027415741719278245	7.134448024976887e-4
0.002754228703338107	7.199287714071075e-4
0.0027669416454114506	7.264493855406749e-4
0.002779713267759229	7.237582065121646e-4
0.002792543841237276	7.303008623254072e-4
0.002805433637951653	7.368803568757118e-4
0.0028183829312643915	7.341889451352412e-4
0.002831391995799315	7.407908219235851e-4
0.002844461107447853	7.452219361886908e-4
0.002857590543374882	7.447382829982326e-4
0.0028707805820246276	7.513999199007983e-4
0.002884031503126541	7.55878807525838e-4
0.0028973435877012563	7.626001177930604e-4
0.00291071711806654	7.621294396557484e-4
0.002924152377843268	7.666566082196329e-4
0.0029376496519614645	7.734386282538753e-4
0.0029512092266663174	7.707510510994263e-4
0.0029648313895242724	7.775566410032736e-4
0.002978516429429121	7.843999244334976e-4
0.0029922646366081188	7.817130160018488e-4
0.0030060763026281616	7.885802226770441e-4
0.003019951720401945	7.932249998012078e-4
0.0030338911841941976	8.001532468497303e-4
0.0030478949896279115	7.97470826832822e-4
0.0030619634336906034	8.044235047880777e-4
0.0030760968147406356	8.114143502870572e-4
0.003090295432513516	8.087331301356973e-4
0.0031045595881282794	8.157487672215839e-4
0.003118889584093862	8.205141628549038e-4
0.0031332857243155086	8.275918262949793e-4
0.00314774831410124	8.249159010159246e-4
0.0031622776601683018	8.320188738502561e-4
0.003176874070649691	8.368558899576672e-4
0.0031915378551006833	8.440214637602475e-4
0.0032062693245053855	8.436536344882378e-4
0.0032210687912833554	8.485427372405026e-4
0.0032359365692962018	8.557730793567e-4
0.003250872973854261	8.531050416845978e-4
0.0032658783217232763	8.603615897624174e-4
0.0032809529311311064	8.653241469751459e-4
0.003296097121774495	8.726443213542845e-4
0.0033113112148258263	8.699829344020058e-4
0.0033265955329399586	8.773298493085551e-4
0.003341950400261057	8.823669500217494e-4
0.0033573761424294593	8.897780890264669e-4
0.003372873086588603	8.871238813667848e-4
0.003388441561391937	8.94562301836957e-4
0.0034040818970099184	8.996750516391291e-4
0.0034197944251369997	9.071783026847498e-4
0.003435579478998655	9.045318150553704e-4
0.003451437393358473	9.120628950071963e-4
0.0034673685045252243	9.172524162991109e-4
0.0034833731503600236	9.248489420710723e-4
0.00349945167028348	9.300858050764018e-4
0.0035156044052828865	9.274524953469132e-4
0.003531831697919476	9.351030686236079e-4
0.0035481338923356587	9.403926659450388e-4
0.003564511334262344	9.481094683091804e-4
0.0035809643710262634	9.454851820285234e-4
0.0035974933515573243	9.532310943374912e-4
0.0036140986263960354	9.586000880172282e-4
0.003630780547700914	9.664128649800514e-4
0.0036475394692559756	9.637981846963026e-4
0.003664375746478232	9.692213441131355e-4
0.0036812897364252115	9.770902107737835e-4
0.0036982817978025604	9.825627022367895e-4
0.0037153522909716213	9.904992431347649e-4
0.0037325015779570993	9.87900295409467e-4
0.0037497300224547305	9.958672630619818e-4
0.003767037989838981	0.0010014218680373208
0.003784425847170827	0.001006999831711656
0.003801893963205504	0.001015062135978581
0.003819442708400355	0.0010124799876463073
0.0038370724549226785	0.0010205734775589274
0.0038547835766576063	0.00102623512261879
0.003872576449216062	0.0010319205717843488
0.0038904514499426934	0.0010401106732784622
0.0039084089579239055	0.0010375464214125148
0.003926449353995885	0.001043289435168529
0.003944573020752668	0.0010515392087245704
0.00396278034255428	0.0010573341963207705
0.0039810717055348555	0.0010656541639756324
0.003999447497610855	0.0010715014979595996
0.004017908108489281	0.001068962668586294
0.004036453929675929	0.0010773435419485272
0.004055085354483719	0.0010832501613998917
0.004073802778041005	0.00108918160534053
0.004092606597299984	0.001097661986540524
0.004111497211045099	0.001103646899771514
0.004130475019901488	0.0011011352871773592
0.004149540426343505	0.0011096781090848247
0.004168693834703227	0.0011157237940995688
0.004187935651179054	0.0011217948835222705
0.004207266283844313	0.0011304388469158466
0.004226686142655899	0.001136564554211072
0.004246195639462999	0.0011340820135127268
0.004265795188015795	0.0011402406214108846
0.0042854852039742606	0.0011489779866047547
0.004305266104916974	0.001155191987911412
0.0043251383103499515	0.0011614320961638544
0.004345102241715581	0.0011702725634662914
0.004365158322401522	0.0011765686768903587
0.0043853069777497165	0.0011741246853038537
0.004405548635065395	0.0011804548606866975
0.0044258837236261245	0.0011893913095722564
0.004446312674690947	0.001195778286531688
0.004466835921509489	0.001202192093259646
0.004487453899331176	0.00121123365625303
0.004508167045414457	0.0012177048931630552
0.004528975799036061	0.0012242032911047075
0.004549880601500341	0.0012218087845460841
0.004570881896148602	0.0012283426336162004
0.004591980128368535	0.0012375137183838316
0.0046131757456036445	0.0012441060380275113
0.004634469197362727	0.001250726046578248
0.0046558609352294385	0.0012573738599502321
0.0046773514128718285	0.0012666837458061731
0.004698941086051997	0.0012733909044094869
0.00472063041263575	0.0012801262112684254
0.004742419852602289	0.0012777939312718742
0.004764309868054001	0.0012845663288430706
0.004786300923226224	0.0012940102329902104
0.004808393484497122	0.0013008430533329994
0.004830588020397566	0.0013077045703459352
0.004852885001621046	0.0013145949043780099
0.0048752849010337005	0.0013215141763104348
0.004897788193684296	0.001331132999289302
0.00492039535681434	0.0013381138354225173
0.004943106869868187	0.0013451239670641034
0.00496592321450319	0.0013521635171518782
0.004988844874599953	0.0013499180049603872
0.00501187233627255	0.0013569967716714232
0.0050350060878788724	0.0013641052899393666
0.005058246620030966	0.0013739295583103976
0.0050815944256054285	0.0013811012443001062
0.005105049999753888	0.0013883030497676581
0.00512861383991347	0.0013955351013498058
0.005152286445817383	0.0014027975262455442
0.0051760683195054965	0.0014100904522188025
0.0051999599653349765	0.001417414007601198
0.005223961889991016	0.0014247683212947255
0.005248074602497541	0.0014348760192870028
0.005272298614228038	0.0014422954448961931
0.005296634438916391	0.0014497460092671413
0.005321082592667751	0.0014572278435037082
0.005345643593969528	0.0014647410792932997
0.005370317963702335	0.0014722858489097255
0.00539510622515108	0.0014798622852159884
0.005420008904016045	0.0014777884518351067
0.005445026528424014	0.0014854079119597534
0.00547015962893952	0.0014930594007294634
0.005495408738576046	0.0015007430533255598
0.00552077439280737	0.0015084590055328658
0.005546257129578906	0.0015162073937426072
0.005571857489319093	0.0015239883549553487
0.005597576014950898	0.0015318020267839367
0.005623413251903284	0.0015396485474564636
0.005649369748122814	0.0015502934847392796
0.005675446054085262	0.0015582091835577192
0.005701642722807263	0.001566158138145168
0.005727960309858082	0.0015741404891025654
0.005754399373371355	0.0015821563776604018
0.005780960474056962	0.0015902059456817787
0.005807644175212904	0.001598289335665465
0.005834451042737227	0.0016064066907489857
0.005861381645140069	0.001614558154711722
0.005888436553555667	0.0016227438719780632
0.005915616341754513	0.0016309639876204715
0.005942921586155502	0.001636420173343766
0.00597035286583814	0.001644706593176603
0.005997910762554868	0.0016530278633458376
0.006025595860743347	0.0016613841316748792
0.006053408747538901	0.0016697755466519896
0.006081350012786946	0.001678202257433562
0.006109420249055484	0.0016866644138473306
0.006137620051647707	0.001695162166395687
0.006165950018614583	0.0017036956662589446
0.006194410750767571	0.001722564307385208
0.006223002851691354	0.0017311916619159168
0.006251726927756613	0.0017398552635780236
0.006280583588132936	0.0017485552663662567
0.006309573444801685	0.001757291824970114
0.006338697112569017	0.001766065094777228
0.006367955209078908	0.001772027739722325
0.006397348354826227	0.0017808722030085735
0.006426877173169945	0.0017897538627396625
0.006456542290346298	0.0017986728772703586
0.006486344335482123	0.0018076294056717306
0.006516283940608168	0.0018166236077347122
0.006546361740672486	0.001825655643973564
0.0065765783735539434	0.0018347256756295282
0.0066069344800756945	0.001840975455046716
0.006637430704018818	0.001850119384163698
0.0066680676921359525	0.0018593018128804245
0.006698846094164991	0.0018791983156547897
0.006729766562842907	0.0018884808587556132
0.0067608297539195426	0.0018978024400294776
0.006792036326171565	0.0019042835286702635
0.006823386941416418	0.0019136812327163438
0.006854882264526333	0.0019231184941790349
0.00688652296344248	0.0019325954821460534
0.00691830970918908	0.001942112366474434
0.006950243175887678	0.0019487876836898931
0.006982324040771426	0.001958382501523384
0.00701455298419942	0.001978919258336301
0.0070469306896711785	0.001988618155072079
0.007079457843841084	0.0019983578713122464
0.00711213513653299	0.002005239531683005
0.007144963260754835	0.0020150591587604003
0.007177942912713314	0.0020249201508100068
0.007211074791828695	0.0020348226851857956
0.007244359600749595	0.0020418690898630393
0.007277798045367929	0.0020629380507219456
0.007311390834833866	0.002072987516347906
0.0073451386815708355	0.002080169470428312
0.007379042301290698	0.0020903016717237826
0.007413102413008858	0.0021004765812888226
0.007447319739059569	0.0021106943826515625
0.007481695005111224	0.002118047218743906
0.00751622894018173	0.0021395968020745198
0.007550922276654017	0.002149966090553324
0.00758577575029151	0.002157459790580029
0.007620790100253788	0.0021679147430719997
0.007655966069112233	0.002178413794193226
0.00769130440286576	0.0021860421413567597
0.0077268058509566894	0.002196628097674602
0.007762471166286578	0.002218670745320133
0.007798301105232243	0.002226444722623226
0.007834296427661775	0.0022371876200333427
0.007870457896950638	0.002247975859619661
0.007906786279997906	0.002255888806497338
0.007943282347242463	0.0022782967466913515
0.00797994687267941	0.002289244735487105
0.008016780633876437	0.002297308228794603
0.008053784411990306	0.0023083472152862104
0.008090958991783465	0.002316508881190278
0.008128305161640629	0.00233928906191484
0.008165823713585554	0.0023475597349990164
0.008203515443297817	0.002358807935860669
0.00824138115012965	0.0023701036684135287
0.008279421637122973	0.0023785209780498398
0.008317637711026334	0.002401680507750352
0.008356030182312098	0.0024102099397218294
0.008394599865193595	0.0024217199048547863
0.008433347577642369	0.002430352367261405
0.008472274141405582	0.002453824560492721
0.008511380382023375	0.0024655047636854104
0.008550667128846438	0.002474300155763855
0.008590135215053566	0.0024860781723569335
0.008629785477669304	0.002494979379775802
0.00866961875758177	0.0025188442350272066
0.008709635899560404	0.002527863445641141
0.008749837752273953	0.002539865153277299
0.008790225168308437	0.002561053312327582
0.008830799004185215	0.002573181098072904
0.0088715601203792	0.002582429212239748
0.008912509381337039	0.0025917369208361047
0.008953647655495516	0.002616176892355685
0.008994975815299932	0.0026256075254660564
0.00903649473722259	0.002638017316566662
0.009078205301781434	0.0026475604212910877
0.009120108393558668	0.0026723332362429473
0.009162204901219561	0.002682002114227111
0.00920449571753128	0.0026946480531515548
0.009246981739381785	0.0027167642692225292
0.009289663867798927	0.002726623097510275
0.009332543007969466	0.0027394554024211585
0.009375620069258352	0.0027494312071215873
0.009418895965227965	0.002774804856920179
0.009462371613657474	0.00278491166028527
0.009506047936562362	0.0027950828028136046
0.009549925860213901	0.002820722408641981
0.009594006315158865	0.0028310269037017566
0.009638290236239242	0.0028413968360738646
0.00968277856261202	0.0028673057044927143
0.009727472237769184	0.0028778113835349925
0.009772372209557631	0.002888383620398328
0.009817479430199363	0.0029145651091744117
0.009862794856311625	0.002925275527917167
0.00990831944892719	0.00293605364778188
0.009954054173514786	0.002962511166842597
0.00999999999999951	0.002973429945681592
0.010046157902783459	0.0029844175921781325
0.010092528860766349	0.003011154604586517
0.01013911385736629	0.0030222854298697886
0.010185913880540664	0.003033486313033547
0.010232929922807034	0.0030576330945502597
0.010280162981264225	0.0030718529613139606
0.010327614057613463	0.003096208790415088
0.010375284158179607	0.0031077131459429997
0.01042317429393252	0.003119289659088647
0.010471285480508472	0.0031467977407139266
0.010519618738231703	0.003158524502876697
0.010568175092136055	0.003183390670649441
0.010616955571986709	0.0031952799755947956
0.010665961212302039	0.0032072436118937434
0.010715193052375522	0.0032352504126925644
0.010764652136297804	0.0032473689403347493
0.010814339512978834	0.0032727581263411114
0.0108642562361701	0.0032850441624080354
0.010914403364487008	0.0032974067800926755
0.01096478196143129	0.003323108712920691
0.011015393095413587	0.0033384455460595706
0.011066237839776099	0.003364370805121043
0.01111731727281534	0.003377065729110858
0.011168632477805035	0.0034032162224787894
0.011220184543019056	0.0034160859672532945
0.011271974561754524	0.0034290356200112255
0.011324003632354987	0.003455510825534971
0.011376272858233717	0.0034686385280172814
0.011428783347897122	0.003495344927829738
0.01148153621496823	0.003508652941739408
0.011534532578210322	0.00353834784830406
0.011587773561550658	0.003551826851690516
0.011641260294104302	0.0035790017179184435
0.011694993910198095	0.003592665508092632
0.011748975549394679	0.003620078656621035
0.011803206356516677	0.0036339295837592997
0.011857687481670978	0.003661583525579649
0.011912420080273116	0.0036756239712960014
0.0119674053130718	0.003703521249100065
0.012022644346173492	0.0037177536269087843
0.012078138351067162	0.003745896815551761
0.012133888504649129	0.0037603235713371077
0.012189895989248013	0.003788715278308076
0.012246161992649832	0.003803338890801957
0.012302687708123157	0.003831981756702033
0.012359474334444443	0.0038468047379694023
0.012416523075923447	0.003873061012314917
0.012473835142428757	0.003888098727851935
0.012531411749413484	0.003917255439436437
0.012589254117940993	0.003932497816396114
0.01264736347471083	0.003961914110586898
0.01270574105208473	0.0039914783325919485
0.012764388088112743	0.004007042426418576
0.012823305826559517	0.004036870379969745
0.012882495516930638	0.004052645858683478
0.012941958414499155	0.004082740379257292
0.013001695780332195	0.0040961851680265775
0.013061708881317696	0.004126554021018483
0.01312199899019131	0.004142774234024161
0.013182567385563346	0.004173415751858065
0.013243415351945918	0.0042042116135218004
0.01330454417978018	0.004220772907370916
0.013365955165463681	0.0042493596918607105
0.013427649611377894	0.00426615945846219
0.013489628825915787	0.004297518534314245
0.013551894123509609	0.004329035746328204
0.013614446824658745	0.0043437526955127015
0.013677288255957725	0.004375561487727853
0.013740419750124383	0.004407530807476363
0.013803842646028077	0.004425057622706785
0.013867558288718109	0.00445492658371038
0.013931568029452251	0.004472705155459779
0.01399587322572539	0.004505265069982562
0.014060475241298345	0.0045379895225376955
0.014125375446226746	0.004553805283795526
0.01419057521689012	0.0045868361299763105
0.014256075936021077	0.004620034044408259
0.014321878992734618	0.004636286900887502
0.014387985782557636	0.004669797072860491
0.014454397707458452	0.004703476898636155
0.014521116175876595	0.004720176675684054
0.014588142602752653	0.004754174748743099
0.014655478409558274	0.004786124032447745
0.014723125024326343	0.0048055018670733335
0.014791083881681225	0.0048399966021925684
0.014859356422869216	0.00487249159450351
0.014927944095789104	0.00490734752767735
0.014996848355022867	0.004925153165748304
0.015066070661866547	0.0049603421006418945
0.015135612484361205	0.004995709830432596
0.015205475297324076	0.005013997300289798
0.015275660582379842	0.005049704470523743
0.015346169827992046	0.005083537746301263
0.015417004529494693	0.005119621011701201
0.015488166189123909	0.005138592607875831
0.015559656316049835	0.005175024403919127
0.01563147642640863	0.005209660946043954
0.0157036280433346	0.0052464778203545
0.015776112696992556	0.005281537244741719
0.0158489319246102	0.005303329642554278
0.015922087270510765	0.0053387915300770385
0.015995580286145745	0.00537448164126922
0.01606941253012782	0.005412256751206954
0.016143585568263903	0.005432866489028199
0.016218100973588338	0.005471011838222054
0.016292960326396256	0.0055075564319073955
0.016368165214277114	0.0055443373843140275
0.016443717232148332	0.005583102097431718
0.01651961798228916	0.005604681811576907
0.016595869074374613	0.0056421304302816805
0.01667247212550963	0.005681495353827377
0.01674942876026337	0.005719405944115096
0.016826740610703658	0.005757563229273806
0.01690440931643162	0.005797571648419008
0.01698243652461642	0.005836200568007445
0.017060823890030205	0.005859238580476172
0.01713957307508322	0.005899872351724519
0.017218685749859023	0.005939208565388844
0.017298163592149963	0.0059788023336918425
0.017378008287492697	0.006018655635390217
0.017458221529203975	0.006060190454345436
0.017538805018416544	0.00610053917693715
0.01761976046411521	0.006141153124539031
0.017701089583173124	0.006165974670692819
0.017782794100388136	0.006207098716915728
0.017864875748519412	0.006249769243138119
0.017947336268324163	0.006291406889337775
0.018030177408594573	0.006333319801292942
0.018113400926194904	0.0063755101160392555
0.01819700858609871	0.006417979989865485
0.018281002161426297	0.006460731598511
0.01836538343348233	0.0065037671373651025
0.018450154191793588	0.006548147137619713
0.01853531623414696	0.0065917232560331555
0.018620871366627514	0.0066355896171096515
0.01870682140365684	0.006679748492979899
0.018793168168031515	0.006724202176414617
0.01887991349096175	0.00676895298103772
0.01896705921211027	0.006814003241541427
0.019054607179631276	0.006859355313904838
0.019142559250209655	0.00690501157561349
0.019230917289100376	0.0069509744258829855
0.019319683170168016	0.006997246285884169
0.019408858775926553	0.007043829598971442
0.01949844599757922	0.007090726830913387
0.01958844673505866	0.0071379404701261496
0.019678862897067204	0.007185473027909816
0.019769696401117347	0.007233327038686854
0.019860949173572447	0.007281039387918926
0.019952623149687522	0.007329584738441748
0.020044720273650334	0.007378459747661685
0.020137242498622598	0.007427667049559681
0.020230191786781416	0.007477209302526476
0.020323570109360912	0.007527089189618188
0.02041737944669398	0.007577309418816813
0.020511621788254334	0.007627713297427861
0.020606299132698676	0.0076786665485712915
0.02070141348790908	0.007746935554414659
0.02079696687103561	0.007798616670978568
0.02089296130853904	0.007850652565024747
0.02098939883623388	0.00790312389993576
0.02108628149933153	0.007955924774184076
0.021183611352483634	0.008009089633403986
0.02128139045982573	0.008062621432511225
0.021379620895020924	0.008116803001135656
0.021478304741303935	0.008188301674592278
0.021577444091525257	0.008243028661942773
0.02167704104819552	0.008298576455792777
0.021777097723530155	0.00835411652153403
0.021877616239494087	0.00841004298032404
0.021978598727846802	0.00846696635178854
0.022080047330187546	0.008541057332230045
0.02218196419800072	0.008598968800974412
0.02228435149270156	0.008656607263427409
0.022387211385681914	0.008714649450713477
0.02249054605835632	0.008791431725336722
0.02259435770220828	0.008850373982317195
0.022698648518836705	0.008910760047936181
0.02280342072000266	0.008970591782115057
0.0229086765276762	0.00903200257757066
0.023014418174083548	0.009110298041663637
0.023120647901754405	0.009172782332580749
0.023227367963569508	0.009234469721227951
0.023334580622808458	0.009315649789596009
0.023442288153197644	0.009379805250618191
0.023550492838958513	0.009442967296257508
0.02365919697485599	0.009508219016024704
0.023768402866247155	0.009590079953609654
0.023878112829130157	0.009656479022348665
0.02398832919019328	0.009723484414959216
0.024099054286864315	0.0098069637815492
0.024210290467360143	0.009875150471675365
0.024322040090736494	0.009943961948917468
0.024434305526938052	0.010029104285973107
0.02454708915684863	0.010099132160438345
0.02466039337234171	0.010187727736677433
0.024774220576331163	0.010259081075210705
0.0248885731828222	0.010328579740048844
0.025003453616962594	0.01041916431133886
0.025118864315094074	0.010492454327664437
0.025234807724804013	0.0105844646050203
0.025351286304977336	0.010659149208391717
0.025468302525848648	0.010734526452929938
0.025585858869054685	0.010825669811717235
0.02570395782768686	0.0109023922786013
0.025822601906344174	0.01099798892980954
0.025941793621186347	0.011076179251433687
0.02606153549998714	0.01117330468486855
0.02618183008218803	0.011252994391584264
0.026302679918951986	0.011351680375642836
0.026424087573217625	0.011432901775405471
0.026546055619753543	0.011533180864112074
0.026668586645212926	0.011615967064265714
0.02679168324818844	0.0117178726193734
0.02691534803926727	0.011802257549117595
0.02703958364108654	0.011905823762903302
0.027164392688388918	0.011991842196463983
0.02728977782807848	0.012097104115238927
0.02741574171927689	0.01218942865028397
0.027542287033379718	0.012296542521791463
0.02766941645411316	0.012386050440420491
0.027797132677590923	0.012494935875176428
0.027925438412371394	0.012604726446266987
0.02805433637951514	0.012696884654278706
0.028183829312642534	0.012813890217157236
0.028313919957991776	0.012926573249131311
0.028444611074477134	0.01302159354487101
0.028575905433747422	0.013136167517406878
0.02870780582024485	0.013238976265926381
0.028840315031263993	0.013355619279433942
0.028973435877011153	0.013473250028849
0.029107171180663968	0.013579516705934767
0.029241523778431245	0.01369928879610092
0.029376496519613188	0.01382673995311789
0.029512092266661728	0.013948712678279376
0.029648313895241286	0.014052942469394786
0.029785164294289748	0.014184125409295258
0.029922646366079716	0.01430941296482344
0.030060763026280125	0.014424371024451585
0.030199517204017968	0.014551983121953504
0.0303389118419405	0.014688477346712274
0.030478949896277616	0.014818476934840563
0.030619634336904532	0.014957733120366065
0.03076096814740483	0.01507954192335373
0.030902954325133646	0.015213309010103244
0.031045595881281286	0.015356917071741987
0.03118889584093709	0.01550208395728779
0.03133285724315355	0.015639766509723967
0.03147748314101084	0.015787910192675492
0.03162277660168147	0.01591861891425824
0.031768740706495366	0.016060360400128173
0.03191537855100526	0.016213199011365923
0.03206269324505228	0.016367719818498265
0.03221068791283196	0.016523945521076444
0.032359365692960426	0.0166818991760688
0.03250872973854103	0.016830892382655876
0.03265878321723116	0.016992144477214626
0.032809529311309454	0.017155192488741616
0.032960971217743315	0.017320060913687402
0.033113112148256636	0.017486774638137994
0.03326595532939797	0.017655358944844195
0.03341950400260893	0.01782583952039428
0.03357376142429295	0.017998242462529405
0.033728730865884356	0.01817259428760899
0.03388441561391771	0.018348921938225387
0.03404081897009753	0.01852725279097421
0.034197944251368316	0.018707614664382366
0.034355794789984864	0.018890035826997144
0.03451437393358302	0.01908850507351663
0.03467368504525054	0.01927540858008656
0.034833731503598545	0.019464463184947656
0.03499451670283308	0.019655699111237088
0.035156044052827136	0.01984914707643422
0.03531831697919301	0.02006026298935442
0.035481338923354845	0.020277946338985997
0.03564511334262171	0.02047853706889435
0.03580964371026088	0.02069786279094634
0.035974933515571475	0.020903490406529064
0.03614098626395856	0.021111534836983397
0.036307805477007356	0.02133941840753942
0.036475394692557984	0.0215722147027667
0.03664375746478052	0.021806176460216806
0.03681289736425031	0.0220249331942349
0.036982817978023774	0.022265135443633684
0.03715352290971439	0.022509016743406815
0.03732501577956918	0.02275568591876309
0.03749730022454546	0.023005855389517983
0.037670379898387965	0.02325869490661535
0.037844258471706395	0.023515648789256743
0.03801893963205317	0.023776276834443784
0.0381944270840017	0.02403851132368153
0.038370724549224904	0.024306259466273794
0.038547835766574175	0.02457786566710742
0.0387257644921587	0.024873005228201333
0.03890451449942502	0.025152556940807612
0.039084089579237154	0.025431772953884484
0.039264493539956924	0.025719058830320746
0.039445730207524746	0.026030148826957422
0.039627803425540835	0.026325926051903994
0.0398107170553466	0.02664566340777061
0.03999447497610661	0.026950230500364446
0.040179081084890836	0.027278919051247214
0.040364539296757304	0.027592586744375442
0.040550853544835175	0.02793054281374153
0.040738027780408054	0.028282455877700365
0.040926065972997853	0.028630604398376135
0.041114972110448976	0.028983678304109414
0.04130475019901285	0.029322154117657977
0.041495404263433	0.029716685726394895
0.041686938347030224	0.030085734340537518
0.04187935651178851	0.030440470660147056
0.04207266283844106	0.030853570357248655
0.04226686142655692	0.03123950754211629
0.04246195639462789	0.03164620159925083
0.04265795188015585	0.032044180685695166
0.04285485203974052	0.032484252675885984
0.04305266104916762	0.03289471811246721
0.04325138310349739	0.033329454896947615
0.04345102241715366	0.03375292723234678
0.04365158322401308	0.03422214310798807
0.04385306977749504	0.03469944984492237
0.04405548635065178	0.03514377138494662
0.04425883723625907	0.035636849571203846
0.04446312674690727	0.03613852246477171
0.04466835921509269	0.03664897293633657
0.04487453899330958	0.037148811116228066
0.04508167045414237	0.037677391751255375
0.045289757990358386	0.03821532650841527
0.04549880601500115	0.03876281714169823
0.04570881896148378	0.03932007046447199
0.04591980128368312	0.03990683226326943
0.04613175745603418	0.0404842428632881
0.046344691973625	0.04107206814319152
0.04655860935229208	0.04167053664165196
0.046773514128715984	0.042334902669636194
0.046989410860517694	0.04295660005592013
0.04720630412635518	0.04358969004490971
0.047424198526020554	0.04429336478766099
0.04764309868053764	0.04497076660350151
0.04786300923225989	0.04570270667830099
0.04808393484496889	0.04638673142052511
0.048305880203973285	0.047148288088133886
0.04852885001620808	0.047879018006443966
0.04875284901033459	0.04867164806373023
0.04897788193684056	0.04948122020975294
0.04920395356814101	0.05032751565338928
0.04943106869867944	0.05109919764773867
0.049659232145029465	0.05197972101500543
0.04988844874599706	0.05285969623826288
0.05011872336272305	0.05377810590434549
0.05035006087878628	0.05469700318802524
0.05058246620030719	0.05565531131182154
0.050815944256051786	0.05661520559401516
0.051050499997536344	0.057702650705126125
0.05128613839913218	0.05872705734879711
0.05152286445817132	0.05975489326092058
0.05176068319505242	0.06091909767159079
0.05199959965334721	0.06201525282569837
0.05223961889990757	0.06311685994683697
0.05248074602497283	0.06436445457987817
0.05272298614227782	0.06564335374263322
0.05296634438916131	0.06684674626895015
0.05321082592667491	0.0681880688992401
0.053456435939692626	0.0695447276532891
0.05370317963702071	0.07095548192297836
0.05395106225150818	0.07228221565268046
0.05420008904015779	0.07376326553811315
0.054450265284237465	0.07528282977880843
0.05470159628939249	0.07697321990791364
0.054954087385757765	0.07857731315728177
0.05520774392807102	0.08024238922492302
0.05546257129578634	0.0819326188600522
0.0557185748931882	0.08381556390206431
0.055975760149506205	0.0856019496171363
0.056234132519030075	0.08759342405045853
0.0564936974812254	0.08950097842314841
0.05675446054084984	0.09160853784150819
0.05701642722806982	0.09377989538760097
0.05727960309857797	0.09585774994626366
0.05754399373371072	0.09815790915003585
0.05780960474056682	0.10054702976265448
0.05807644175212619	0.10299150888943867
0.058344510427369406	0.10573293065155809
0.05861381645139778	0.10833948299825392
0.05888436553555378	0.11104628231695045
0.059156163417542255	0.11406299809208224
0.0594292158615521	0.11695139528721739
0.05970352865837847	0.12015528359626401
0.0599791076255457	0.12324026452170775
0.06025595860743051	0.12668371168533676
0.06053408747538607	0.13024979147292143
0.060813500127866474	0.13394377844990737
0.061094202490551835	0.13777121199590558
0.06137620051647403	0.14173791152843204
0.0616595001861428	0.14616275092869876
0.0619441075076727	0.15045596846074583
0.06223002851691048	0.1552297538193011
0.06251726927756306	0.15984446259427423
0.06280583588132624	0.16501755499849613
0.06309573444801375	0.17038646858078357
0.0633869711256871	0.1759955069115975
0.06367955209078595	0.1818223066776528
0.06397348354825913	0.18791211067846006
0.06426877173169626	0.19470032072611454
0.06456542290345982	0.2013415429111989
0.06486344335481807	0.20876955244141324
0.06516283940607848	0.2165468948607281
0.06546361740672164	0.22469341645302532
0.06576578373553617	0.23323028413120586
0.0660693448007537	0.24218008642220248
0.06637430704018496	0.25156694319825
0.06668067692135625	0.2621033324999212
0.06698846094164662	0.27318568141577765
0.06729766562842573	0.2848659851553323
0.0676082975391921	0.2971986298243197
0.06792036326171236	0.31020990862581377
0.06823386941416083	0.32481456191603314
0.06854882264525997	0.3393735426052212
0.06886522963442139	0.3557552795967407
0.0691830970918874	0.37314409742769883
0.0695024317588734	0.3927432569150062
0.06982324040771083	0.4124648809693743
0.07014552984199075	0.4347142266553335
0.07046930689670829	0.45850796962419693
0.07079457843840736	0.48394512106768767
0.07112135136532645	0.5127791413108511
0.07144963260754485	0.5438034772288981
0.07177942912712962	0.5772201033724048
0.07211074791828338	0.6132529777068761
0.0724435960074924	0.6543241229568489
0.07277798045367576	0.6988894438830865
0.07311390834833507	0.7473395448185731
0.07345138681570475	0.8028687104219827
0.07379042301290333	0.8636656269941805
0.07413102413008495	0.9337256200664382
0.07447319739059206	1.0110644081784552
0.07481695005110857	1.0965777998020738
0.07516228940181362	1.195974707563078
0.07550922276653642	1.3121153319629484
0.07585775750291138	1.442704170323992
0.07620790100253418	1.5966261953590095
0.07655966069111857	1.7716435158560073
0.07691304402865383	1.9800416936852145
0.07726805850956306	2.2301107272276623
0.07762471166286197	2.5209485305888544
0.07798301105231864	2.888656561591236
0.07834296427661391	3.3259072386771438
0.07870457896950252	3.8895494999638265
0.07906786279997513	4.602807616507729
0.07943282347242074	5.518650873457631
