0.004647796093157464	1.742381799746489e-6
0.004665577658272927	1.7496924895769316e-6
0.004683426911843707	1.757036348950966e-6
0.00470134410896539	1.7644135487320192e-6
0.004719329505676046	1.7718242608292845e-6
0.004737383358959494	1.77926865820532e-6
0.004755505926748373	1.7867469148839703e-6
0.004773697467928014	1.7942592059580962e-6
0.004791958242339391	1.8018057075977108e-6
0.004810288510782761	1.8093865970577676e-6
0.004828688535020955	1.8170020526863594e-6
0.00484715857778284	1.824652253932891e-6
0.004865698902766758	1.832337381356203e-6
0.004884309774643875	1.8400576166328538e-6
0.0049029914590616955	1.8478131425656729e-6
0.004921744222647605	1.8556041430919782e-6
0.004940568333012211	1.8634308032922046e-6
0.004959464058752813	1.8712933093985074e-6
0.004978431669457079	1.8791918488033726e-6
0.004997471435706282	1.8871266100683813e-6
0.005016583629079086	1.8950977829330285e-6
0.00503576852215494	1.9031055583237215e-6
0.005055026388517623	1.911150128362608e-6
0.005074357502758726	1.919231686376727e-6
0.005093762140481499	1.927350426907161e-6
0.005113240578304051	1.9355065457182597e-6
0.005132793093863164	1.9437002398068745e-6
0.005152419965817941	1.951931707411912e-6
0.005172121473853153	1.9602011480236485e-6
0.005191897898683335	1.9685087623933724e-6
0.005211749522055733	1.9768547525430784e-6
0.005231676626754683	1.985239321775179e-6
0.005251679496604754	1.9936626746822376e-6
0.005271758416474661	2.0021250171570538e-6
0.005291913672280927	2.0106265564025347e-6
0.005312145550991439	2.0191675009418997e-6
0.005332454340629399	2.0277480606288347e-6
0.005352840330276751	2.036368446657705e-6
0.005373303810078288	2.0450288715741157e-6
0.005393845071244995	2.053729549285167e-6
0.005414464406058089	2.0624706950702345e-6
0.005435162107872735	2.07125252559156e-6
0.005455938471121739	2.0800752589049196e-6
0.00547679379131935	2.088939114470665e-6
0.0054977283650653455	2.0978443131645664e-6
0.005518742490048385	2.106791077289041e-6
0.005539836465050238	2.115779630584054e-6
0.005561010589949426	2.124810198238729e-6
0.005582265165725229	2.1338830069024746e-6
0.005603600494461337	2.142998284696576e-6
0.005625016879350024	2.1521562612259015e-6
0.0056465146246958845	2.161357167590312e-6
0.005668094035919556	2.170601236396782e-6
0.005689755419562154	2.179888701771176e-6
0.005711499083288617	2.1892197993703627e-6
0.005733325335892263	2.1985947663942175e-6
0.005755234487298195	2.208013841598124e-6
0.005777226848567571	2.217477265305069e-6
0.00579930273190166	2.2269852794184776e-6
0.005821462450645664	2.2365381274345724e-6
0.005843706319292797	2.2461360544551067e-6
0.0058660346534883424	2.2557793072004318e-6
0.0058884477700337085	2.2654681340223087e-6
0.005910945986890465	2.2752027849171145e-6
0.005933529623184435	2.2849835115388605e-6
0.0059561989992097586	2.2948105672128945e-6
0.005978954436433037	2.304684206949036e-6
0.006001796257497311	2.3146046874554306e-6
0.006024724786226392	2.3245722671522296e-6
0.006047740347628981	2.334587206185308e-6
0.00607084326790252	2.34464976644056e-6
0.006094033874437837	2.354760211557787e-6
0.006117312495822886	2.364918806945204e-6
0.006140679461847311	2.3751258197935044e-6
0.006164135103506447	2.385381519090896e-6
0.006187679753005572	2.3956861756373886e-6
0.006211313743764235	2.4060400620599066e-6
0.006235037410420362	2.4164434528269938e-6
0.006258851088834714	2.426896624264277e-6
0.00628275511609513	2.437399854569526e-6
0.006306749830520593	2.44795342382805e-6
0.006330835571665907	2.4585576140285067e-6
0.0063550126803258115	2.4692127090784097e-6
0.0063792814985393145	2.4799189948200777e-6
0.00640364236959422	2.490676759046666e-6
0.006428095638031411	2.5014862915184706e-6
0.00645264164964895	2.5123478839791203e-6
0.006477280751507116	2.5232618301722394e-6
0.006502013291932278	2.5342284258580362e-6
0.00652683962052156	2.5452479688301865e-6
0.0065517600881473915	2.5563207589328726e-6
0.00657677504696154	2.5674470980778865e-6
0.006601884850400258	2.5786272902620735e-6
0.006627089853188209	2.5898616415848653e-6
0.006652390411343188	2.6011504602658464e-6
0.0066777868821809114	2.6124940566628507e-6
0.006703279624319019	2.623892743289778e-6
0.006728868997682115	2.6353468348350176e-6
0.006754555363506163	2.646856648179781e-6
0.006780339084343054	2.6584225024167113e-6
0.006806220524065281	2.6700447188688013e-6
0.006832200047870558	2.6817236211082124e-6
0.006858278022286438	2.693459534975415e-6
0.006884454815175041	2.7052527885987324e-6
0.006910730795737669	2.717103712413877e-6
0.006937106334519472	2.7290126391836167e-6
0.006963581803414325	2.7409799040177395e-6
0.00699015757566938	2.7530058443933157e-6
0.007016834025889904	2.7650908001750356e-6
0.007043611530044104	2.777235113635736e-6
0.007070490465467647	2.7894391294772293e-6
0.007097471210868859	2.8017031948513195e-6
0.00712455414633324	2.8140276593810667e-6
0.007151739653328351	2.826412875182059e-6
0.007179028114708869	2.838859196884235e-6
0.007206419914721178	2.851366981653705e-6
0.00723391543900848	2.863936589214913e-6
0.007261515074615509	2.8765683818727706e-6
0.007289219209993713	2.88926272453551e-6
0.0073170282350060204	2.9020199847373163e-6
0.007344942540931765	2.9148405326613524e-6
0.007372962520471904	2.9277247411630837e-6
0.007401088567753698	2.9406729857938065e-6
0.007429321078336126	2.9536856448243594e-6
0.0074576604492145385	2.9667630992692804e-6
0.0074861070788260105	2.9799057329107833e-6
0.00751466136705428	2.9931139323236393e-6
0.007543323715234965	3.0063880868995586e-6
0.007572094526160486	3.0197285888726223e-6
0.007600974204085493	3.033135833344305e-6
0.007629963154731739	3.046610218309161e-6
0.007659061785293514	3.060152144680559e-6
0.007688270504442734	3.073762016316995e-6
0.007717589722334185	3.0874402400481938e-6
0.0077470198506107086	3.1011872257020973e-6
0.007776561302408598	3.115003386131549e-6
0.007806214492362891	3.1288891372416607e-6
0.00783597983661256	3.1428448980172607e-6
0.007865857752805952	3.1568710905508697e-6
0.007895848660106045	3.1709681400707076e-6
0.007925952979196071	3.1851364749690694e-6
0.007956171132284568	3.199376526831159e-6
0.007986503543111194	3.213688730464167e-6
0.008016950636951813	3.228073523926422e-6
0.008047512840624351	3.242531348557274e-6
0.008078190582493951	3.257062649006917e-6
0.008108984292478697	3.2716678732668092e-6
0.008139894402055066	3.286347472700264e-6
0.008170921344263726	3.301101902073518e-6
0.008202065553714707	3.3159316195869226e-6
0.008233327466593436	3.330837086906644e-6
0.00826470752066641	3.3458187691965976e-6
0.008296206155286416	3.360877135151028e-6
0.008327823811398679	3.376012657027031e-6
0.008359560931546458	3.391225810677439e-6
0.008391417959876727	3.406517075584771e-6
0.008423395342146105	3.4218869348944232e-6
0.008455493525726597	3.4373358754493026e-6
0.008487712959611331	3.4528643878241704e-6
0.008520054094420736	3.4684729663605856e-6
0.008552517382408083	3.484162109202273e-6
0.008585103277465696	3.499932318330772e-6
0.008617812235130683	3.515784099601622e-6
0.008650644712591294	3.5317179627807295e-6
0.008683601168692252	3.5477344215815772e-6
0.008716682063941855	3.5638339937021666e-6
0.008749887860516944	3.580017200863069e-6
0.008783219022269886	3.596284568845542e-6
0.008816676014734091	3.6126366275300236e-6
0.008850259305130883	3.6290739109352727e-6
0.008883969362374965	3.6455969572578243e-6
0.00891780665708123	3.6622063089118617e-6
0.008951771661570788	3.678902512569776e-6
0.008985864849877392	3.6956861192027418e-6
0.009020086697753768	3.7125576841222256e-6
0.009054437682678057	3.7295177670216584e-6
0.00908891828386017	3.746566932018842e-6
0.009123528982248323	3.763705747698367e-6
0.009158270260535449	3.7809347871551775e-6
0.009193142603166022	3.798254628038073e-6
0.009228146496342269	3.81566585259392e-6
0.009263282428031063	3.8331690477126995e-6
0.009298550887970564	3.850764804972323e-6
0.00933395236767689	3.8684537206846e-6
0.009369487360450901	3.886236395941587e-6
0.00940515636138494	3.904113436662465e-6
0.009440959867369859	3.922085453640587e-6
0.009476898377101667	3.940153062591892e-6
0.009512972391088706	3.9583168842030725e-6
0.00954918241165848	3.97657754418066e-6
0.009585528942964747	3.9949356733008405e-6
0.009622012490994699	4.013391907459387e-6
0.009658633563575915	4.0319468877228865e-6
0.009695392670383697	4.050601260379724e-6
0.009732290322948268	4.069355676992098e-6
0.009769327034662061	4.088210794449247e-6
0.009806503320787058	4.1071672750198776e-6
0.009843819698462215	4.126225786406586e-6
0.00988127668671098	4.145387001800269e-6
0.009918874806448721	4.1646515999351316e-6
0.009956614580490328	4.18402026514471e-6
0.009994496533557874	4.203493687418338e-6
0.010032521192288268	4.223072562458165e-6
0.01007068908524132	4.242757591737316e-6
0.01010900074290682	4.262549482558125e-6
0.010147456697713322	4.282448948111588e-6
0.010186057484035727	4.302456707537349e-6
0.010224803638203083	4.3225734859840695e-6
0.010263695698506896	4.342800014671683e-6
0.010302734205209559	4.3631370309525475e-6
0.010341919700552028	4.3835852783750366e-6
0.010381252728762677	4.404145506747314e-6
0.010420733836065434	4.424818472201208e-6
0.010460363570688164	4.445604937258324e-6
0.010500142482871424	4.466505670895323e-6
0.010540071124877128	4.487521448611418e-6
0.010580150050996837	4.5086530524956575e-6
0.010620379817561164	4.529901271295827e-6
0.010660760982948374	4.551266900487561e-6
0.01070129410759312	4.57275074234475e-6
0.010741979753995837	4.594353606010722e-6
0.01078281848673182	4.616076307570148e-6
0.010823810872460435	4.637919670121768e-6
0.010864957479934542	4.659884523852819e-6
0.010906258880009668	4.681971706112993e-6
0.010947715645653933	4.704182061490893e-6
0.010989328351957562	4.726516441889814e-6
0.01103109757614234	4.748975706606253e-6
0.011073023897571753	4.771560722407917e-6
0.01111510789776118	4.794272363613358e-6
0.01115735016038738	4.817111512172598e-6
0.011199751271299062	4.840079057748925e-6
0.011242311818527284	4.863175897801212e-6
0.011285032392295379	4.886402937667879e-6
0.011327913585030117	4.909761090651515e-6
0.011370955991371794	4.933251278104661e-6
0.011414160208185444	4.956874429517061e-6
0.011457526834571621	4.9806314826033465e-6
0.011501056471877161	5.004523383392511e-6
0.011544749723706888	5.028551086318236e-6
0.011588607195934504	5.052715554310268e-6
0.011632629496713997	5.07701775888728e-6
0.011676817236491605	5.101458680250606e-6
0.011721171028017344	5.126039307379859e-6
0.011765691486356674	5.150760638128547e-6
0.01181037922890287	5.175623679322335e-6
0.011855234875388919	5.200629446857839e-6
0.011900259047899937	5.225778965802449e-6
0.011945452370885826	5.2510732704965775e-6
0.011990815471173458	5.276513404655769e-6
0.012036348977980036	5.302100421475751e-6
0.012082053522925552	5.32783538373722e-6
0.012127929740046268	5.353719363913509e-6
0.012173978265807949	5.379753444278496e-6
0.012220199739118955	5.405938717017221e-6
0.012266594801344559	5.432276284336387e-6
0.012313164096320068	5.4587672585778575e-6
0.012359908270365393	5.485412762332613e-6
0.012406827972298931	5.512213928557066e-6
0.01245392385345197	5.53917190069002e-6
0.012501196567683259	5.566287832772241e-6
0.01254864677139368	5.593562889566635e-6
0.012596275123541558	5.620998246680753e-6
0.012644082285657155	5.648595090691117e-6
0.012692068921858495	5.676354619268118e-6
0.012740235698866958	5.7042780413039815e-6
0.012788583286022575	5.732366577041492e-6
0.01283711235530033	5.7606214582052235e-6
0.012885823581326145	5.789043928134143e-6
0.012934717641393317	5.817635241915568e-6
0.012983795215479238	5.846396666522442e-6
0.013033056986261794	5.875329480950797e-6
0.013082503639136621	5.904434976360218e-6
0.013132135862234384	5.93371445621623e-6
0.013181954346438257	5.9631692364336924e-6
0.013231959785401265	5.992800645523454e-6
0.013282152875564507	6.022610024740296e-6
0.013332534316175189	6.052598728233343e-6
0.013383104809304795	6.082768123198014e-6
0.013433865059867933	6.113119590030699e-6
0.013484815775640932	6.143654522485309e-6
0.013535957667281048	6.174374327832433e-6
0.013587291448345508	6.205280427019929e-6
0.01363881783531123	6.236374254836821e-6
0.013690537547594436	6.267657260078556e-6
0.013742451307570567	6.299130905715478e-6
0.0137945598405947	6.3307966690629906e-6
0.013846863875021629	6.362656041954523e-6
0.013899364142227005	6.394710530917228e-6
0.013952061376627786	6.426961657349409e-6
0.014004956315703502	6.4594109577013596e-6
0.01405804970001804	6.4920599836583e-6
0.014111342273240516	6.524910302326104e-6
0.014164834782167719	6.557963496419836e-6
0.014218527976745818	6.591221164454563e-6
0.014272422610093047	6.624684920939707e-6
0.0143265194385215	6.658356396575529e-6
0.014380819221560726	6.692237238452841e-6
0.014435322721980151	6.726329110255749e-6
0.014490030705812527	6.760633692466742e-6
0.014544943942377342	6.795152682575676e-6
0.014600063204303796	6.829887795291023e-6
0.01465538926755584	6.864840762755225e-6
0.014710922911455265	6.900013334761726e-6
0.014766664918706067	6.935407278976871e-6
0.014822616075419338	6.971024381164145e-6
0.014878777171137466	7.006866445411611e-6
0.01493514899885887	7.042935294363493e-6
0.01499173235506362	7.079232769454566e-6
0.015048528039738052	7.115760731148436e-6
0.015105536856400197	7.152521059179196e-6
0.015162759612125433	7.189515652796547e-6
0.015220197117572247	7.226746431015082e-6
0.015277850187007872	7.2642153328672635e-6
0.015335719638334055	7.3019243176594655e-6
0.01539380629311395	7.339875365232694e-6
0.01545211097659717	7.378070476227462e-6
0.015510634517747285	7.4165116723513425e-6
0.015569377749267576	7.455200996652662e-6
0.015628341507627517	7.494140513795949e-6
0.015687526633090067	7.533332310344125e-6
0.015746933969737704	7.5727784950427796e-6
0.015806564365499445	7.6124811991100334e-6
0.015866418672177883	7.652442576530998e-6
0.015926497745475613	7.692664804356027e-6
0.01598680244502243	7.733150083003712e-6
0.016047333634402118	7.77390063656917e-6
0.016108092181179617	7.814918713136679e-6
0.01616907895692733	7.856206585096686e-6
0.01623029483725261	7.897766549469154e-6
0.01629174070182399	7.93960092822958e-6
0.016353417434398637	7.981712068643443e-6
0.016415325922848372	8.024102343602283e-6
0.016477467059186367	8.066774151967717e-6
0.016539841739594146	8.10972991891914e-6
0.016602450864447033	8.152972096308793e-6
0.0166652953383411	8.196503163019717e-6
0.01672837607011867	8.240325625331773e-6
0.016791693972894515	8.284442017292702e-6
0.016855249964081047	8.328854901094515e-6
0.0169190449654142	8.373566867455983e-6
0.016983079902978013	8.418580536011922e-6
0.01704735570722981	8.463898555707776e-6
0.01711187331302455	8.509523605201475e-6
0.017176633659639565	8.555458393270285e-6
0.017241637690797083	8.60170565922558e-6
0.017306886354689705	8.648268173333448e-6
0.017372380604001782	8.695148737242323e-6
0.017438121395932846	8.742350184417546e-6
0.017504109692219723	8.789875380582134e-6
0.017570346459158222	8.837727224166249e-6
0.01763683266762451	8.885908646761757e-6
0.017703569293095942	8.93442261358726e-6
0.017770557315670225	8.983272123956185e-6
0.017837797720086358	9.032460211757228e-6
0.017905291495742846	9.081989945939323e-6
0.017973039636715357	9.131864431005817e-6
0.018041043141775487	9.182086807516158e-6
0.018109303014407174	9.232660252596597e-6
0.018177820262822008	9.283587980458371e-6
0.018246595899975834	9.334873242924788e-6
0.018315630943582007	9.386519329966727e-6
0.01838492641612655	9.438529570247444e-6
0.018454483344878963	9.490907331675812e-6
0.018524302761905934	9.543656021968402e-6
0.018594385704080733	9.596779089222e-6
0.018664733213094257	9.650280022494967e-6
0.01873534633546299	9.704162352397136e-6
0.018806226122537382	9.758429651691626e-6
0.018877373630508138	9.813085535904747e-6
0.018948789920411883	9.868133663947592e-6
0.01902047605813566	9.923577738746285e-6
0.019092433114419886	9.979421507884833e-6
0.019164662164859857	1.0035668764256494e-5
0.019237164289907127	1.0092323346728124e-5
0.019309940574867936	1.0149389140813998e-5
0.01938299210990174	1.020687007936223e-5
0.01945631999001661	1.0264770143251593e-5
0.0195299253150652	1.0323093362101154e-5
0.019603809189737725	1.0381843814991553e-5
0.019677972723553726	1.0441025631197552e-5
0.019752417030852804	1.0500642990934733e-5
0.019827143230782312	1.0560700126117235e-5
0.019902152447285524	1.0621201321129464e-5
0.019977445809086176	1.0682150913610154e-5
0.02005302444967197	1.0743553295250715e-5
0.020128889507276728	1.0805412912606277e-5
0.020205042124859508	1.0867734267920984e-5
0.020281483450082925	1.0930521919967443e-5
0.02035821463528942	1.0993780484901448e-5
0.020435236837474877	1.1057514637129056e-5
0.020512551218260535	1.1121729110191494e-5
0.02059015894386327	1.1186428697662892e-5
0.02066806118506353	1.1251618254065385e-5
0.020746259117169836	1.1317302695799022e-5
0.020824753919984104	1.138348700208761e-5
0.02090354677776148	1.1450176215941651e-5
0.02098263887916921	1.1517375445138685e-5
0.021062031417244054	1.1585089863217462e-5
0.021141725589346325	1.1653324710495368e-5
0.021221722597111067	1.1722085295096538e-5
0.0213020236463979	1.1791376994004271e-5
0.021382629947238115	1.1861205254127988e-5
0.02146354271377821	1.1931575593389939e-5
0.02154476316422226	1.2002493601832621e-5
0.02162629252077097	1.2073964942742918e-5
0.021708132009557502	1.214599535379828e-5
0.021790282860582186	1.2218590648233521e-5
0.02187274630764233	1.229175671602594e-5
0.021955523588261826	1.2365499525103518e-5
0.02203861594361479	1.243982512257392e-5
0.022122024618449764	1.2514739635976527e-5
0.022205750861008396	1.2590249274554211e-5
0.022289795922941655	1.266636033055119e-5
0.022374161059225326	1.2743079180532107e-5
0.022458847528068406	1.2820412286724564e-5
0.022543856590822278	1.2898366198388015e-5
0.022629189511885257	1.297694755320462e-5
0.022714847558602945	1.3056163078697571e-5
0.022800832001167767	1.3136019593673913e-5
0.02288714411251345	1.3216524009693464e-5
0.022973785168206987	1.3297683332565242e-5
0.0230607564463377	1.337950466387121e-5
0.02314805922740218	1.3461995202516108e-5
0.023235694794187016	1.354516224630807e-5
0.023323664431647084	1.3629013193567837e-5
0.023411969426781344	1.3713555544764624e-5
0.023500611068504703	1.3798796904187139e-5
0.023589590647517294	1.3884744981640806e-5
0.0236789094561694	1.3971407594178405e-5
0.02376856878832314	1.4058792667864347e-5
0.02385856993921132	1.414690823956834e-5
0.023948914205292406	1.4235762458795131e-5
0.024039602884101986	1.4325363589547614e-5
0.024130637274100395	1.4415720012223898e-5
0.02422201867451733	1.4506840225551742e-5
0.02431374838519393	1.4598732848557516e-5
0.024405827706418148	1.4691406622574149e-5
0.02449825793876002	1.4784870413284569e-5
0.024591040382902156	1.4879133212805505e-5
0.02468417633946546	1.4974204141811204e-5
0.0247776671088332	1.5070092451696514e-5
0.02487151399097047	1.5166807526780484e-5
0.024965718285239632	1.5264358886554174e-5
0.025060281290213943	1.536275618796905e-5
0.02515520430348517	1.5462009227771778e-5
0.02525048862147007	1.556212794488225e-5
0.025346135539211768	1.5663122422816885e-5
0.025442146350177584	1.5765002892161332e-5
0.025538522346054224	1.5867779733087602e-5
0.02563526481653939	1.5971463477924825e-5
0.025732375049128155	1.607606481377315e-5
0.02582985432889808	1.618159458517691e-5
0.025927703938289928	1.6288063796842694e-5
0.02602592515688401	1.639548361641545e-5
0.026124519261175212	1.6503865377307025e-5
0.026223487524341553	1.6613220581581638e-5
0.026322831216013004	1.672356090289631e-5
0.026422551602033217	1.6834898189503644e-5
0.026522649944221093	1.6947244467308676e-5
0.02662312750012682	1.706061194299226e-5
0.0267239855227859	1.7175013007191858e-5
0.026825225260468363	1.729046023774989e-5
0.026926847956427347	1.740696640302502e-5
0.0270288548486422	1.7524544465270117e-5
0.027131247169558156	1.7643207584080293e-5
0.027234026145826547	1.7762969119908865e-5
0.027337192998036625	1.788384263765538e-5
0.027440748940448415	1.8005841910325528e-5
0.027544695180721626	1.812898092276748e-5
0.02764903291964026	1.825327387548503e-5
0.02775376335083573	1.8378735188524184e-5
0.027858887660507196	1.8505379505447585e-5
0.027964407027138562	1.863322169738322e-5
0.02807032262121243	1.8762276867162214e-5
0.028176635604922423	1.889256035353944e-5
0.02828334713188289	1.902408773550391e-5
0.028390458346834443	1.915687483667622e-5
0.0284979703853487	1.9290937729801212e-5
0.028605884373530704	1.9426292741335177e-5
0.028714201427718026	1.9562956456123815e-5
0.028822922654177442	1.970094572218628e-5
0.028932049148801858	1.9840277655596302e-5
0.02904158199680085	1.998096964546722e-5
0.029151522272393756	2.0123039359044676e-5
0.02926187103849716	2.0266504746904922e-5
0.02937262934641352	2.0411384048269147e-5
0.029483798235515113	2.0557695796427222e-5
0.02959537873292879	2.0705458824281807e-5
0.02970737185321724	2.0854692270008415e-5
0.02981977859806024	2.1005415582842966e-5
0.02993259995593257	2.115764852899091e-5
0.030045836901783217	2.131141119766701e-5
0.030159490396710703	2.1466724007266406e-5
0.030273561387638787	2.1623607711672657e-5
0.030388050806990308	2.1782083406702662e-5
0.03050295957236108	2.1942172536694022e-5
0.030618288586191665	2.210389690123822e-5
0.030734038735438646	2.2267278662065643e-5
0.030850210891246753	2.243234035008015e-5
0.03096680590861758	2.2599104872552426e-5
0.031083824626080506	2.276759552047563e-5
0.031201267865361308	2.2937835976084575e-5
0.03131913643105276	2.3109850320546195e-5
0.0314374311102815	2.328366304182118e-5
0.031556152672378976	2.3459299042707044e-5
0.03167530186854893	2.3636783649063808e-5
0.03179487943153772	2.3816142618224177e-5
0.03191488607530347	2.3997402147601668e-5
0.03203532249468543	2.4180588883492197e-5
0.032156189365074854	2.43657299300791e-5
0.032277487342085597	2.4552852858651307e-5
0.032399217061226095	2.4741985717028518e-5
0.03252137913757174	2.4933157039208314e-5
0.03264397416543822	2.5126395855241195e-5
0.032767002718057256	2.532173170133555e-5
0.03289046534725003	2.5519194630197295e-5
0.03301436258310631	2.5718815221616053e-5
0.03313869493366286	2.5920624593304722e-5
0.0332634628845816	2.6124654411988723e-5
0.03338866689883429	2.6330936904766416e-5
0.03351430741638329	2.653950487073946e-5
0.03364038485386871	2.6750391692919242e-5
0.03376689960429466	2.696363135042315e-5
0.033893852036720164	2.717925843096171e-5
0.03402124249594968	2.7397308143634238e-5
0.03414907130222853	2.7617816332028695e-5
0.0342773387509387	2.7840819487644625e-5
0.03440604511229852	2.8066354763646796e-5
0.034535190631064756	2.8294459988949055e-5
0.034664775526237895	2.852517368265612e-5
0.034794799990770044	2.8758535068850675e-5
0.034925264191274764	2.8994584091755594e-5
0.035056168267742965	2.923336143127559e-5
0.0351875123332592	2.9474908518914738e-5
0.035319296473724233	2.971926755410772e-5
0.035451520747577805	2.99664815209524e-5
0.035584185185527764	3.0216594205371803e-5
0.03571728979028208	3.046965021270098e-5
0.03585083453628534	3.072569498573378e-5
0.035984819369457306	3.0984774823220565e-5
0.03611924420693821	3.1246936898843594e-5
0.03625410893683753	3.151222928067818e-5
0.03638941341798447	3.178070095116009e-5
0.0365251574796871	3.205240182756395e-5
0.03666134092149371	3.2327382783016896e-5
0.03679796351295898	3.260569566806394e-5
0.0369350249934141	3.2887393332787136e-5
0.037072525071745355	3.31725296495168e-5
0.03721046342617255	3.3461159536137105e-5
0.037348839704035935	3.3753338980004284e-5
0.03748765352158801	3.4049125062508816e-5
0.03762690446378937	3.4348575984285214e-5
0.03776659208411186	3.4651751091095695e-5
0.03790671590434359	3.495871090041708e-5
0.03804727541440431	3.526951712873608e-5
0.03818827007216208	3.558423271958545e-5
0.03832969930325911	3.5902921872342673e-5
0.03847156250094143	3.6225650071814656e-5
0.03861385902589316	3.655248411862852e-5
0.03875658820608223	3.688349216046129e-5
0.03889974933660437	3.721874372412507e-5
0.03904334167954069	3.7558309748546394e-5
0.03918736446381562	3.79022626186598e-5
0.03933181688506495	3.8250676200244956e-5
0.039476698105509085	3.860362587574198e-5
0.03962200725383261	3.8961188581070195e-5
0.03976774342506822	3.93234428434878e-5
0.03991390568049341	3.969046882052955e-5
0.040060493047525465	4.006234834004214e-5
0.04020750451963022	4.0439164941365386e-5
0.04035493905623375	4.0821003917702176e-5
0.04050279558264165	4.120795235969666e-5
0.04065107298996591	4.160009920028218e-5
0.04079977013505795	4.199753526081875e-5
0.04094888584044806	4.2400353298586425e-5
0.04109841889429425	4.280864805565889e-5
0.041248368050335035	4.322251630922115e-5
0.04139873202785127	4.364205692335881e-5
0.041549509511634115	4.406737090239456e-5
0.04170069915196149	4.449856144579888e-5
0.04185229956457973	4.4935734004747244e-5
0.04200430933069507	4.537899634036919e-5
0.0421567269969685	4.582845858375538e-5
0.042309551075521715	4.628423329776757e-5
0.042462780043949454	4.674643554074212e-5
0.042616412345336536	4.721518293211936e-5
0.042770446388285706	4.769059572009164e-5
0.04292488054695041	4.817279685132441e-5
0.0430797131610768	4.866191204283866e-5
0.0432349425360496	4.915806985611332e-5
0.043390566942951174	4.966140177349779e-5
0.04354658461862134	5.0172042277020236e-5
0.04370299376572897	5.069012892966063e-5
0.0438597925528495	5.121580245920108e-5
0.044016979114549576	5.174920684471659e-5
0.04417455155148008	5.229048940583662e-5
0.044332507930474475	5.28398008948439e-5
0.04449084628465535	5.33972955917441e-5
0.044649564613549596	5.39631314023871e-5
0.04480866088320993	5.453746995978538e-5
0.04496813302634157	5.51204767287111e-5
0.04512797894243842	5.571232111372674e-5
0.045288196497927154	5.631317657075225e-5
0.045448783526316296	5.692322072232487e-5
0.045609737828352474	5.7542635476666195e-5
0.04577105717218494	5.817160715072023e-5
0.045932739293537105	5.8810326597310625e-5
0.046094781895883785	5.9458989336557135e-5
0.04625718265063649	6.0117795691748445e-5
0.04641993919733518	6.078695092980204e-5
0.04658304914384517	6.146666540652885e-5
0.046746510066565855	6.215715471686406e-5
0.0469103195106387	6.2858639850264e-5
0.04707447499016925	6.357134735148226e-5
0.047238973988450124	6.42955094869242e-5
0.047403813958192854	6.503136441680947e-5
0.047568992321767756	6.577915637337942e-5
0.04773450647144567	6.653913584536811e-5
0.047900353769652085	6.731155976903517e-5
0.048066531549220144	6.80966917259672e-5
0.04823303711365819	6.889480214797444e-5
0.048399867737415364	6.970616852935155e-5
0.04856702066615886	7.053107564679787e-5
0.04873449311705438	7.136981578732849e-5
0.048902282279053515	7.222268898450745e-5
0.04907038531318601	7.309000326334067e-5
0.04923879935285911	7.397207489419343e-5
0.049407521504159335	7.486922865612853e-5
0.0495765488461645	7.578179811004619e-5
0.0497458784312573	7.671012588205301e-5
0.04991550728544482	7.765456395750014e-5
0.05008543240868536	7.861547398613366e-5
0.0502556507752166	7.959322759887622e-5
0.05042615933389389	8.058820673670143e-5
0.05059695500852775	8.160080399215595e-5
0.05076803469823019	8.263142296409089e-5
0.05093939527776473	8.368047862616637e-5
0.05111103359789939	8.474839770975633e-5
0.05128294648576703	8.583561910191088e-5
0.05145513074522719	8.694259425900913e-5
0.051627583157234244	8.806978763686275e-5
0.05180030048020845	8.921767713799949e-5
0.051973279450412135	9.038675457689439e-5
0.05214651678232838	9.157752616400862e-5
0.052320009169043495	9.279051300946885e-5
0.05249375328263694	9.402625164734796e-5
0.052667745774568654	9.528529458144763e-5
0.052841983276075186	9.656821085367262e-5
0.05301646239856459	9.787558663598907e-5
0.053191179734020336	9.920802584714962e-5
0.05336613185540215	1.0056615079533677e-4
0.0535413153170531	1.0195060284799162e-4
0.053716726655110104	1.0336204313013128e-4
0.05389236238791599	1.048011532525609e-4
0.0540682190164328	1.0626863607143055e-4
0.054244293024661626	1.0776521648070036e-4
0.05442058088005959	1.0929164223912092e-4
0.05459707903396428	1.1084868483350561e-4
0.05477378392201623	1.1243714038003908e-4
0.054950691964586094	1.1405783056563067e-4
0.05512779956720228	1.1571160363130024e-4
0.05530510312098082	1.1739933539974973e-4
0.05548259900305644	1.1912193034942574e-4
0.05566028357701616	1.2088032273746285e-4
0.05583815319333425	1.2267547777405433e-4
0.05601620418980597	1.2450839285098878e-4
0.05619443289198707	1.2638009882716026e-4
0.05637283561363018	1.2829166137414186e-4
0.05655140865712303	1.3024418238500067e-4
0.05673014831393067	1.32238801449781e-4
0.05690905086503214	1.3427669740128628e-4
0.05708811258136591	1.3635908993496807e-4
0.057267329724268234	1.3848724130704153e-4
0.05744669854591493	1.4066245811514475e-4
0.05762621528976481	1.4288609316612168e-4
0.05780587619100134	1.4515954743586935e-4
0.057985677476973634	1.4748427212642965e-4
0.05816561536764018	1.4986177082585304e-4
0.05834568607601003	1.5229360177677602e-4
0.0585258858085823	1.5478138025990478e-4
0.05870621076579026	1.573267810992335e-4
0.05888665714243961	1.5993154129597477e-4
0.059067221128149015	1.6259746279889066e-4
0.05924789890778775	1.653264154191369e-4
0.05942868666191556	1.68120339898239e-4
0.05960958056721873	1.709812511384519e-4
0.05979057679694608	1.7391124160541415e-4
0.059971671521342855	1.7691248491359904e-4
0.06015286090808542	1.7998723960584325e-4
0.06033414112271315	1.8313785313911628e-4
0.06051550832905735	1.8636676608933613e-4
0.06069695868967162	1.896765165891308e-4
0.060878488366259184	1.9306974501339188e-4
0.06106009352009602	1.9654919892846766e-4
0.06124177031245703	2.001177383221079e-4
0.06142351490503581	2.0377834113241233e-4
0.06160532346036411	2.0753410909545006e-4
0.06178719214222923	2.1138827393272513e-4
0.06196911711608915	2.1534420390108278e-4
0.06215109454948499	2.194054107295742e-4
0.0623331206124502	2.2357555696953543e-4
0.06251519147791895	2.2785846378615125e-4
0.06269730332213197	2.3225811922206435e-4
0.06287945232503599	2.3677868696589315e-4
0.0630616346706872	2.4142451566115802e-4
0.06324384654764374	2.4620014879392956e-4
0.06342608414936218	2.511103352006047e-4
0.06360834367458817	2.561600402405591e-4
0.06379062132774144	2.6135445768210727e-4
0.06397291331930524	2.666990223541589e-4
0.0641552158662014	2.721994236203845e-4
0.06433752519217445	2.778616197374293e-4
0.06451983752816079	2.836918531639476e-4
0.06470214911266511	2.8969666689299193e-4
0.06488445619212382	2.958829218864923e-4
0.06506675502127258	3.022578156975222e-4
0.0652490418635044	3.088289023735157e-4
0.06543131299122829	3.1560411374195545e-4
0.06561356468622294	3.225917821891773e-4
0.06579579323998355	3.2980066505298154e-4
0.06597799495407211	3.3723997076072737e-4
0.06616016614045447	3.449193868570029e-4
0.06634230312184045	3.528491100781118e-4
0.0665244022320203	3.6103987864601826e-4
0.06670645981618957	3.695030069702014e-4
0.06688847223127967	3.7825042296479774e-4
0.06707043584627725	3.8729470820806033e-4
0.06725234704254246	3.9664914119402837e-4
0.06743420221412313	4.0632774395102335e-4
0.06761599776806342	4.1634533232922684e-4
0.0677977301247098	4.267175702906868e-4
0.06797939571801073	4.3746102856928284e-4
0.06816099099581427	4.4859324810683684e-4
0.06834251242016053	4.601328087139706e-4
0.06852395646756892	4.7209940345285833e-4
0.0687053196293205	4.845139192923553e-4
0.06888659841174133	4.973985246463755e-4
0.06906778933647034	5.107767644741345e-4
0.06924888894073625	5.246736636969192e-4
0.06942989377761999	5.391158397717394e-4
0.06961080041631637	5.541316253590152e-4
0.06979160544239034	5.697512021303541e-4
0.06997230545802981	5.860067468862807e-4
0.07015289708229554	6.029325912932683e-4
0.07033337695135848	6.205653967085406e-4
0.07051374171874437	6.389443457409776e-4
0.07069398805556552	6.58111352401965e-4
0.07087411265074922	6.781112929341963e-4
0.07105411221126263	6.989922596732402e-4
0.07123398346233632	7.208058406029964e-4
0.0714137231476756	7.436074276168361e-4
0.07159332802967487	7.674565568978803e-4
0.0717727948896216	7.924172852968828e-4
0.07195212052790081	8.185586071184587e-4
0.07213130176419008	8.459549163453119e-4
0.072310335437655	8.746865200433343e-4
0.07248921840713375	9.048402095205476e-4
0.07266794755132286	9.365098967764748e-4
0.07284651976895883	9.697973249027657e-4
0.07302493197898637	0.0010048128624087272
0.07320318112073512	0.0010416763929839376
0.07338126415407964	0.0010805183140151868
0.07355917805960353	0.0011214806593025613
0.07373691983875387	0.0011647183639275165
0.07391448651399647	0.0012104006921992458
0.07409187512895934	0.0012587128531306216
0.07426908274857724	0.001309857832098011
0.07444610645923153	0.0013640584723546827
0.07462294336888185	0.0014215598460805318
0.07479959060719922	0.001482631961879723
0.07497604532568641	0.0015475728643593771
0.0751523046978057	0.0016167121919814786
0.07532836591908783	0.0016904152722144958
0.07550422620725053	0.0017690878486700775
0.07567988280230512	0.0018531815540888982
0.07585533296665782	0.0019432002666383192
0.07603057398521199	0.0020397075161357825
0.07620560316546371	0.0021433351429999818
0.07638041783759054	0.0022547934578606515
0.07655501535454053	0.002374883206326658
0.07672939309211542	0.002504509714683826
0.07690354844904844	0.002644699682587592
0.07707747884707995	0.0027966212038746095
0.07725118173102744	0.0029616077440965498
0.07742465456885211	0.0031411869936498115
0.0775978948517252	0.0033371157624652254
0.07777090009408132	0.00355142240538733
0.0779436678336791	0.0037864586931707564
0.07811619563164711	0.00404496360947794
0.0782884810725373	0.004330142311462562
0.07846052176436126	0.004645764514438067
0.07863231533863743	0.004996287956080586
0.07880385945042319	0.005387014516929859
0.0789751517783487	0.0058242892486508185
0.07914619002464433	0.00631575632768095
0.07931697191516694	0.006870691320049387
0.07948749519942329	0.007500436895983564
0.07965775765058629	0.008218980489259137
0.07982775706550937	0.009043729287583423
0.07999749126474058	0.009996563484797593
