0.0010000000000000009	2.5176580313496233e-4
0.0012589254117941207	3.118618419530704e-4
0.0015848931924610787	3.910738780668283e-4
0.0019952623149688403	4.939522079317587e-4
0.002511886431509569	6.268003444149512e-4
0.0031622776601683417	7.836725044178857e-4
0.003981071705534939	9.922405437745856e-4
0.0050118723362411605	0.001238950608830658
0.0063095734373755236	0.0016123427798218014
0.007943281740256422	0.0020313508779437202
0.009999978615337884	0.0024994711496752163
0.01258886850705665	0.003230588510797408
0.015844853347515064	0.0042511089212276705
0.01992443081826531	0.005814534465562862
0.02498010829226832	0.008118736945380654
0.031102301813284744	0.011782310073008131
0.03824037947400168	0.01843283294091423
0.04614122033010733	0.026679163452685856
0.05434588280579606	0.036666238804140924
0.06225834174895077	0.04850228130541719
0.06926812435283394	0.05930028119968078
0.07489207226604694	0.06861853247703738
0.07889703306773857	0.07607996348297068
