0.001	9.749554537574476e-7
0.0012589254117941675	1.2450142971728422e-6
0.001584893192461114	1.6083360481179178e-6
0.001995262314968879	2.065746358348512e-6
0.0025118864315095794	2.5452118095604463e-6
0.0031622776601683794	3.2964493483446795e-6
0.003981071705534973	4.161042864529355e-6
0.005011872336272725	5.322663704777992e-6
0.00630957344480193	6.83298280561183e-6
0.007943282347242814	8.753451318080483e-6
0.01	1.151347595763914e-5
0.012589254117941675	1.5468480294626843e-5
0.015848931924611134	2.0749106158729337e-5
0.0199526231496888	2.8946097376619677e-5
0.025118864315095794	4.0962668677011885e-5
0.03162277660168379	6.455644068503853e-5
0.039810717055349734	1.0454707080702584e-4
0.05011872336272722	2.1292581775644176e-4
0.06309573444801933	6.71384158357382e-4
0.07943282347242814	0.027348559327989613
