8.141371054588527e-4	1.277483185395048e-5
0.0010294167905738642	1.6125352169201426e-5
0.0013032198422428557	2.0361400596507698e-5
0.0016525089194380576	2.5385704000849223e-5
0.0020999178314090768	3.320364146023324e-5
0.0026762738044117914	4.218121749565431e-5
0.0034249458133675053	5.3244069791688786e-5
0.004410641225400456	6.778024074541089e-5
0.005739771653266336	8.838676663151293e-5
0.007599698545086347	1.1713078251291269e-4
0.010290492542479936	1.5265645141718828e-4
0.014163819872792804	2.0663540812492377e-4
0.019425180373777454	2.877758386625898e-4
0.02593552729071874	4.0206691705294803e-4
0.03321268933413311	6.101950728760936e-4
0.04063623609546087	9.28555389403354e-4
0.04767364404864048	0.001391640344337414
0.05399030744578523	0.0022343146313563195
0.059444302151727954	0.0038939732794549932
0.0640292118595056	0.0072150842669902815
0.06781433898426245	0.01184561177403951
0.07090137938259759	0.019156562299743864
0.07339858413568286	0.027840700003609487
0.07540755884382677	0.03517637951995744
0.07701773210938061	0.04320215920824745
