0.004647796093157464	1.7547316630577298e-6
0.0054144644060581445	2.0959013462158267e-6
0.006306749830520706	2.3959263294009387e-6
0.00734494254093197	2.9240099853942413e-6
0.008552517382408411	3.5152223564916688e-6
0.009956614580490708	4.187092054493699e-6
0.011588607195934918	4.95669544895878e-6
0.013484815775641425	6.274344780698422e-6
0.015687526633090587	7.578255723481214e-6
0.018246595899976358	9.625089483371061e-6
0.02122172259711166	1.1723631126854389e-5
0.024684176339466006	1.4485264186608485e-5
0.028714201427718734	1.9921358694963635e-5
0.03338866689883499	2.6413763327892952e-5
0.038756588206082965	3.6334014506883055e-5
0.04480866088321064	5.454604952568639e-5
0.051455130745227735	8.682532415428067e-5
0.05852588580858298	1.602601538812213e-4
0.0657957932399842	3.357301981725544e-4
0.07302493197898713	0.0010997641231729233
0.07999749126474127	0.015600533801010402
