0.004647796093157464	5.970009697334992e-4
0.005414464406058143	7.340839423112894e-4
0.006306749830520706	9.144258064299417e-4
0.00734494254093197	0.001118094700471307
0.008552517382408411	0.0013388103156594937
0.009956614580490708	0.0018558070388304511
0.011588607195934918	0.0020999262282126972
0.013484815775641425	0.0024825552322617944
0.015687526633090587	0.003311490525756855
0.018246595899976358	0.00429337746552296
0.02122172259711166	0.005408704061220696
0.024684176339466006	0.006913826979680656
0.028714201427718734	0.009545117842937653
0.03338866689883499	0.012444839092314915
0.03875658820608294	0.017472039272852048
0.04480866088321064	0.023660012535025535
0.05145513074522775	0.03131918413417982
0.05852588580858298	0.03994121255656894
0.06579579323998419	0.05250691189511799
0.07302493197898713	0.06405803542928476
0.07999749126474127	0.07751587002209812
