0.001	2.5476870964519525e-4
0.0012589254117941675	3.249599921798445e-4
0.001584893192461114	3.9927710482699547e-4
0.001995262314968879	5.167947160585616e-4
0.0025118864315095794	6.428051778510874e-4
0.0031622776601683794	8.011977775433856e-4
0.003981071705534973	0.001015978020152059
0.005011872336272725	0.0012847582316240199
0.00630957344480193	0.0016775262096874397
0.007943282347242814	0.0021198338215567296
0.01	0.002654271697318496
0.012589254117941675	0.003538245932219137
0.015848931924611134	0.004452126468545039
0.0199526231496888	0.005882197507246139
0.025118864315095794	0.008403299013451456
0.03162277660168379	0.01276423965236844
0.039810717055349734	0.02180463051445099
0.05011872336272722	0.036350334096483854
0.06309573444801933	0.05749090577145323
0.07943282347242814	0.07902665687157072
