8.141371054588527e-4	2.0776395440981764e-4
0.0010294167905738642	2.5770308944267437e-4
0.0013032198422428557	3.283760649164088e-4
0.0016525089194380576	4.1359437293451827e-4
0.0020999178314090768	5.196760301382908e-4
0.0026762738044117914	6.637710026230467e-4
0.0034249458133675053	8.560768843492179e-4
0.004410641225400456	0.001074458107623887
0.005739771653266336	0.0014441958448546033
0.007599698545086347	0.001874797406853865
0.010290492542479936	0.0025710640675622675
0.014163819872792804	0.003549892720692834
0.019425180373777454	0.005323976578160989
0.02593552729071874	0.008625629543778364
0.03321268933413311	0.013559777950553908
0.04063623609546087	0.019923805946390708
0.04767364404864048	0.02739689994618486
0.05399030744578523	0.03600660049857099
0.059444302151727954	0.0439035076872941
0.0640292118595056	0.049504075015904626
0.06781433898426245	0.057025817959630465
0.07090137938259759	0.06107251712637452
0.07339858413568286	0.06654526307769858
0.07540755884382677	0.068809632317038
0.07701773210938061	0.07131771025295149
