0.0010000000000000009	1.590931008117795e-5
0.0012589254117941207	1.9331665402327193e-5
0.0015848931924610787	2.465174527847006e-5
0.0019952623149688403	3.138556375728884e-5
0.002511886431509569	4.084116181051953e-5
0.0031622776601683417	4.9813190372949615e-5
0.003981071705534953	6.20402650239079e-5
0.0050118723362411605	7.744278199977682e-5
0.0063095734373755236	1.0164565276570775e-4
0.007943281740256408	1.2442705015890443e-4
0.009999978615337884	1.613573926292798e-4
0.012588868507056664	2.0375177944849808e-4
0.015844853347515064	2.628852222077539e-4
0.01992443081826531	3.3439244657020224e-4
0.02498010829226832	4.6883612871534083e-4
0.031102301813284744	6.358287549366924e-4
0.03824037947400168	9.31360158739177e-4
0.04614122033010733	0.0014628820046088268
0.05434588280579606	0.002671659787108979
0.06225834174895077	0.005970615877995242
0.06926812435283394	0.015989311694780475
0.07489207226604694	0.0343939354577956
0.07889703306773857	0.05405102612679099
