8.141371054588527e-4	8.159445964843316e-7
0.0010294167905738642	9.929369168443266e-7
0.0013032198422428557	1.2752514422864324e-6
0.0016525089194380576	1.6208793840890287e-6
0.0020999178314090768	2.0150409261354903e-6
0.0026762738044117914	2.6290434799041374e-6
0.0034249458133675053	3.396840475990625e-6
0.004410641225400456	4.310691056382057e-6
0.005739771653266336	5.584041400404257e-6
0.007599698545086347	7.070003359282975e-6
0.010290492542479936	9.37029280360262e-6
0.014163819872792804	1.2857621590285929e-5
0.019425180373777454	1.78241229402165e-5
0.02593552729071874	2.560059285001114e-5
0.03321268933413311	3.6416443439876885e-5
0.04063623609546087	5.407368960362542e-5
0.04767364404864048	8.694909058547899e-5
0.05399030744578523	1.3198515162513263e-4
0.059444302151727954	2.0034755723841567e-4
0.0640292118595056	3.22215275454294e-4
0.06781433898426245	5.047228356222305e-4
0.07090137938259759	8.411185961356982e-4
0.07339858413568286	0.0013203964755588331
0.07540755884382677	0.0021297148095776783
0.07701773210938061	0.003821177809352978
