0.001	1.5638373691998666e-5
0.0012589254117941675	2.000147626872156e-5
0.001584893192461114	2.527867403135641e-5
0.001995262314968879	3.209514429174504e-5
0.0025118864315095794	4.1713482678730296e-5
0.0031622776601683794	5.314065117972635e-5
0.003981071705534973	6.758464254367154e-5
0.005011872336272725	8.527175433700656e-5
0.00630957344480193	1.1156713648476488e-4
0.007943282347242814	1.4015518667889187e-4
0.01	1.848944095195648e-4
0.012589254117941675	2.4208182503693347e-4
0.015848931924611134	3.237255494170311e-4
0.0199526231496888	4.5187657795283976e-4
0.025118864315095794	6.41816744955015e-4
0.03162277660168379	9.487477031950383e-4
0.039810717055349734	0.0015972150859884535
0.05011872336272723	0.0033558104288195956
0.06309573444801933	0.012796757692136219
0.07943282347242814	0.06664287416158303
