0.0010000000000000009	9.746251003975273e-7
0.0012589254117941207	1.2512718851745283e-6
0.0015848931924610787	1.5570562475840437e-6
0.0019952623149688403	1.923464022246703e-6
0.002511886431509569	2.4676009370257144e-6
0.0031622776601683417	3.0518204216092907e-6
0.003981071705534939	3.909503821828592e-6
0.0050118723362411605	4.939558064164612e-6
0.0063095734373755236	6.176346092803127e-6
0.007943281740256422	7.858838945098394e-6
0.009999978615337884	9.853229768497928e-6
0.01258886850705665	1.2993121167578408e-5
0.015844853347515064	1.6547608775771712e-5
0.01992443081826531	2.1745338981540787e-5
0.02498010829226832	2.8466972453774354e-5
0.031102301813284744	3.958596769213942e-5
0.03824037947400168	5.743125438600043e-5
0.04614122033010733	8.674148366618443e-5
0.05434588280579606	1.498559571289171e-4
0.06225834174895077	2.855792997364659e-4
0.06926812435283394	6.519071600420458e-4
0.07489207226604694	0.002003113424237007
0.07889703306773857	0.0094211316390869
