0.004647796093157464	2.8112491377493153e-5
0.0054144644060581445	3.362382320017018e-5
0.006306749830520706	3.871612298522647e-5
0.00734494254093197	4.810007014416987e-5
0.008552517382408411	5.6322398154061025e-5
0.009956614580490708	6.679896045516616e-5
0.011588607195934918	8.0104856513197e-5
0.013484815775641425	1.0001729810608993e-4
0.015687526633090587	1.2380198085390584e-4
0.018246595899976358	1.5377659575847098e-4
0.02122172259711166	1.9478916018563785e-4
0.024684176339466006	2.448124997238239e-4
0.028714201427718734	3.16981438132641e-4
0.03338866689883499	4.3868074344112766e-4
0.038756588206082965	6.073140279119381e-4
0.04480866088321064	9.192636951777528e-4
0.051455130745227735	0.0015462495878977719
0.05852588580858298	0.003020784690676804
0.0657957932399842	0.007902383264155087
0.07302493197898713	0.02390346610587079
0.07999749126474127	0.05928946370775214
