0.0010000000000000009	9.8963932759937e-7
0.0012589254117941207	1.2458820980257361e-6
0.0015848931924610787	1.5684726333040186e-6
0.0019952623149688403	1.9745900557701534e-6
0.002511886431509569	2.4662483207725543e-6
0.0031622776601683417	3.104822682815271e-6
0.003981071705534953	3.908740174511132e-6
0.0050118723362411605	4.9208123337928e-6
0.0063095734373755236	6.194935693681942e-6
0.007943281740256408	7.79896196920687e-6
0.009999978615337884	9.819315211311183e-6
0.012588868507056664	1.236619258974469e-5
0.015844853347515064	1.562001871347035e-5
0.01992443081826531	2.0018817509059824e-5
0.02498010829226832	2.635726694484073e-5
0.031102301813284744	3.6740944959640556e-5
0.03824037947400168	5.4558762630361146e-5
0.04614122033010733	8.918270414667815e-5
0.05434588280579606	1.709882178932708e-4
0.06225834174895077	3.643438890140436e-4
0.06926812435283394	8.96568983664803e-4
0.07489207226604694	0.0027686924973579136
0.07889703306773857	0.01202309519496302
