0.0010000000000000009	1.5527140053938247e-5
0.0012589254117941207	1.958397138574676e-5
0.0015848931924610787	2.4633790120748603e-5
0.0019952623149688403	3.138774794990533e-5
0.002511886431509569	3.9194077837824725e-5
0.0031622776601683417	4.818582784067405e-5
0.003981071705534953	6.240759917001749e-5
0.0050118723362411605	7.711723888020087e-5
0.0063095734373755236	1.0158914653699595e-4
0.007943281740256408	1.2154623257020155e-4
0.009999978615337884	1.5356767135323802e-4
0.012588868507056664	1.8969340222846524e-4
0.015844853347515064	2.494424381477643e-4
0.01992443081826531	3.1479842106234144e-4
0.02498010829226832	4.225005094806538e-4
0.031102301813284744	5.969100211954753e-4
0.03824037947400168	8.785533277958613e-4
0.04614122033010733	0.0015206229873772925
0.05434588280579606	0.002932751510587076
0.06225834174895077	0.0070545097968283885
0.06926812435283394	0.017724679702275505
0.07489207226604694	0.036026342956158655
0.07889703306773857	0.05574333760333715
