8.141371054588527e-4	1.2827892608249587e-5
0.0010294167905738642	1.603892529199058e-5
0.0013032198422428557	2.0632710803750133e-5
0.0016525089194380572	2.5805745098644382e-5
0.0020999178314090768	3.35542227822338e-5
0.0026762738044117914	4.292455500893823e-5
0.0034249458133675044	5.3275126583840036e-5
0.004410641225400456	6.942974775584219e-5
0.005739771653266337	8.772129903260725e-5
0.007599698545086347	1.1850060259304947e-4
0.010290492542479938	1.621700547719355e-4
0.014163819872792804	2.3454705159485018e-4
0.019425180373777454	3.4043143050075563e-4
0.02593552729071874	5.162123921216225e-4
0.03321268933413311	8.183074174392225e-4
0.04063623609546086	0.0013017479793804628
0.04767364404864048	0.0020415191364072465
0.05399030744578523	0.0032902507095020107
0.059444302151727954	0.005466617189933728
0.0640292118595056	0.009524065529329271
0.06781433898426245	0.015156719914796779
0.07090137938259759	0.021904737574321983
0.07339858413568286	0.029964479977972767
0.07540755884382677	0.03854334154944215
0.07701773210938061	0.04498807403265025
