8.141371054588527e-4	7.793474861696048e-7
0.0010294167905738642	1.011178058294979e-6
0.0013032198422428557	1.2630401625071127e-6
0.0016525089194380572	1.5585658014226831e-6
0.0020999178314090768	2.0378522918740697e-6
0.0026762738044117914	2.602192570281769e-6
0.0034249458133675044	3.2414045213841407e-6
0.004410641225400456	4.336501159157581e-6
0.005739771653266337	5.575705838340949e-6
0.007599698545086347	7.556825246505206e-6
0.010290492542479938	1.0050820498680893e-5
0.014163819872792804	1.4582158381490506e-5
0.019425180373777454	2.151505466470648e-5
0.02593552729071874	3.265219594227566e-5
0.03321268933413311	5.127033580231507e-5
0.04063623609546086	7.62915087078976e-5
0.04767364404864048	1.2426350181683803e-4
0.05399030744578523	1.973360161946942e-4
0.059444302151727954	3.106252336334402e-4
0.0640292118595056	4.974306107561143e-4
0.06781433898426245	8.11856669158197e-4
0.07090137938259759	0.0012544460653388665
0.07339858413568286	0.002092297237048394
0.07540755884382677	0.003337177762608372
0.07701773210938061	0.005613353595046694
