0.004647796093157464	0.0013328954848523585
0.0054144644060581445	0.0016006133499275566
0.006306749830520706	0.0019348387894997392
0.00734494254093197	0.002248292726578686
0.008552517382408411	0.0027391908690430123
0.009956614580490708	0.00329168874120315
0.011588607195934918	0.003970651380771506
0.013484815775641425	0.004741487536496257
0.015687526633090587	0.005851369759173085
0.018246595899976358	0.0072705815335439
0.02122172259711166	0.00879620340748056
0.024684176339466006	0.01049555023891017
0.028714201427718734	0.013013992910024124
0.03338866689883499	0.016243505445533383
0.038756588206082965	0.02023203043974189
0.04480866088321064	0.026740127073403154
0.051455130745227735	0.03451471098237103
0.05852588580858298	0.04327931210460735
0.0657957932399842	0.054468946692444294
0.07302493197898713	0.06658111959574815
0.07999749126474127	0.07743231703932933
