8.141371054588527e-4	2.0539507107380053e-4
0.0010294167905738642	2.647104980220703e-4
0.0013032198422428557	3.2450985430556195e-4
0.0016525089194380572	4.204827846079427e-4
0.0020999178314090768	5.076125928638508e-4
0.0026762738044117914	6.801494119721429e-4
0.0034249458133675044	8.524569001187391e-4
0.004410641225400456	0.0011434361553372368
0.005739771653266337	0.0014075509928769471
0.007599698545086347	0.0019008244427705769
0.010290492542479938	0.002610209463514926
0.014163819872792804	0.004049553719883597
0.019425180373777454	0.0059249452676699505
0.02593552729071874	0.009547697840650111
0.03321268933413311	0.01439295336286849
0.04063623609546086	0.021266656773332865
0.04767364404864048	0.02987640792678431
0.05399030744578523	0.036938576440299416
0.059444302151727954	0.04493667775653776
0.0640292118595056	0.05066497432854648
0.06781433898426245	0.05743980748355242
0.07090137938259759	0.061842454097234836
0.07339858413568286	0.0663768263960909
0.07540755884382677	0.06920797018327747
0.07701773210938061	0.07264721495821631
