0.004647796093157464	7.91005261845433e-5
0.0054144644060581445	9.206101996716277e-5
0.006306749830520706	1.1101454069014303e-4
0.00734494254093197	1.3312605168491922e-4
0.008552517382408411	1.5969677661646439e-4
0.009956614580490708	1.862631894961233e-4
0.011588607195934918	2.2006914161208893e-4
0.013484815775641425	2.809252012728702e-4
0.015687526633090587	3.376003676777858e-4
0.018246595899976358	4.081631358534909e-4
0.02122172259711166	5.208955379178386e-4
0.024684176339466006	6.587405738706085e-4
0.028714201427718734	8.399987850009485e-4
0.03338866689883499	0.0011232259947128811
0.038756588206082965	0.0015276731028878113
0.04480866088321064	0.0022513617751391945
0.051455130745227735	0.0034515441233494712
0.05852588580858298	0.005983622848582339
0.0657957932399842	0.012180820101389822
0.07302493197898713	0.028143186245269687
0.07999749126474127	0.05946844359087582
