0.0010	9.641720367640146e-7
0.0012589254117941675	1.21382067842355e-6
0.001584893192461114	1.5281096974286628e-6
0.001995262314968879	1.9237761301020015e-6
0.0025118864315095794	2.421890656788466e-6
0.0031622776601683794	3.0489796924178917e-6
0.003981071705534973	3.838438014829181e-6
0.005011872336272725	4.832307158465207e-6
0.00630957344480193	6.083514279386713e-6
0.007943282347242814	7.658690719332686e-6
0.01	9.641720367639952e-6
0.012589254117941675	1.2138206784235615e-5
0.015848931924611134	1.5281096974286265e-5
0.0199526231496888	1.967058771259122e-5
0.025118864315095794	2.4763802736307158e-5
0.03162277660168379	3.117578055739481e-5
0.039810717055349734	3.924798237622298e-5
0.05011872336272723	4.941028237507684e-5
0.06309573444801933	6.220386008590968e-5
0.07943282347242814	0.024661137285320156
