0.0010000000000000009	2.4169352549150975e-4
0.0012589254117941207	3.150716038198758e-4
0.0015848931924610787	4.0160097740935815e-4
0.0019952623149688403	4.948468236269669e-4
0.002511886431509569	6.327175860969659e-4
0.0031622776601683417	7.818044450455958e-4
0.003981071705534953	0.0010038277450932997
0.0050118723362411605	0.0012218382578988592
0.0063095734373755236	0.001576360768560839
0.007943281740256408	0.00197110219196295
0.009999978615337884	0.0024970932000095455
0.012588868507056664	0.003179344289078267
0.015844853347515064	0.004071194626371606
0.01992443081826531	0.005557699395153566
0.02498010829226832	0.008203738254878532
0.031102301813284744	0.012200757799321837
0.03824037947400168	0.019687468173320823
0.04614122033010733	0.028411093465964807
0.05434588280579606	0.037009905429778174
0.06225834174895077	0.048644174862943694
0.06926812435283394	0.06032706116663242
0.07489207226604694	0.0686317097280469
0.07889703306773857	0.07590163309821302
