0.004647796093157464	5.112283819437591e-6
0.0054144644060581445	5.953600601505182e-6
0.006306749830520706	7.058691326973983e-6
0.00734494254093197	8.514226465728616e-6
0.008552517382408411	1.0157143934282317e-5
0.009956614580490708	1.237894511148565e-5
0.011588607195934918	1.5151422400477315e-5
0.013484815775641425	1.885480431519242e-5
0.015687526633090587	2.3315824474628004e-5
0.018246595899976358	2.8755575728434234e-5
0.02122172259711166	3.4763163934279765e-5
0.024684176339466006	4.555720921641028e-5
0.028714201427718734	5.9496157586673204e-5
0.03338866689883499	8.008457487665195e-5
0.038756588206082965	1.0882853487085058e-4
0.04480866088321064	1.5545965476162466e-4
0.051455130745227735	2.4717579375947935e-4
0.05852588580858298	4.3282214701606455e-4
0.0657957932399842	9.155218643181112e-4
0.07302493197898713	0.0028379040097194223
0.07999749126474127	0.02009595508595448
