0.001	2.443806844249439e-4
0.0012589254117941675	3.2192994520949714e-4
0.001584893192461114	3.9547538448038905e-4
0.001995262314968879	5.010547682104255e-4
0.0025118864315095794	6.306487450056564e-4
0.0031622776601683794	7.923395034445845e-4
0.003981071705534973	9.9061912610885e-4
0.005011872336272725	0.0012537025563581856
0.00630957344480193	0.0015752202632872423
0.007943282347242814	0.00204746984343537
0.01	0.002547054196289986
0.012589254117941675	0.0032025746924033783
0.015848931924611134	0.003920690696420956
0.0199526231496888	0.005021896450844338
0.025118864315095794	0.006603335292783885
0.03162277660168379	0.010595646107881143
0.039810717055349734	0.02038949635090814
0.05011872336272723	0.038570077450952554
0.06309573444801933	0.05879176137531574
0.07943282347242814	0.07920939848648804
