0.0010	1.5682274360420694e-5
0.0012589254117941675	1.9655298102249656e-5
0.001584893192461114	2.4882963793124864e-5
0.001995262314968879	3.064752407823652e-5
0.0025118864315095794	3.869492015264998e-5
0.0031622776601683794	4.8615247778373693e-5
0.003981071705534973	6.231141856736083e-5
0.005011872336272725	7.893628652727645e-5
0.00630957344480193	1.0083979413324171e-4
0.007943282347242814	1.241700093410285e-4
0.01	1.582782602964955e-4
0.012589254117941675	1.9709144268735104e-4
0.015848931924611134	2.4397150663312472e-4
0.0199526231496888	3.1767397449791653e-4
0.025118864315095794	3.950385918012695e-4
0.03162277660168379	5.040412361017497e-4
0.039810717055349734	6.358587204842977e-4
0.05011872336272723	7.987235980679332e-4
0.06309573444801933	0.007424447312210923
0.07943282347242814	0.06748004907041744
