0.004647796093157464	0.0012470004275050516
0.0054144644060581445	0.0014237524632235597
0.006306749830520706	0.0016688740367935878
0.00734494254093197	0.001969651964054143
0.008552517382408411	0.0023675056361787106
0.009956614580490708	0.002995281261579933
0.011588607195934918	0.003481379209478495
0.013484815775641425	0.004127026174820755
0.015687526633090587	0.004936804393550113
0.018246595899976358	0.006158702997632768
0.02122172259711166	0.007963972834679183
0.024684176339466006	0.010044173114947071
0.028714201427718734	0.012944474574101385
0.03338866689883499	0.016632702332133015
0.038756588206082965	0.021299672812915147
0.04480866088321064	0.027399284831425102
0.051455130745227735	0.034809010688284146
0.05852588580858298	0.04352833334270975
0.0657957932399842	0.05336414827134462
0.07302493197898713	0.06431792419409092
0.07999749126474127	0.07718268576612657
