0.0046477960939203585	2.787810879594387e-5
0.00468342691261245	2.8112581583215443e-5
0.004719329506450746	2.8349188173268623e-5
0.004755505927529007	2.858795063814363e-5
0.004791958243126034	2.8828891321563336e-5
0.004828688535813672	2.9072032842982e-5
0.0048656989035655825	2.9317398101699234e-5
0.00490299145986669	2.9565010281050797e-5
0.004940568333823406	2.9814892852675382e-5
0.004978431670274509	3.0067069580853986e-5
0.0050165836299028285	3.032156452692863e-5
0.0050550263893476945	3.0578402053801883e-5
0.005093762141317974	3.083760683051467e-5
0.005132793094706087	3.1099203836910114e-5
0.005172121474702614	3.136321836837848e-5
0.005211749522911725	3.162967604068945e-5
0.005251679497467334	3.1898602794916045e-5
0.005291913673150135	3.217002490244075e-5
0.0053324543415052906	3.244396897006144e-5
0.0053733038109609515	3.27204619451862e-5
0.005414464406947566	3.2999531121124213e-5
0.005455938472018039	3.328120414247905e-5
0.005497728365968586	3.3565509010633544e-5
0.005539836465960437	3.385247408934533e-5
0.005582265166642447	3.4142128110439926e-5
0.005625016880274338	3.44345001796148e-5
0.005668094036850963	3.472961978234883e-5
0.005711499084227234	3.5027516789926325e-5
0.005755234488244004	3.5328221465570225e-5
0.0057993027328547995	3.563176447069609e-5
0.005843706320253249	3.593817687128208e-5
0.005888447771001554	3.62474901443578e-5
0.0059335296241597585	3.655973618462245e-5
0.005978954437415851	3.687494731118514e-5
0.0060247247872168555	3.719315627443618e-5
0.00607084326890058	3.751439626304945e-5
0.006117312496828625	3.783870091112395e-5
0.006164135104519945	3.816610430545497e-5
0.006211313744785518	3.849664099295897e-5
0.006258851089863896	3.8830345988229175e-5
0.0063067498315576825	3.916725478124958e-5
0.006355012681370897	3.9507403345255334e-5
0.006403642370647417	3.9850828144747446e-5
0.006452641650710212	4.019756614366666e-5
0.006502013293001722	4.054765481372946e-5
0.0065517600892250555	4.090113214292685e-5
0.00660188485148625	4.1258036644194024e-5
0.006652390412437597	4.161840736425454e-5
0.006703279625421831	4.198228389263747e-5
0.006754555364617473	4.23497063708773e-5
0.006806220525185148	4.272071550190197e-5
0.006858278023414932	4.3095352559607654e-5
0.006910730796874844	4.347365939862316e-5
0.006963581804560283	4.385567846428512e-5
0.007016834027044731	4.4241452802801695e-5
0.007070490466631354	4.4631026071636725e-5
0.007124554147505903	4.502444255009846e-5
0.007179028115890587	4.5421747150149046e-5
0.007233915440199288	4.582298542743983e-5
0.007289219211193718	4.622820359256967e-5
0.0073449425421410214	4.66374485225831e-5
0.007401088568972241	4.705076777270246e-5
0.007457660450442462	4.7468209588309815e-5
0.0075146613682917	4.7889822917179856e-5
0.007572094527407438	4.8315657421963474e-5
0.007629963155988303	4.874576349294813e-5
0.007688270505708991	4.918019226107357e-5
0.007747019851886701	4.961899561123502e-5
0.007806214493648748	5.0062226195868245e-5
0.007865857754101677	5.050993744881579e-5
0.007925952980501782	5.096218359950694e-5
0.00798650354442698	5.141901968742852e-5
0.0080475128419503	5.188050157691851e-5
0.008108984293814835	5.2346685972270574e-5
0.00817092134561015	5.281763043317808e-5
0.008233327467950307	5.329339339050848e-5
0.00829620615665372	5.377403416241878e-5
0.00835956093292428	5.4259612970841054e-5
0.008423395343534557	5.475019095831314e-5
0.008487712961010495	5.5245830205188725e-5
0.008552517383818027	5.57465937472385e-5
0.008617812236551524	5.6252545593628384e-5
0.008683601170124056	5.676375074530754e-5
0.008749887861959744	5.728027521381172e-5
0.00881667601618805	5.780218604048285e-5
0.008883969363840073	5.83295513161277e-5
0.00895177166304717	5.886244020111903e-5
0.009020086699241541	5.9400922945957955e-5
0.00908891828535943	5.994507091230426e-5
0.009158270262046282	6.049495659448541e-5
0.0092281464978647	6.105065364150569e-5
0.009298550889504736	6.161223687956003e-5
0.009369487361996874	6.217978233506814e-5
0.009440959868927751	6.275336725825212e-5
0.009512972392658614	6.333307014725172e-5
0.009585528944546784	6.391897077281637e-5
0.009658633565170115	6.451115020356923e-5
0.009732290324554723	6.510969083187662e-5
0.009806503322405876	6.571467640032116e-5
0.009881276688342308	6.632619202880761e-5
0.009956614582134206	6.694432424231838e-5
0.010032521193944858	6.756916099933354e-5
0.010109000744576118	6.820079172093301e-5
0.010186057485717926	6.883930732060021e-5
0.010263695700202054	6.94848002347499e-5
0.010341919702260253	7.013736445400386e-5
0.01042073383778679	7.079709555522249e-5
0.010500142484606057	7.146409073432848e-5
0.0105801500527448	7.213844883993354e-5
0.010660760984709812	7.282027040780454e-5
0.010741979755770818	7.350965769617479e-5
0.010823810874249157	7.420671472195173e-5
0.01090625888181214	7.491154729781147e-5
0.010989328353773918	7.562426307024008e-5
0.011073023899402132	7.634497155853008e-5
0.011157350162231842	7.707378419476491e-5
0.011242311820385941	7.781081436482303e-5
0.01132791358690308	7.855617745042752e-5
0.011414160210072882	7.930999087227667e-5
0.011501056473779128	8.007237413428368e-5
0.011588607197851037	8.084344886896726e-5
0.011676817238422989	8.162333888401283e-5
0.011765691488302926	8.241217021006017e-5
0.011855234877350167	8.321007114972893e-5
0.011945452372862158	8.401717232794828e-5
0.012036348979971587	8.483360674361562e-5
0.012127929742053241	8.565950982262098e-5
0.012220199741141368	8.649501947227899e-5
0.012313164098358033	8.73402761372496e-5
0.012406827974352629	8.819542285691689e-5
0.012501196569752723	8.90606053243599e-5
0.012596275125626966	8.993597194689603e-5
0.012692068923959993	9.082167390829385e-5
0.012788583288140283	9.171786523266759e-5
0.012885823583460156	9.262470285015084e-5
0.012983795217629695	9.354234666436305e-5
0.01308250364130362	9.447095962176803e-5
0.01318195434862199	9.541070778294312e-5
0.013282152877765067	9.636176039584887e-5
0.013383104811522287	9.732428997117238e-5
0.013484815777875503	9.829847235976926e-5
0.013587291450597302	9.92844868323232e-5
0.013690537549863536	1.002825161612618e-4
0.013794559842881296	1.0129274670501224e-4
0.013899364144531207	1.0231536849468072e-4
0.014004956318025499	1.0335057532322609e-4
0.014111342275580425	1.0439856483722175e-4
0.014218527979103836	1.0545953863127769e-4
0.014326519440897596	1.0653370234521277e-4
0.014435322724374568	1.0762126576409607e-4
0.014544943944790115	1.0872244292121467e-4
0.014655389269987308	1.0983745220408865e-4
0.014766664921156298	1.1096651646363487e-4
0.014878777173606457	1.1210986312659008e-4
0.01499173235755173	1.1326772431127776e-4
0.015105536858907469	1.1444033694687156e-4
0.015220197120098929	1.1562794289624605e-4
0.015335719640880187	1.1683078908255661e-4
0.01545211097916289	1.1804912761964468e-4
0.015569377751852973	1.1928321594644695e-4
0.01568752663569544	1.2053331696551084e-4
0.015806564368124946	1.2179969918576636e-4
0.015926497748121316	1.2308263686970202e-4
0.016047333637068263	1.2438241018511174e-4
0.016169078959613982	1.256993053615526e-4
0.016291740704531366	1.2703361485167928e-4
0.01641532592557656	1.2838563749764255e-4
0.016539841742343388	1.297556787027108e-4
0.01666529534111154	1.3114405060832065e-4
0.01679169397568631	1.3255107227668882e-4
0.016919044968227576	1.3397706987930056e-4
0.017047355710064882	1.3542237689133073e-4
0.017176633662496454	1.3688733429233053e-4
0.017306886357568763	1.3837229077334108e-4
0.01743812139883402	1.3987760295068624e-4
0.01757034646208183	1.4140363558666583e-4
0.017703569296042065	1.4295076181740167e-4
0.017837797723055365	1.4451936338812142e-4
0.017973039639707165	1.4610983089609952e-4
0.018109303017422054	1.4772256404155162e-4
0.018246595903013942	1.4935797188680197e-4
0.018384926419188173	1.510164731239661e-4
0.018524302764991153	1.5269849635150088e-4
0.018664733216203384	1.5440448035992544e-4
0.018806226125670494	1.5613487442707195e-4
0.018948789923569315	1.5789013862316768e-4
0.01909243311760164	1.5967074412616476e-4
0.019237164293113507	1.6147717354765613e-4
0.01938299211313288	1.6330992126980227e-4
0.019529925318321397	1.6516949379362516e-4
0.019677972726835236	1.6705641009916815e-4
0.01982714323408908	1.6897120201788337e-4
0.0199774458124186	1.7091441461776984e-4
0.02012888951063495	1.7288660660170634e-4
0.02028148345346721	1.748883507194872e-4
0.020435236840885315	1.7692023419407275e-4
0.020590158947300295	1.789828591626135e-4
0.020746259120633524	1.810768431327918e-4
0.020903546781251833	1.8320281945507475e-4
0.021062031420761587	1.8536143781148644e-4
0.021221722600655826	1.875533647215525e-4
0.021382629950810438	1.8977928406605445e-4
0.021544763167822417	1.9203989762932986e-4
0.021708132013185572	1.943359256607793e-4
0.021872746311298704	1.966681074564232e-4
0.02203861594729959	1.9903720196119074e-4
0.022205750864721804	2.0144398839287697e-4
0.02237416106296772	2.038892668885224e-4
0.02254385659459392	2.06373859174216e-4
0.0227148475624039	2.0889860925916992e-4
0.02288714411634405	2.1146438415510537e-4
0.023060756450198224	2.1407207462194802e-4
0.02323569479807779	2.1672259594093733e-4
0.023411969430702416	2.194168887162429e-4
0.023589590651469133	2.2215591970626173e-4
0.02376856879230585	2.2494068268583947e-4
0.023948914209306425	2.2777219934073156e-4
0.02413063727814576	2.3065152019559204e-4
0.02431374838927111	2.335797255769312e-4
0.024498257942869212	2.3655792661256275e-4
0.024684176343606992	2.3958726626898923e-4
0.024871513995144527	2.4266892042849671e-4
0.02506028129442084	2.458040990075154e-4
0.025250488625710277	2.489940471181265e-4
0.025442146354451103	2.522400462745894e-4
0.025635264820846722	2.55543415646805e-4
0.025829854333239474	2.5890551336284066e-4
0.02602592516125976	2.623277378626572e-4
0.026223487528751848	2.658115293053168e-4
0.026422551606478415	2.6935837103206914e-4
0.026623127504607522	2.729697910878871e-4
0.026825225264984525	2.766473638040103e-4
0.02702885485319403	2.80392711444335e-4
0.02723402615041482	2.842075059185548e-4
0.02744074894507336	2.880934705652205e-4
0.02764903292430197	2.9205238200777226e-4
0.02785888766520619	2.960860720871719e-4
0.028070322625948947	3.0019642987460826e-4
0.02828334713665749	3.043854037680758e-4
0.028497970390161324	3.0865500367683235e-4
0.028714201432569208	3.130073032979918e-4
0.028932049153692223	3.174444424895531e-4
0.029151522277323313	3.219686297447265e-4
0.02937262935138286	3.265821447723204e-4
0.02959537873793826	3.3128734118852257e-4
0.029819778603110064	3.360866493255011e-4
0.03004583690687399	3.4098257916268687e-4
0.030273561392770737	3.459777233867782e-4
0.03050295957753462	3.510747605871182e-4
0.030734038740654217	3.562764585930641e-4
0.03096680591387545	3.615856779608521e-4
0.03120126787066217	3.6700537561736664e-4
0.03143743111562546	3.7253860866915794e-4
0.03167530187393641	3.7818853838503556e-4
0.031914886080735144	3.839584343616431e-4
0.03215618937055089	3.898516788812805e-4
0.03239921706674689	3.9587177147247185e-4
0.0326439741710045	4.0202233368387673e-4
0.03289046535286169	4.0830711408317276e-4
0.03313869493932065	4.1472999349289106e-4
0.03338866690453891	4.2129499047627853e-4
0.03364038485962031	4.2800626708672674e-4
0.03389385204251922	4.348681348954068e-4
0.03414907130807562	4.4188506131247814e-4
0.03440604511819393	4.4906167621836776e-4
0.034664775532182564	4.56402778922515e-4
0.034925264197268435	4.639133454681112e-4
0.035187512339302736	4.7159853630265516e-4
0.03545152075367149	4.7946370433525853e-4
0.03571728979642654	4.8751440340324135e-4
0.035984819375652996	4.957563971715495e-4
0.036254108943085	5.041956684908716e-4
0.03652515748598673	5.128384292410409e-4
0.036797963519311166	5.216911306890441e-4
0.037072525078151036	5.307604743922939e-4
0.03734883971049508	5.400534236800937e-4
0.03762690447030296	5.495772157485862e-4
0.03790671591091169	5.593393744066981e-4
0.03818827007878526	5.693477235133908e-4
0.0384715625076201	5.796104011490586e-4
0.038756588212817376	5.901358745674094e-4
0.03904334168633261	6.009329559767672e-4
0.03933181689191406	6.120108192039478e-4
0.03962200726073939	6.233790172971496e-4
0.039913905687458735	6.350475011285034e-4
0.040207504526654524	6.470266390618765e-4
0.040502795589725235	6.593272377551783e-4
0.040799770142201194	6.719605641731281e-4
0.04109841890149814	6.84938368890572e-4
0.04139873203511607	6.982729107737743e-4
0.04170069915928784	7.119769831328154e-4
0.04200430933808365	7.260639414459445e-4
0.04230955108297277	7.405477327643097e-4
0.04261641235285059	7.554429269139483e-4
0.04292488055452832	7.707647496212238e-4
0.04323494254369181	7.86529117697844e-4
0.04354658462632815	8.027526764323623e-4
0.043859792560621565	8.194528393472542e-4
0.04417455155931832	8.366478304934155e-4
0.04449084629255968	8.54356729467942e-4
0.0448086608911814	8.725995193566043e-4
0.04512797895047725	8.913971378196609e-4
0.04544878353442334	9.107715315572366e-4
0.04577105718036055	9.307457144115719e-4
0.046094781904128634	9.513438293849551e-4
0.046419939205649324	9.725912148768743e-4
0.04674651007495023	9.9451447546987e-4
0.047074474998624605	0.0010171415576237664
0.0474038139667195	0.0010405018306689996
0.047734506480044306	0.0010646261735259412
0.048066531557891166	0.0010895470676155234
0.04839986774615922	0.0011152986964696682
0.04873449312587174	0.0011419170525973077
0.04907038532207783	0.0011694400522135084
0.04940752151312526	0.001197907658498109
0.04974587844029835	0.001227362014112912
0.05008543241780173	0.0012578475837781897
0.050426159343086696	0.0012894113077872899
0.05076803470749974	0.0013221027674255106
0.05111103360724586	0.0013559743633561635
0.05145513075465149	0.0013910815081442038
0.05180030048971108	0.00142748283420806
0.05214651679190927	0.0014652404186242046
0.052493753292297454	0.0015044200263576335
0.052841983285815304	0.0015450913736588343
0.05319117974384101	0.0015873284135544618
0.05354131532695417	0.0016312096455679361
0.05389236239789826	0.0016768184520410496
0.05424429303472536	0.0017242434636912786
0.05459707904411016	0.001773578957336187
0.05495069197481486	0.001824925289050176
0.05530510313129261	0.0018783893663960802
0.05566028358741155	0.0019340851637995055
0.056016204200285385	0.001992134285615917
0.056372835624193984	0.0020526665819863787
0.05673014832457908	0.0021158208231966125
0.057088112592100185	0.0021817454389596036
0.05744669855673483	0.002250599329842437
0.05780587620190723	0.0023225527589740415
0.05816561537863316	0.002397788333213781
0.058525885819662095	0.002476502084158608
0.05888665715360709	0.002558904660735754
0.05924789891904291	0.0026452226467063517
0.059609580578562256	0.0027357000182153695
0.05997167153277487	0.002830599758617762
0.06033414113423416	0.002930205650226037
0.06069695870128225	0.003034824265426268
0.06106009353179637	0.003144787182855686
0.061423514916826336	0.0032604534581188067
0.06178719215411014	0.0033822123829238214
0.06215109456145668	0.003510486571673406
0.06251519148998189	0.0036457354205786537
0.06287945233719051	0.003788458991454553
0.06324384655988984	0.003939202380703161
0.06360834368692633	0.00409856064384923
0.06397291333173594	0.004267184357666858
0.06433752520469783	0.004445785915799191
0.06470214912528169	0.004635146670288205
0.0650667550339824	0.004836125051160764
0.06543131300403185	0.00504966581987166
0.0657957932528812	0.005276810640848134
0.06616016615344567	0.005518710189712518
0.06652440224510607	0.00577663805833682
0.06688847224446033	0.0060520067674372634
0.06725234705581792	0.006346386259104998
0.06761599778143393	0.00666152531726827
0.06797939573147622	0.006999376457109142
0.06834251243372193	0.007362124939424167
0.06870531964297774	0.007752222708678476
0.0690677893502228	0.00817242823158696
0.06942989379146905	0.008625853436348608
0.06979160545633542	0.009116019234086616
0.070152897096337	0.00964692146069339
0.07051374173288281	0.010223109531856676
0.07087411266498367	0.010849780686948309
0.07123398347666804	0.011532893449649253
0.0715933280441035	0.012279304910367625
0.07195212054242664	0.013096937713896924
0.07231033545227807	0.013994984320695153
0.07266794756604364	0.014984158348425508
0.0730249319938048	0.016077005798541898
0.07338126416899501	0.017288293024245435
0.07373691985376706	0.018635493822842696
0.07409187514407005	0.02013940565009307
0.07444610647443997	0.02182493555767814
0.07479959062250542	0.023722111390079376
0.07515230471320947	0.025867395071707877
0.07550422622275267	0.02830540557872655
0.07585533298225752	0.03109120426621879
0.07620560318116176	0.03429336228800573
0.07655501537033652	0.03799813130123405
0.07690354846494253	0.04231519492141094
0.07725118174701871	0.04738572390555566
0.07759789486781477	0.05339385219945705
0.07794366784986656	0.06058333909074689
0.07828848108882244	0.06928227698341828
0.07863231535502112	0.07994060729731114
0.07897515179483011	0.09318862797844168
0.07931697193174617	0.109931061120828
0.07965775766726346	0.13150368782819322
0.07999749128151533	0.15994501575682396
