8.141371054588527e-4	7.949118488867642e-7
0.0010294167905738642	1.0049948125579668e-6
0.0013032198422428557	1.2720660165365935e-6
0.0016525089194380572	1.6125049639989156e-6
0.0020999178314090768	2.0480014468735087e-6
0.0026762738044117914	2.6076978324638215e-6
0.0034249458133675044	3.3315250138982596e-6
0.004410641225400456	4.275733875041391e-6
0.005739771653266337	5.522924301428905e-6
0.007599698545086347	7.201695557641489e-6
0.010290492542479938	9.524403487315678e-6
0.014163819872792804	1.2851409781164563e-5
0.019425180373777454	1.778732305000898e-5
0.02593552729071874	2.5319626858207194e-5
0.03321268933413311	3.702786308758959e-5
0.04063623609546086	5.541481437760104e-5
0.04767364404864048	8.443751834245269e-5
0.05399030744578523	1.3035520491711718e-4
0.059444302151727954	2.0307692197444672e-4
0.0640292118595056	3.1829872088033964e-4
0.06781433898426245	5.008908889484341e-4
0.07090137938259759	7.902658809786383e-4
0.07339858413568286	0.0012488853786886411
0.07540755884382677	0.001975742620527436
0.07701773210938061	0.003127730121863324
