0.004647796093157464	4.4604974073510136e-4
0.004828688535020964	4.6515252548770894e-4
0.005016583629079109	4.8514503243085767e-4
0.005211749522055764	5.06074816651031e-4
0.0054144644060581445	5.279924979379864e-4
0.00562501687935008	5.509520028738369e-4
0.005843706319292872	5.750108299405145e-4
0.006070843267902617	6.00230340208793e-4
0.006306749830520706	6.26676076499993e-4
0.0065517600881475225	6.544181142868316e-4
0.0068062205240654264	6.835314480304303e-4
0.0070704904654678245	7.140964171461874e-4
0.00734494254093197	7.461991763613305e-4
0.007629963154731951	7.799322158871708e-4
0.007925952979196292	8.153949375921102e-4
0.008233327466593724	8.526942942481345e-4
0.008552517382408411	8.919454999558163e-4
0.0088839693623753	9.332728210580466e-4
0.009228146496342609	9.768104582640919e-4
0.009585528942965134	0.0010227035323650646
0.009956614580490708	0.001071109187877095
0.01034191970055239	0.0011221978312640594
0.010741979753996255	0.0011761545231388
0.011157350160387802	0.0012331805471162394
0.011588607195934918	0.0012934951819034792
0.012036348977980478	0.0013573377078978503
0.0125011965676837	0.0014249696851897542
0.01298379521547968	0.0014966775466298103
0.013484815775641425	0.0015727755577563142
0.014004956315703981	0.0016536092051716161
0.014544943942377798	0.00173955908673944
0.015105536856400656	0.0018310453911499522
0.015687526633090587	0.0019285330714481769
0.01629174070182449	0.00203253783762687
0.01691904496541473	0.0021436331180688046
0.017570346459158757	0.0022624581693866555
0.018246595899976358	0.0023897275501888328
0.018948789920412466	0.002526242217970689
0.01967797272355433	0.0026729025615866886
0.020435236837475463	0.0028307237471051562
0.02122172259711166	0.0030008538355448455
0.02203861594361538	0.0031845952313790606
0.02288714411251405	0.0033834301464816846
0.023768568788323702	0.003599050922973425
0.024684176339466006	0.0038333962603038295
0.02563526481654004	0.004088694650348903
0.026623127500127446	0.004367516657406194
0.027649032919640902	0.00467283811212435
0.028714201427718734	0.005008116852767885
0.02981977859806092	0.005377386389208013
0.03096680590861819	0.005785370847373637
0.03215618936507549	0.006237626862100501
0.03338866689883499	0.006740719847620486
0.03466477552623871	0.007302444462760262
0.035984819369457965	0.007932102354744794
0.0373488397040366	0.008640854778881489
0.038756588206082965	0.009442173993078522
0.04020750451963095	0.010352426224990047
0.04170069915196215	0.011391631730125022
0.043234942536050223	0.012584465883165535
0.04480866088321064	0.013961592309705674
0.04641993919733585	0.01556145943802997
0.04806653154922082	0.01743275308184839
0.04974587843125793	0.01963779222580658
0.051455130745227735	0.022257304130307316
0.05319117973402094	0.02539725461687149
0.054950691964586705	0.029198804624802906
0.05673014831393128	0.03385313317114574
0.05852588580858298	0.03962403334653773
0.060334141122713875	0.046883290403616565
0.06215109454948563	0.0561677851467747
0.06397291331930591	0.06827494972266984
0.0657957932399842	0.08442897025356984
0.06761599776806416	0.10658440507629219
0.06942989377762057	0.13801365498157783
0.07123398346233703	0.1845262951943878
0.07302493197898713	0.25723209277667036
0.07479959060719985	0.37955378224126973
0.0765550153545411	0.6079701008197449
0.07828848107253797	1.1085164317346923
