0.0010000000000000009	1.5629059028430976e-5
0.0012589254117941207	1.967880875488433e-5
0.0015848931924610787	2.4780117319361525e-5
0.0019952623149688403	3.120822317105483e-5
0.002511886431509569	3.931258338038753e-5
0.0031622776601683417	4.95390362420326e-5
0.003981071705534953	6.246064929197664e-5
0.0050118723362411605	7.882246794957172e-5
0.0063095734373755236	9.960975498721572e-5
0.007943281740256408	1.2615798661822265e-4
0.009999978615337884	1.603404581851028e-4
0.012588868507056664	2.0490589909847196e-4
0.015844853347515064	2.6411683392239295e-4
0.01992443081826531	3.450143158345018e-4
0.02498010829226832	4.600464252043862e-4
0.031102301813284744	6.328347188300715e-4
0.03824037947400168	9.116837356966936e-4
0.04614122033010733	0.0014039327847922504
0.05434588280579606	0.0023726454548386906
0.06225834174895077	0.00454470299955471
0.06926812435283394	0.010251665955878668
0.07489207226604694	0.028501621739036136
0.07889703306773857	0.10322124891879861
