8.141371054588527e-4	1.2720892272794574e-5
0.0010294167905738642	1.6084637352716628e-5
0.0013032198422428557	2.036281003504462e-5
0.0016525089194380572	2.5820451866228398e-5
0.0020999178314090768	3.281121612247733e-5
0.0026762738044117914	4.1816779542421385e-5
0.0034249458133675044	5.351487204912673e-5
0.004410641225400456	6.891907836566534e-5
0.005739771653266337	8.972732926965144e-5
0.007599698545086347	1.191449830360139e-4
0.010290492542479938	1.632601922400024e-4
0.014163819872792804	2.32533808420348e-4
0.019425180373777454	3.4339082192443254e-4
0.02593552729071874	5.211950463757856e-4
0.03321268933413311	8.059571575170681e-4
0.04063623609546086	0.0012615751447410974
0.04767364404864048	0.0019900803640870604
0.05399030744578523	0.0031539289534820393
0.059444302151727954	0.005011306802288307
0.0640292118595056	0.007972177667860868
0.06781433898426245	0.012687218778167047
0.07090137938259759	0.02018886482296227
0.07339858413568286	0.03211493079801349
0.07540755884382677	0.05106311925910629
0.07701773210938061	0.08115298221593785
