0.004647796093157464	2.7878108795943835e-5
0.004828688535020964	2.907203284298181e-5
0.005016583629079109	3.0321564526928605e-5
0.005211749522055764	3.162967604068944e-5
0.0054144644060581445	3.299953112112415e-5
0.00562501687935008	3.4434500179614804e-5
0.005843706319292872	3.5938176871282154e-5
0.006070843267902617	3.751439626304956e-5
0.006306749830520706	3.9167254781249564e-5
0.0065517600881475225	4.090113214292697e-5
0.0068062205240654264	4.272071550190189e-5
0.0070704904654678245	4.463102607163671e-5
0.00734494254093197	4.6637448522583156e-5
0.007629963154731951	4.874576349294817e-5
0.007925952979196292	5.0962183599506886e-5
0.008233327466593724	5.329339339050841e-5
0.008552517382408411	5.574659374723852e-5
0.0088839693623753	5.832955131612791e-5
0.009228146496342609	6.105065364150574e-5
0.009585528942965134	6.391897077281654e-5
0.009956614580490708	6.694432424231843e-5
0.01034191970055239	7.013736445400372e-5
0.010741979753996255	7.3509657696175e-5
0.011157350160387802	7.707378419476496e-5
0.011588607195934918	8.084344886896745e-5
0.012036348977980478	8.483360674361564e-5
0.0125011965676837	8.906060532435964e-5
0.01298379521547968	9.354234666436314e-5
0.013484815775641425	9.829847235976964e-5
0.014004956315703981	1.0335057532322601e-4
0.014544943942377798	1.08722442921215e-4
0.015105536856400656	1.1444033694687201e-4
0.015687526633090587	1.2053331696551105e-4
0.01629174070182449	1.2703361485167936e-4
0.01691904496541473	1.3397706987930028e-4
0.017570346459158757	1.4140363558666597e-4
0.018246595899976358	1.4935797188680205e-4
0.018948789920412466	1.5789013862316806e-4
0.01967797272355433	1.6705641009916804e-4
0.020435236837475463	1.7692023419407226e-4
0.02122172259711166	1.8755336472155284e-4
0.02203861594361538	1.9903720196119129e-4
0.02288714411251405	2.114643841551053e-4
0.023768568788323702	2.2494068268583906e-4
0.024684176339466006	2.3958726626898934e-4
0.02563526481654004	2.555434156468064e-4
0.026623127500127446	2.729697910878871e-4
0.027649032919640902	2.920523820077719e-4
0.028714201427718734	3.130073032979928e-4
0.02981977859806092	3.360866493255008e-4
0.03096680590861819	3.615856779608523e-4
0.03215618936507549	3.898516788812813e-4
0.03338866689883499	4.212949904762804e-4
0.03466477552623871	4.564027789225164e-4
0.035984819369457965	4.957563971715496e-4
0.0373488397040366	5.40053423680093e-4
0.038756588206082965	5.901358745674076e-4
0.04020750451963095	6.470266390618779e-4
0.04170069915196215	7.119769831328139e-4
0.043234942536050223	7.865291176978459e-4
0.04480866088321064	8.725995193566047e-4
0.04641993919733585	9.725912148768731e-4
0.04806653154922082	0.0010895470676155245
0.04974587843125793	0.0012273620141129112
0.051455130745227735	0.0013910815081442072
0.05319117973402094	0.001587328413554468
0.054950691964586705	0.0018249252890501816
0.05673014831393128	0.0021158208231966086
0.05852588580858298	0.0024765020841586083
0.060334141122713875	0.0029302056502260353
0.06215109454948563	0.003510486571673419
0.06397291331930591	0.004267184357666865
0.0657957932399842	0.005276810640848115
0.06761599776806416	0.006661525317268262
0.06942989377762057	0.008625853436348615
0.07123398346233703	0.011532893449649237
0.07302493197898713	0.016077005798541898
0.07479959060719985	0.02372211139007936
0.0765550153545411	0.037998131301234056
0.07828848107253797	0.06928227698341827
