8.141371054588527e-4	2.0349743331501163e-4
0.0010294167905738642	2.572786720148395e-4
0.0013032198422428557	3.2564890023336794e-4
0.0016525089194380572	4.128012707837224e-4
0.0020999178314090768	5.242883703996182e-4
0.0026762738044117914	6.675706451107383e-4
0.0034249458133675044	8.528704035579545e-4
0.004410641225400456	0.001094587872010596
0.005739771653266337	0.0014138686211657998
0.007599698545086347	0.0018436340627562213
0.010290492542479938	0.0024382472927528135
0.014163819872792804	0.0032899609039781282
0.019425180373777454	0.004553554700802299
0.02593552729071874	0.006481824475701042
0.03321268933413311	0.009479132950422934
0.04063623609546086	0.014186192480665867
0.04767364404864048	0.02161600469566789
0.05399030744578523	0.033370932458782
0.059444302151727954	0.05198769202545836
0.0640292118595056	0.08148447254536695
0.06781433898426245	0.12822806757079913
0.07090137938259759	0.2023080655305314
0.07339858413568286	0.31971465694429213
0.07540755884382677	0.5057901108550236
0.07701773210938061	0.800698911197011
