8.141371054588527e-4	2.0353427636471318e-4
8.531788497841141e-4	2.1329471244602852e-4
8.941281590650347e-4	2.2353203976625867e-4
9.37081879748647e-4	2.3427046993716174e-4
9.821421616080918e-4	2.4553554040202295e-4
0.0010294167905738642	2.5735419764346605e-4
0.0010790195472886522	2.6975488682216305e-4
0.0011310705939492562	2.8276764848731404e-4
0.0011856968923281675	2.964242230820419e-4
0.001243032656249842	3.107581640624605e-4
0.0013032198422428557	3.2580496056071394e-4
0.0013664086826126055	3.416021706531516e-4
0.0014327582657966257	3.581895664491576e-4
0.0015024371695973502	3.756092923993438e-4
0.001575624153762529	3.9390603844066294e-4
0.0016525089194380572	4.1312722985965437e-4
0.0017332929442998584	4.3332323607556247e-4
0.0018181904037458973	4.5454760093886694e-4
0.0019074291904899177	4.768572976314859e-4
0.0020012520473752875	5.003130118757991e-4
0.0020999178314090768	5.249794579596373e-4
0.0022037029311759416	5.509257331357718e-4
0.002312902865310567	5.782257173616543e-4
0.0024278340971104644	6.069585272574242e-4
0.002548836110321667	6.372090357782234e-4
0.0026762738044117914	6.690684726787422e-4
0.002810540285023361	7.026351256895628e-4
0.002952060147314107	7.380151687256109e-4
0.0031012933764618784	7.753236516297997e-4
0.0032587400195408013	8.146856959530809e-4
0.0034249458133675044	8.562379527860276e-4
0.0036005089786291427	9.001303908967276e-4
0.0037860884039724024	9.465284950000174e-4
0.003982413434703457	9.95615962845522e-4
0.004190295437699296	0.0010475979933953718
0.004410641225400456	0.0011027052538506454
0.004644468277869017	0.0011611985980973958
0.004892921498201121	0.0012233745815623826
0.0051572909758586674	0.001289571777329744
0.005439029926998046	0.0013601778476650572
0.005739771653266337	0.001435637268314423
0.006061344043190822	0.001516459547016535
0.0064057798729229036	0.0016032277313280923
0.006775320988726642	0.0016966069735118512
0.007172414413297257	0.0017973529203077385
0.007599698545086347	0.0019063197285762224
0.008059977934359598	0.0020244675753786955
0.008556185624033517	0.0021528696289864462
0.009091332719299614	0.0022927185661420933
0.0096684456586577	0.002445332846914623
0.010290492542479938	0.0026121630758400385
0.010960300761681249	0.002794798871532784
0.011680468979050451	0.002994976724859214
0.012453277170618388	0.003214589342005184
0.013280598864918792	0.0034556969439331208
0.014163819872792804	0.003720540934725568
0.015103767652659935	0.004011560269802805
0.016100655007712017	0.0043314107650039
0.017154041093341024	0.004682987502839711
0.018262811782757675	0.0050694504242764235
0.019425180373777454	0.005494253150790921
0.020638708509089214	0.005961175065475497
0.02190034611621476	0.006474356693057481
0.02320648823351645	0.007038338453275121
0.02455304583989951	0.0076581029148057485
0.02593552729071874	0.00833912074201257
0.027349126698474325	0.009087400598725894
0.02878881557776494	0.009909543347700498
0.030249434272955435	0.010812800958274154
0.03172578006234801	0.011805140606406502
0.03321268933413311	0.01289531452027309
0.034705111804383335	0.014092936191393114
0.03619817534632592	0.015408563637029013
0.03768724058056187	0.016853790465826374
0.03916794490470261	0.01844134556703151
0.04063623609546086	0.020185202315857558
0.04208839598386887	0.02210069826526401
0.04352105498123356	0.024204666379093603
0.04493119842289403	0.02651557895455918
0.046316165807074386	0.029053705484751422
0.04767364404864048	0.031841285825392966
0.04900165585522174	0.03490272015562198
0.05029854427909931	0.03826477736135872
0.05156295441475899	0.04195682362300599
0.05279381310986394	0.04601107315812014
0.05399030744578523	0.05046286325571263
0.05515186262987055	0.055350955943454745
0.056278119830862325	0.06071786885399175
0.05736891438508666	0.06661023810364285
0.058424254706696294	0.07307921626799989
0.059444302151727954	0.08018090883661291
0.06042935201348558	0.08797685285550681
0.06137981576566589	0.09653454182449593
0.06229620461903392	0.10592800130907024
0.06317911441655173	0.11623842015745388
0.0640292118595056	0.12755484268577388
0.0648472220323642	0.139974927712241
0.0656339171756871	0.1536057808891432
0.06639010664336639	0.16856486740412574
0.06711662797188846	0.18498101280497925
0.06781433898426245	0.20299550045067274
0.06848411084908843	0.2227632749122124
0.06912682201523124	0.24445426154675182
0.06974335294422655	0.2682548134551342
0.07033458156542592	0.29436929811494744
0.07090137938259759	0.3230218371673963
0.0714446081649752	0.35445821413702794
0.07196511716032039	0.3889479662894306
0.07246374077230486	0.42678667839586926
0.07294129664922208	0.4682984978882766
0.07339858413568286	0.5138388927682158
0.0738363830433691	0.5637976756946178
0.07425545270116397	0.6186023199355296
0.07465653124892163	0.6787215953473241
0.07504033514284364	0.7446695552623791
0.07540755884382677	0.8170099081457006
0.07575887466326874	0.8963608111482099
0.07609493274369393	0.98340012626664
0.07641636115412166	1.0788711837478488
0.07672376608246967	1.1835891016824942
