0.004647796093157464	7.929231111895039e-5
0.0054144644060581445	9.376416156953311e-5
0.006306749830520706	1.111537771450664e-4
0.00734494254093197	1.3215908656860048e-4
0.008552517382408411	1.576895885954178e-4
0.009956614580490708	1.889494099908892e-4
0.011588607195934918	2.2756199120755108e-4
0.013484815775641425	2.757630996324702e-4
0.015687526633090587	3.3671239783269173e-4
0.018246595899976358	4.1502589862196505e-4
0.02122172259711166	5.177457588540925e-4
0.024684176339466006	6.561988763752117e-4
0.028714201427718734	8.496767040439919e-4
0.03338866689883499	0.0011329749244958706
0.038756588206082965	0.0015728262730350382
0.04480866088321064	0.0023074596510130043
0.051455130745227735	0.0036557558952491085
0.05852588580858298	0.006479634642865569
0.0657957932399842	0.013768707242636492
0.07302493197898713	0.04189186768899478
0.07999749126474127	0.41662167976960074
