0.0010000000000000009	2.500649444548956e-4
0.0012589254117941207	3.1486094007814925e-4
0.0015848931924610787	3.964818771097844e-4
0.0019952623149688403	4.993315707368772e-4
0.002511886431509569	6.290013340862005e-4
0.0031622776601683417	7.926245798725215e-4
0.003981071705534953	9.993703886716262e-4
0.0050118723362411605	0.0012611594871931476
0.0063095734373755236	0.0015937560797954515
0.007943281740256408	0.0020185277858915623
0.009999978615337884	0.0025654473309616446
0.012588868507056664	0.0032784943855755514
0.015844853347515064	0.004225869342758287
0.01992443081826531	0.005520229053352029
0.02498010829226832	0.0073607428032701795
0.031102301813284744	0.010125355501281144
0.03824037947400168	0.014586939771147098
0.04614122033010733	0.022462924556676006
0.05434588280579606	0.03796232727741905
0.06225834174895077	0.07271524799287536
0.06926812435283394	0.1640266552940587
0.07489207226604694	0.45602594782457817
0.07889703306773857	1.6515399827007777
