0.0010000000000000009	1.5625000000000014e-5
0.0010471285480509046	1.6361383563295384e-5
0.0010964781961432107	1.7132471814737668e-5
0.0011481536214968668	1.7939900335888544e-5
0.0012022644346173922	1.8785381790896753e-5
0.0012589254117941207	1.9670709559283135e-5
0.0013182567385564281	2.059776153994419e-5
0.0013803842646028658	2.1568504134419778e-5
0.0014454397707459182	2.2584996417904972e-5
0.001513561248436185	2.364939450681539e-5
0.0015848931924610787	2.4763956132204355e-5
0.001659586907437574	2.5931045428712095e-5
0.0017378008287493862	2.715313794920916e-5
0.0018197008586099822	2.8432825915780972e-5
0.001905460717963256	2.9772823718175875e-5
0.0019952623149688403	3.117597367138813e-5
0.0020892961308540264	3.264525204459416e-5
0.002187761623949541	3.418377537421158e-5
0.0022908676527677446	3.579480707449601e-5
0.002398832919019489	3.7481764359679516e-5
0.002511886431509569	3.9248225492337016e-5
0.002630267991895377	4.1097937373365265e-5
0.002754228703338177	4.303482348965901e-5
0.0028840315031265773	4.506299223635277e-5
0.003019951720401995	4.718674563128117e-5
0.0031622776601683417	4.941058844013035e-5
0.0033113112148258905	5.1739237731654594e-5
0.0034673685045252672	5.4177632883207626e-5
0.0036307805477010097	5.673094605782995e-5
0.0038018939632055854	5.9404593175095355e-5
0.003981071705534953	6.220424539901998e-5
0.0041686938347031965	6.51358411673903e-5
0.004365158322400989	6.820559878811858e-5
0.004570881896146267	7.14200296295248e-5
0.004786300923217246	7.478595193311581e-5
0.0050118723362411605	7.831050527977856e-5
0.005248074602394098	8.200116574418864e-5
0.005495408738252827	8.586576177966423e-5
0.005754399372409541	8.991249089024287e-5
0.006025595858011046	9.414993717560648e-5
0.0063095734373755236	9.858708988971436e-5
0.006606934460725453	1.0323336325574146e-4
0.006918309660758279	1.08098617958635e-4
0.007244359484107413	1.1319318503561851e-4
0.0075857754794989435	1.1852789336106989e-4
0.007943281740256408	1.2411410264310616e-4
0.008317636395307484	1.2996374488667705e-4
0.00870963313745357	1.3608937869530926e-4
0.009120102769732005	1.425042626177391e-4
0.00954991473955559	1.4922245598575427e-4
0.009999978615337884	1.5625895825620423e-4
0.010471245441051394	1.636299005998957e-4
0.010964708880507698	1.7135280612356986e-4
0.011481406035433309	1.7944693734868927e-4
0.012022417790607948	1.879337510521031e-4
0.012588868507056664	1.96837480978698e-4
0.013181924852879862	2.0618586805335595e-4
0.013802793533675334	2.1601105552692066e-4
0.014452717663986855	2.263506632246477e-4
0.015132971511248913	2.3724905125480965e-4
0.015844853347515064	2.4875877998737923e-4
0.016589676164490294	2.6094227084229906e-4
0.017368756045724992	2.738736725317654e-4
0.018183398046733204	2.876409409101835e-4
0.019034879508329522	3.023481483107527e-4
0.01992443081826531	3.1811805067921066e-4
0.02085321373755976	3.3509495809337214e-4
0.021822297515952063	3.5344797623804494e-4
0.022832633130071278	3.733747128144685e-4
0.023885026082316928	3.951055735137148e-4
0.02498010829226832	4.1890880721535696e-4
0.026118309690427305	4.4509650018655214e-4
0.02729983018189447	4.740317657085594e-4
0.028524612682023796	5.061374311165145e-4
0.029792317935400908	5.419065921229583e-4
0.031102301813284744	5.819154891300587e-4
0.032453595743960714	6.268392680701093e-4
0.03384489086752886	6.774713269717211e-4
0.03527452642477146	7.347471290583857e-4
0.036740482792933425	7.997735969716913e-4
0.03824037947400168	8.738655081361927e-4
0.03977147822804676	9.585907116606664e-4
0.04133069142996801	0.001055826513930481
0.0429145956168139	0.0011678302759054772
0.04451945008847804	0.0012973281885677057
0.04614122033010733	0.0014476274245057736
0.047775605942391206	0.0016227585148959902
0.04941807269764871	0.0018276570277596165
0.051063888286154414	0.0020683966436249594
0.05270816127854355	0.0023524898467311515
0.05434588280579606	0.002689278111484851
0.05597197044691442	0.0030904412913232778
0.05758131381403057	0.0035706668127344996
0.05916882133275218	0.004148534550363374
0.06072946772900639	0.004847694824603894
0.06225834174895077	0.005698447642671918
0.06375069365195062	0.006739875290406602
0.06520198202441968	0.008022743956457211
0.06660791946112093	0.009613482726266267
0.06796451664773595	0.011599684496454567
0.06926812435283394	0.014097775410811824
0.07051547279921791	0.017263801928101008
0.07170370783650834	0.021308741933429323
0.07283042328351948	0.026520444551092683
0.07389368875746063	0.03329538057078848
0.07489207226604694	0.04218506536606575
0.07582465681816244	0.053964665498827814
0.07669105031892666	0.0697355269085683
0.07749138806511677	0.09108018753722538
0.07822632725409115	0.12029959635003136
