0.0010	9.992722348620555e-7
0.0012589254117941675	1.2533755180831298e-6
0.001584893192461114	1.5857990954945723e-6
0.001995262314968879	2.0019637816974154e-6
0.0025118864315095794	2.5650143070828253e-6
0.0031622776601683794	3.2500737259776025e-6
0.003981071705534973	4.162711578029882e-6
0.005011872336272725	5.3007686393415885e-6
0.00630957344480193	6.864421191289653e-6
0.007943282347242814	8.899596666763299e-6
0.01	1.1614960725319002e-5
0.012589254117941675	1.5361319595297798e-5
0.015848931924611134	2.0716131416228305e-5
0.0199526231496888	2.8631190384539142e-5
0.025118864315095794	4.098614971744048e-5
0.03162277660168379	6.21821051338233e-5
0.039810717055349734	1.0408462268660794e-4
0.05011872336272723	2.100707261888572e-4
0.06309573444801933	6.655721428937222e-4
0.07943282347242814	0.021557229974446004
