0.0046477960939203585	0.0012686769779032062
0.00468342691261245	0.0012792881986779107
0.004719329506450746	0.0012899949888719661
0.004755505927529007	0.0013007983201564462
0.004791958243126034	0.0013116991758764984
0.004828688535813672	0.0013226985512203207
0.0048656989035655825	0.001333797453390978
0.00490299145986669	0.0013449969017811283
0.004940568333823406	0.0013562979281508617
0.004978431670274509	0.0013677015768085374
0.0050165836299028285	0.0013792089047947819
0.0050550263893476945	0.0013908209820697782
0.005093762141317974	0.0014025388917036402
0.005132793094706087	0.0014143637300703326
0.005172121474702614	0.0014262966070448324
0.005211749522911725	0.0014383386462038684
0.005251679497467334	0.0014504909850300922
0.005291913673150135	0.001462754775119997
0.0053324543415052906	0.00147513118239541
0.0053733038109609515	0.0014876213873188217
0.005414464406947566	0.0015002265851125297
0.005455938472018039	0.001512947985981705
0.005497728365968586	0.0015257868153414273
0.005539836465960437	0.0015387443140479121
0.005582265166642447	0.0015518217386337662
0.005625016880274338	0.0015650203615475916
0.005668094036850963	0.0015783414713979634
0.005711499084227234	0.001591786373201683
0.005755234488244004	0.0016053563886368118
0.0057993027328547995	0.0016190528563000844
0.005843706320253249	0.001632877131969247
0.005888447771001554	0.0016468305888700395
0.0059335296241597585	0.001660914617948259
0.005978954437415851	0.001675130628146804
0.0060247247872168555	0.001689480046687785
0.00607084326890058	0.0017039643193600272
0.006117312496828625	0.0017185849108117836
0.006164135104519945	0.001733343304849034
0.006211313744785518	0.0017482410047393953
0.006258851089863896	0.0017632795335216027
0.0063067498315576825	0.0017784604343210623
0.006355012681370897	0.0017937852706711307
0.006403642370647417	0.001809255626840711
0.006452641650710212	0.0018248731081679822
0.006502013293001722	0.0018406393414004223
0.0065517600892250555	0.0018565559750415516
0.00660188485148625	0.0018726246797041313
0.006652390412437597	0.00188884714847034
0.006703279625421831	0.001905225097258792
0.006754555364617473	0.0019217602651986417
0.006806220525185148	0.001938454415011129
0.006858278023414932	0.0019553093333984062
0.006910730796874844	0.001972326831440038
0.006963581804560283	0.00198950874499724
0.007016834027044731	0.002006856935125175
0.007070490466631354	0.0020243732884932205
0.007124554147505903	0.002042059717813707
0.007179028115890587	0.0020599181622790726
0.007233915440199288	0.0020779505880078332
0.007289219211193718	0.0020961589884992966
0.0073449425421410214	0.0021145453850976077
0.007401088568972241	0.00213311182746491
0.007457660450442462	0.0021518603940642216
0.0075146613682917	0.0021707931926519806
0.007572094527407438	0.0021899123607806337
0.007629963155988303	0.0022092200663114763
0.007688270505708991	0.0022287185079378695
0.007747019851886701	0.0022484099157193613
0.007806214493648748	0.0022682965516265872
0.007865857754101677	0.0022883807100976487
0.007925952980501782	0.002308664718605702
0.00798650354442698	0.0023291509382386577
0.0080475128419503	0.002349841764290753
0.008108984293814835	0.002370739626866578
0.00817092134561015	0.0023918469914977125
0.008233327467950307	0.002413166359772412
0.00829620615665372	0.002434700269978617
0.00835956093292428	0.0024564512977604254
0.008423395343534557	0.0024784220567887817
0.008487712961010495	0.0025006151994462584
0.008552517383818027	0.0025230334175266847
0.008617812236551524	0.0025456794429496196
0.008683601170124056	0.0025685560484905445
0.008749887861959744	0.002591666048526501
0.00881667601618805	0.0026150122997982347
0.008883969363840073	0.002638597702188876
0.00895177166304717	0.0026624251995195805
0.009020086699241541	0.0026864977803628095
0.00908891828535943	0.0027108184788735504
0.009158270262046282	0.002735390375638808
0.0092281464978647	0.002760216598546175
0.009298550889504736	0.002785300323671669
0.009369487361996874	0.0028106447761876044
0.009440959868927751	0.002836253231290829
0.009512972392658614	0.0028621290151519406
0.009585528944546784	0.0028882755058861885
0.009658633565170115	0.0029146961345463186
0.009732290324554723	0.002941394386138331
0.009806503322405876	0.0029683738006606062
0.009881276688342308	0.002995637974166912
0.009956614582134206	0.003023190559854227
0.010032521193944858	0.003051035269175914
0.010109000744576118	0.0030791758729809696
0.010186057485717926	0.0031076162026799853
0.010263695700202054	0.0031363601514389815
0.010341919702260253	0.0031654116754013385
0.01042073383778679	0.0031947747949390864
0.010500142484606057	0.0032244535959341926
0.0105801500527448	0.0032544522310907825
0.010660760984709812	0.0032847749212792255
0.010741979755770818	0.0033154259569130855
0.010823810874249157	0.0033464096993595384
0.01090625888181214	0.003377730582385054
0.010989328353773918	0.003409393113636454
0.011073023899402132	0.003441401876159114
0.011157350162231842	0.0034737615299532975
0.011242311820385941	0.0035064768135695808
0.01132791358690308	0.0035395525457448127
0.011414160210072882	0.0035729936270797636
0.011501056473779128	0.003606805041759979
0.011588607197851037	0.0036409918593208173
0.011676817238422989	0.003675559236458382
0.011765691488302926	0.003710512418888018
0.011855234877350167	0.003745856743251397
0.011945452372862158	0.0037815976390740214
0.012036348979971587	0.0038177406307750216
0.012127929742053241	0.00385429133973063
0.012220199741141368	0.0038912554863934894
0.012313164098358033	0.00392863889246889
0.012406827974352629	0.003966447483151173
0.012501196569752723	0.004004687289420883
0.012596275125626966	0.004043364450405772
0.012692068923959993	0.0040824852158074165
0.012788583288140283	0.004122055948395691
0.012885823583460156	0.004162083126573514
0.012983795217629695	0.004202573347014353
0.01308250364130362	0.00424353332737503
0.01318195434862199	0.00428496990908614
0.013282152877765067	0.004326890060223475
0.013383104811522287	0.004369300878462511
0.013484815777875503	0.004412209594119523
0.013587291450597302	0.0044556235732821
0.013690537549863536	0.004499550321032434
0.013794559842881296	0.004543997484766414
0.013899364144531207	0.004588972857612137
0.014004956318025499	0.004634484381951685
0.014111342275580425	0.004680540153049195
0.014218527979103836	0.004727148422789828
0.014326519440897596	0.004774317603533098
0.014435322724374568	0.0048220562720847696
0.014544943944790115	0.00487037317379225
0.014655389269987308	0.004919277226766803
0.014766664921156298	0.004968777526238518
0.014878777173606457	0.005018883349047668
0.01499173235755173	0.00506960415827812
0.015105536858907469	0.0051209496080383094
0.015220197120098929	0.005172929548393852
0.015335719640880187	0.005225554030458808
0.01545211097916289	0.005278833311650519
0.015569377751852973	0.005332777861114108
0.01568752663569544	0.005387398365323068
0.015806564368124946	0.0054427057338622626
0.015926497748121316	0.0054987111053999
0.016047333637068263	0.0055554258538552575
0.016169078959613982	0.005612861594769895
0.016291740704531366	0.005671030191888836
0.01641532592557656	0.005729943763960238
0.016539841742343388	0.005789614691760886
0.01666529534111154	0.005850055625356185
0.01679169397568631	0.005911279491602649
0.016919044968227576	0.005973299501902145
0.017047355710064882	0.0060361291602169
0.017176633662496454	0.006099782271354508
0.017306886357568763	0.006164272949532834
0.01743812139883402	0.006229615627235361
0.01757034646208183	0.0062958250643664745
0.017703569296042065	0.006362916357718732
0.017837797723055365	0.006430904950762318
0.017973039639707165	0.0064998066437694565
0.018109303017422054	0.006569637604284008
0.018246595903013942	0.006640414377951441
0.018384926419188173	0.006712153899719244
0.018524302764991153	0.0067848735054234985
0.018664733216203384	0.006858590943774049
0.018806226125670494	0.006933324388753345
0.018948789923569315	0.007009092452443742
0.01909243311760164	0.007085914198298772
0.019237164293113507	0.007163809154874244
0.01938299211313288	0.007242797330036173
0.019529925318321397	0.0073228992256624175
0.019677972726835236	0.007404135852856352
0.01982714323408908	0.0074865287476908226
0.0199774458124186	0.007570099987501821
0.02012888951063495	0.007654872207752223
0.02028148345346721	0.007740868619486039
0.020435236840885315	0.007828113027394909
0.020590158947300295	0.007916629848519386
0.020746259120633524	0.008006444131609058
0.020903546781251833	0.008097581577164479
0.021062031420761587	0.008190068558187347
0.021221722600655826	0.00828393214166548
0.021382629950810438	0.008379200110818793
0.021544763167822417	0.008475900988136305
0.021708132013185572	0.008574064059233255
0.021872746311298704	0.008673719397559109
0.02203861594729959	0.008774897889989967
0.022205750864721804	0.008877631263337796
0.02237416106296772	0.00898195211181297
0.02254385659459392	0.009087893925476301
0.0227148475624039	0.009195491119719122
0.02288714411634405	0.009304779065811467
0.023060756450198224	0.009415794122560855
0.02323569479807779	0.009528573669125006
0.023411969430702416	0.009643156139025064
0.023589590651469133	0.009759581055405914
0.02376856879230585	0.009877889067596572
0.023948914209306425	0.009998121989019736
0.02413063727814576	0.0101203228365093
0.02431374838927111	0.010244535871090258
0.024498257942869212	0.010370806640284485
0.024684176343606992	0.010499182022003388
0.024871513995144527	0.010629710270095832
0.02506028129442084	0.01076244106161989
0.025250488625710277	0.010897425545912692
0.025442146354451103	0.011034716395534673
0.025635264820846722	0.011174367859168975
0.025829854333239474	0.011316435816561552
0.02602592516125976	0.011460977835590254
0.026223487528751848	0.011608053231557348
0.026422551606478415	0.011757723128803462
0.026623127504607522	0.011910050524746661
0.026825225264984525	0.012065100356456741
0.02702885485319403	0.012222939569877099
0.02723402615041482	0.012383637191817119
0.02744074894507336	0.012547264404842015
0.02764903292430197	0.012713894625192247
0.02785888766520619	0.012883603583875178
0.028070322625948947	0.013056469411077666
0.02828334713665749	0.01323257272405496
0.028497970390161324	0.013411996718662585
0.028714201432569208	0.01359482726470387
0.028932049153692223	0.013781153005278372
0.029151522277323313	0.01397106546032483
0.02937262935138286	0.01416465913456159
0.02959537873793826	0.014362031630043584
0.029819778603110064	0.014563283763561842
0.03004583690687399	0.014768519689127207
0.030273561392770737	0.01497784702579448
0.03050295957753462	0.015191376991093665
0.030734038740654217	0.015409224540356245
0.03096680591387545	0.015631508512235413
0.03120126787066217	0.0158583517807402
0.03143743111562546	0.01608988141412108
0.03167530187393641	0.016326228840962763
0.031914886080735144	0.016567530023864546
0.03215618937055089	0.016813925641108247
0.03239921706674689	0.01706556127673661
0.0326439741710045	0.017322587619495358
0.03289046535286169	0.017585160671115523
0.03313869493932065	0.017853441964439432
0.03338866690453891	0.01812759879193393
0.03364038485962031	0.018407804445156044
0.03389385204251922	0.018694238465778806
0.03414907130807562	0.018987086908822816
0.03440604511819393	0.019286542618775434
0.034664775532182564	0.019592805519325823
0.034925264197268435	0.019906082917491002
0.035187512339302736	0.020226589822953077
0.03545152075367149	0.02055454928348799
0.03571728979642654	0.020890192737415353
0.035984819375652996	0.021233760384066862
0.036254108943085	0.021585501573330394
0.03652515748598673	0.021945675215401327
0.036797963519311166	0.022314550211945918
0.037072525078151036	0.022692405909962823
0.03734883971049508	0.02307953257971826
0.03762690447030296	0.02347623191821696
0.03790671591091169	0.023882817579784818
0.03818827007878526	0.024299615735431095
0.0384715625076201	0.024726965662790517
0.038756588212817376	0.02516522036856061
0.03904334168633261	0.025614747245492352
0.03933181689191406	0.026075928766133176
0.03962200726073939	0.02654916321568589
0.039913905687458735	0.027034865466512244
0.040207504526654524	0.027533467797000867
0.040502795589725235	0.028045420757710996
0.040799770142201194	0.028571194087930147
0.04109841890149814	0.029111277686009063
0.04139873203511607	0.029666182637098956
0.04170069915928784	0.030236442302182847
0.04200430933808365	0.030822613472602848
0.04230955108297277	0.031425277594598275
0.04261641235285059	0.03204504206873144
0.04292488055452832	0.032682541629454415
0.04323494254369181	0.033338439810494884
0.04354658462632815	0.03401343050218235
0.043859792560621565	0.0347082396073426
0.04417455155931832	0.035423626802921104
0.04449084629255968	0.03616038741508714
0.0448086608911814	0.03691935441620807
0.04512797895047725	0.03770140055280006
0.04544878353442334	0.038507440614309586
0.04577105718036055	0.03933843385344181
0.046094781904128634	0.040195386569656474
0.046419939205649324	0.0410793548684768
0.04674651007495023	0.04199144761035062
0.047074474998624605	0.04293282956403867
0.0474038139667195	0.043904724780824224
0.047734506480044306	0.044908420207324704
0.048066531557891166	0.04594526955630371
0.04839986774615922	0.047016697456664584
0.04873449312587174	0.04812420390578615
0.04907038532207783	0.049269369049533523
0.04940752151312526	0.050453858317684466
0.04974587844029835	0.05167942794517733
0.05008543241780173	0.05294793091253736
0.050426159343086696	0.0542613233421037
0.05076803470749974	0.05562167139032106
0.05111103360724586	0.05703115868037877
0.05145513075465149	0.058492094323985735
0.05180030048971108	0.060006921586058436
0.05214651679190927	0.06157822725166911
0.052493753292297454	0.06320875176083184
0.052841983285815304	0.06490140018365595
0.05319117974384101	0.06665925411616183
0.05354131532695417	0.06848558458580407
0.05389236239789826	0.07038386606548595
0.05424429303472536	0.07235779170588208
0.05459707904411016	0.07441128990820453
0.05495069197481486	0.0765485423735026
0.05530510313129261	0.07877400378027784
0.05566028358741155	0.08109242325993797
0.056016204200285385	0.08350886785970447
0.056372835624193984	0.08602874820531993
0.05673014832457908	0.08865784660173033
0.057088112592100185	0.09140234783926132
0.05744669855673483	0.09426887300623524
0.05780587620190723	0.09726451664705558
0.05816561537863316	0.100396887648387
0.058525885819662095	0.1036741542858491
0.05888665715360709	0.10710509392081086
0.05924789891904291	0.11069914790255311
0.059609580578562256	0.11446648230659812
0.05997167153277487	0.11841805522721871
0.06033414113423416	0.1225656914428389
0.06069695870128225	0.12692216538974743
0.06106009353179637	0.13150129351494202
0.061423514916826336	0.13631803723645974
0.06178719215411014	0.14138861792325344
0.06215109456145668	0.1467306455213162
0.06251519148998189	0.15236326270430417
0.06287945233719051	0.1583073067223303
0.06324384655988984	0.164585491470527
0.06360834368692633	0.1712226127098308
0.06397291333173594	0.17824577985896325
0.06433752520469783	0.1856846783543538
0.06470214912528169	0.19357186726297568
0.0650667550339824	0.20194311765543055
0.06543131300403185	0.21083779823227727
0.0657957932528812	0.22029931588218388
0.06616016615344567	0.23037562028118297
0.06652440224510607	0.24111978337523618
0.06688847224446033	0.2525906666950879
0.06725234705581792	0.2648536920234623
0.06761599778143393	0.27798173408534615
0.06797939573147622	0.29205615780907934
0.06834251243372193	0.3071680274976444
0.06870531964297774	0.323419521199081
0.0690677893502228	0.3409255909871722
0.06942989379146905	0.3598159191696268
0.06979160545633542	0.38023723217010263
0.070152897096337	0.40235604869437525
0.07051374173288281	0.4263619577367504
0.07087411266498367	0.45247154627648584
0.07123398347666804	0.48093312786388726
0.0715933280441035	0.512032464022239
0.07195212054242664	0.5460997236719888
0.07231033545227807	0.5835179960082383
0.07266794756604364	0.6247337655484957
0.0730249319938048	0.6702698830239164
0.07338126416899501	0.7207417346482741
0.07373691985376706	0.7768775426412974
0.07409187514407005	0.8395440472446565
0.07444610647443997	0.9097792624076025
0.07479959062250542	0.9888346197910759
0.07515230471320947	1.078229703268017
0.07550422622275267	1.1798240582772759
0.07585533298225752	1.295912439109528
0.07620560318116176	1.4293526524574898
0.07655501537033652	1.5837393840853506
0.07690354846494253	1.7636439087901141
0.07725118174701871	1.9749498165331063
0.07759789486781477	2.2253313157908807
0.07794366784986656	2.5249476877204193
0.07828848108882244	2.887473073297716
0.07863231535502112	3.331660090974504
0.07897515179483011	3.883778367149602
0.07931697193174617	4.581535186405481
0.07965775766726346	5.4806039061587475
0.07999749128151533	6.665946876313612
