0.0046477960939203585	1.7423817997464918e-6
0.00468342691261245	1.7570363489509652e-6
0.004719329506450746	1.771824260829289e-6
0.004755505927529007	1.7867469148839768e-6
0.004791958243126034	1.8018057075977085e-6
0.004828688535813672	1.817002052686375e-6
0.0048656989035655825	1.8323373813562021e-6
0.00490299145986669	1.8478131425656748e-6
0.004940568333823406	1.8634308032922114e-6
0.004978431670274509	1.8791918488033741e-6
0.0050165836299028285	1.8950977829330395e-6
0.0050550263893476945	1.9111501283626177e-6
0.005093762141317974	1.9273504269071667e-6
0.005132793094706087	1.943700239806882e-6
0.005172121474702614	1.960201148023655e-6
0.005211749522911725	1.9768547525430907e-6
0.005251679497467334	1.993662674682253e-6
0.005291913673150135	2.010626556402547e-6
0.0053324543415052906	2.02774806062884e-6
0.0053733038109609515	2.0450288715741377e-6
0.005414464406947566	2.0624706950702633e-6
0.005455938472018039	2.080075258904941e-6
0.005497728365968586	2.0978443131645965e-6
0.005539836465960437	2.115779630584083e-6
0.005582265166642447	2.1338830069024954e-6
0.005625016880274338	2.152156261225925e-6
0.005668094036850963	2.1706012363968017e-6
0.005711499084227234	2.1892197993703953e-6
0.005755234488244004	2.208013841598139e-6
0.0057993027328547995	2.2269852794185055e-6
0.005843706320253249	2.24613605445513e-6
0.005888447771001554	2.2654681340223625e-6
0.0059335296241597585	2.2849835115389033e-6
0.005978954437415851	2.3046842069490714e-6
0.0060247247872168555	2.3245722671522614e-6
0.00607084326890058	2.344649766440591e-6
0.006117312496828625	2.3649188069452467e-6
0.006164135104519945	2.385381519090936e-6
0.006211313744785518	2.406040062059936e-6
0.006258851089863896	2.4268966242643234e-6
0.0063067498315576825	2.4479534238280986e-6
0.006355012681370897	2.4692127090784584e-6
0.006403642370647417	2.4906767590467154e-6
0.006452641650710212	2.512347883979166e-6
0.006502013293001722	2.5342284258580913e-6
0.0065517600892250555	2.556320758932928e-6
0.00660188485148625	2.5786272902621265e-6
0.006652390412437597	2.6011504602659087e-6
0.006703279625421831	2.623892743289842e-6
0.006754555364617473	2.6468566481798313e-6
0.006806220525185148	2.6700447188688733e-6
0.006858278023414932	2.6934595349754784e-6
0.006910730796874844	2.7171037124139477e-6
0.006963581804560283	2.74097990401782e-6
0.007016834027044731	2.765090800175106e-6
0.007070490466631354	2.7894391294772953e-6
0.007124554147505903	2.814027659381154e-6
0.007179028115890587	2.8388591968843154e-6
0.007233915440199288	2.8639365892149895e-6
0.007289219211193718	2.8892627245356042e-6
0.0073449425421410214	2.914840532661444e-6
0.007401088568972241	2.940672985793904e-6
0.007457660450442462	2.9667630992693635e-6
0.0075146613682917	2.993113932323741e-6
0.007572094527407438	3.019728588872717e-6
0.007629963155988303	3.0466102183092583e-6
0.007688270505708991	3.073762016317098e-6
0.007747019851886701	3.101187225702189e-6
0.007806214493648748	3.1288891372417653e-6
0.007865857754101677	3.156871090550987e-6
0.007925952980501782	3.1851364749691837e-6
0.00798650354442698	3.2136887304642823e-6
0.0080475128419503	3.242531348557407e-6
0.008108984293814835	3.271667873266911e-6
0.00817092134561015	3.30110190207363e-6
0.008233327467950307	3.33083708690678e-6
0.00829620615665372	3.360877135151174e-6
0.00835956093292428	3.391225810677566e-6
0.008423395343534557	3.4218869348945714e-6
0.008487712961010495	3.4528643878242953e-6
0.008552517383818027	3.4841621092024063e-6
0.008617812236551524	3.515784099601774e-6
0.008683601170124056	3.5477344215817212e-6
0.008749887861959744	3.5800172008632326e-6
0.00881667601618805	3.612636627530178e-6
0.008883969363840073	3.6455969572579814e-6
0.00895177166304717	3.6789025125699395e-6
0.009020086699241541	3.712557684122372e-6
0.00908891828535943	3.746566932019016e-6
0.009158270262046282	3.780934787155338e-6
0.0092281464978647	3.8156658525941055e-6
0.009298550889504736	3.850764804972502e-6
0.009369487361996874	3.8862363959417585e-6
0.009440959868927751	3.922085453640757e-6
0.009512972392658614	3.9583168842032325e-6
0.009585528944546784	3.9949356733010234e-6
0.009658633565170115	4.031946887723077e-6
0.009732290324554723	4.069355676992289e-6
0.009806503322405876	4.107167275020072e-6
0.009881276688342308	4.145387001800476e-6
0.009956614582134206	4.184020265144899e-6
0.010032521193944858	4.223072562458346e-6
0.010109000744576118	4.262549482558313e-6
0.010186057485717926	4.302456707537513e-6
0.010263695700202054	4.342800014671869e-6
0.010341919702260253	4.3835852783752415e-6
0.01042073383778679	4.4248184722014054e-6
0.010500142484606057	4.46650567089553e-6
0.0105801500527448	4.508653052495846e-6
0.010660760984709812	4.551266900487784e-6
0.010741979755770818	4.594353606010924e-6
0.010823810874249157	4.637919670121983e-6
0.01090625888181214	4.681971706113217e-6
0.010989328353773918	4.726516441890005e-6
0.011073023899402132	4.77156072240813e-6
0.011157350162231842	4.817111512172807e-6
0.011242311820385941	4.863175897801439e-6
0.01132791358690308	4.90976109065172e-6
0.011414160210072882	4.956874429517292e-6
0.011501056473779128	5.00452338339273e-6
0.011588607197851037	5.052715554310454e-6
0.011676817238422989	5.101458680250802e-6
0.011765691488302926	5.1507606381287605e-6
0.011855234877350167	5.200629446858058e-6
0.011945452372862158	5.251073270496767e-6
0.012036348979971587	5.302100421475976e-6
0.012127929742053241	5.3537193639138115e-6
0.012220199741141368	5.405938717017437e-6
0.012313164098358033	5.4587672585781e-6
0.012406827974352629	5.512213928557305e-6
0.012501196569752723	5.5662878327724935e-6
0.012596275125626966	5.620998246681002e-6
0.012692068923959993	5.676354619268366e-6
0.012788583288140283	5.7323665770417246e-6
0.012885823583460156	5.789043928134428e-6
0.012983795217629695	5.8463966665226905e-6
0.01308250364130362	5.904434976360502e-6
0.01318195434862199	5.963169236433945e-6
0.013282152877765067	6.022610024740555e-6
0.013383104811522287	6.082768123198274e-6
0.013484815777875503	6.143654522485579e-6
0.013587291450597302	6.2052804270202e-6
0.013690537549863536	6.267657260078863e-6
0.013794559842881296	6.330796669063265e-6
0.013899364144531207	6.394710530917545e-6
0.014004956318025499	6.459410957701631e-6
0.014111342275580425	6.5249103023263596e-6
0.014218527979103836	6.591221164454856e-6
0.014326519440897596	6.658356396575798e-6
0.014435322724374568	6.726329110256004e-6
0.014544943944790115	6.795152682575917e-6
0.014655389269987308	6.864840762755541e-6
0.014766664921156298	6.93540727897718e-6
0.014878777173606457	7.00686644541188e-6
0.01499173235755173	7.07923276945486e-6
0.015105536858907469	7.152521059179473e-6
0.015220197120098929	7.226746431015378e-6
0.015335719640880187	7.301924317659788e-6
0.01545211097916289	7.378070476227792e-6
0.015569377751852973	7.4552009966529345e-6
0.01568752663569544	7.533332310344427e-6
0.015806564368124946	7.612481199110398e-6
0.015926497748121316	7.692664804356376e-6
0.016047333637068263	7.773900636569484e-6
0.016169078959613982	7.856206585097037e-6
0.016291740704531366	7.939600928229955e-6
0.01641532592557656	8.02410234360266e-6
0.016539841742343388	8.109729918919425e-6
0.01666529534111154	8.19650316302004e-6
0.01679169397568631	8.284442017293051e-6
0.016919044968227576	8.373566867456285e-6
0.017047355710064882	8.46389855570817e-6
0.017176633662496454	8.555458393270658e-6
0.017306886357568763	8.648268173333818e-6
0.01743812139883402	8.74235018441789e-6
0.01757034646208183	8.837727224166615e-6
0.017703569296042065	8.934422613587605e-6
0.017837797723055365	9.032460211757589e-6
0.017973039639707165	9.13186443100622e-6
0.018109303017422054	9.232660252596976e-6
0.018246595903013942	9.334873242925123e-6
0.018384926419188173	9.438529570247881e-6
0.018524302764991153	9.543656021968805e-6
0.018664733216203384	9.65028002249534e-6
0.018806226125670494	9.758429651691997e-6
0.018948789923569315	9.86813366394798e-6
0.01909243311760164	9.979421507885298e-6
0.019237164293113507	1.0092323346728508e-5
0.01938299211313288	1.0206870079362642e-5
0.019529925318321397	1.0323093362101573e-5
0.019677972726835236	1.044102563119801e-5
0.01982714323408908	1.056070012611771e-5
0.0199774458124186	1.0682150913610615e-5
0.02012888951063495	1.0805412912606646e-5
0.02028148345346721	1.093052191996795e-5
0.020435236840885315	1.1057514637129547e-5
0.020590158947300295	1.1186428697663344e-5
0.020746259120633524	1.1317302695799488e-5
0.020903546781251833	1.1450176215942172e-5
0.021062031420761587	1.1585089863217902e-5
0.021221722600655826	1.172208529509703e-5
0.021382629950810438	1.1861205254128403e-5
0.021544763167822417	1.2002493601833116e-5
0.021708132013185572	1.2145995353798706e-5
0.021872746311298704	1.229175671602645e-5
0.02203861594729959	1.2439825122574421e-5
0.022205750864721804	1.259024927455481e-5
0.02237416106296772	1.274307918053265e-5
0.02254385659459392	1.28983661983885e-5
0.0227148475624039	1.305616307869812e-5
0.02288714411634405	1.3216524009694086e-5
0.023060756450198224	1.3379504663871751e-5
0.02323569479807779	1.3545162246308583e-5
0.023411969430702416	1.3713555544765182e-5
0.023589590651469133	1.3884744981641358e-5
0.02376856879230585	1.4058792667864967e-5
0.023948914209306425	1.4235762458795722e-5
0.02413063727814576	1.4415720012224503e-5
0.02431374838927111	1.45987328485582e-5
0.024498257942869212	1.4784870413285172e-5
0.024684176343606992	1.4974204141811827e-5
0.024871513995144527	1.5166807526781045e-5
0.02506028129442084	1.5362756187969714e-5
0.025250488625710277	1.5562127944882907e-5
0.025442146354451103	1.5765002892161837e-5
0.025635264820846722	1.5971463477925313e-5
0.025829854333239474	1.618159458517754e-5
0.02602592516125976	1.6395483616416073e-5
0.026223487528751848	1.66132205815823e-5
0.026422551606478415	1.683489818950432e-5
0.026623127504607522	1.7060611942992945e-5
0.026825225264984525	1.7290460237750643e-5
0.02702885485319403	1.7524544465270937e-5
0.02723402615041482	1.7762969119909675e-5
0.02744074894507336	1.800584191032628e-5
0.02764903292430197	1.8253273875485766e-5
0.02785888766520619	1.8505379505448243e-5
0.028070322625948947	1.8762276867163017e-5
0.02828334713665749	1.9024087735504737e-5
0.028497970390161324	1.9290937729802022e-5
0.028714201432569208	1.9562956456124486e-5
0.028932049153692223	1.9840277655597068e-5
0.029151522277323313	2.0123039359045405e-5
0.02937262935138286	2.0411384048270024e-5
0.02959537873793826	2.070545882428266e-5
0.029819778603110064	2.100541558284382e-5
0.03004583690687399	2.131141119766793e-5
0.030273561392770737	2.1623607711673636e-5
0.03050295957753462	2.1942172536694886e-5
0.030734038740654217	2.2267278662066507e-5
0.03096680591387545	2.2599104872553257e-5
0.03120126787066217	2.2937835976085415e-5
0.03143743111562546	2.328366304182237e-5
0.03167530187393641	2.3636783649064723e-5
0.031914886080735144	2.3997402147602695e-5
0.03215618937055089	2.436572993008003e-5
0.03239921706674689	2.474198571702949e-5
0.0326439741710045	2.5126395855242296e-5
0.03289046535286169	2.5519194630198298e-5
0.03313869493932065	2.592062459330569e-5
0.03338866690453891	2.6330936904767408e-5
0.03364038485962031	2.675039169292042e-5
0.03389385204251922	2.7179258430962924e-5
0.03414907130807562	2.7617816332029884e-5
0.03440604511819393	2.8066354763647985e-5
0.034664775532182564	2.8525173682657187e-5
0.034925264197268435	2.899458409175695e-5
0.035187512339302736	2.9474908518915948e-5
0.03545152075367149	2.996648152095366e-5
0.03571728979642654	3.0469650212702584e-5
0.035984819375652996	3.0984774823221846e-5
0.036254108943085	3.151222928067948e-5
0.03652515748598673	3.2052401827565055e-5
0.036797963519311166	3.260569566806526e-5
0.037072525078151036	3.317252964951837e-5
0.03734883971049508	3.3753338980005856e-5
0.03762690447030296	3.434857598428664e-5
0.03790671591091169	3.495871090041863e-5
0.03818827007878526	3.5584232719586925e-5
0.0384715625076201	3.622565007181616e-5
0.038756588212817376	3.6883492160463085e-5
0.03904334168633261	3.755830974854795e-5
0.03933181689191406	3.825067620024674e-5
0.03962200726073939	3.896118858107185e-5
0.039913905687458735	3.969046882053146e-5
0.040207504526654524	4.043916494136728e-5
0.040502795589725235	4.1207952359698644e-5
0.040799770142201194	4.199753526082051e-5
0.04109841890149814	4.280864805566075e-5
0.04139873203511607	4.3642056923360895e-5
0.04170069915928784	4.449856144580096e-5
0.04200430933808365	4.537899634037153e-5
0.04230955108297277	4.6284233297769354e-5
0.04261641235285059	4.721518293212177e-5
0.04292488055452832	4.8172796851326486e-5
0.04323494254369181	4.915806985611525e-5
0.04354658462632815	5.017204227702264e-5
0.043859792560621565	5.1215802459203385e-5
0.04417455155931832	5.229048940583847e-5
0.04449084629255968	5.3397295591746376e-5
0.0448086608911814	5.453746995978777e-5
0.04512797895047725	5.5712321113728806e-5
0.04544878353442334	5.692322072232729e-5
0.04577105718036055	5.817160715072324e-5
0.046094781904128634	5.9458989336559696e-5
0.046419939205649324	6.0786950929804643e-5
0.04674651007495023	6.215715471686688e-5
0.047074474998624605	6.35713473514854e-5
0.0474038139667195	6.503136441681248e-5
0.047734506480044306	6.653913584537132e-5
0.048066531557891166	6.809669172597021e-5
0.04839986774615922	6.970616852935426e-5
0.04873449312587174	7.136981578733173e-5
0.04907038532207783	7.309000326334427e-5
0.04940752151312526	7.486922865613181e-5
0.04974587844029835	7.6710125882057e-5
0.05008543241780173	7.861547398613686e-5
0.050426159343086696	8.058820673670562e-5
0.05076803470749974	8.263142296409441e-5
0.05111103360724586	8.474839770976022e-5
0.05145513075465149	8.694259425901273e-5
0.05180030048971108	8.921767713800375e-5
0.05214651679190927	9.157752616401279e-5
0.052493753292297454	9.40262516473521e-5
0.052841983285815304	9.656821085367714e-5
0.05319117974384101	9.920802584715386e-5
0.05354131532695417	1.0195060284799601e-4
0.05389236239789826	1.048011532525656e-4
0.05424429303472536	1.0776521648070491e-4
0.05459707904411016	1.1084868483351168e-4
0.05495069197481486	1.14057830565636e-4
0.05530510313129261	1.1739933539975501e-4
0.05566028358741155	1.208803227374691e-4
0.056016204200285385	1.2450839285099483e-4
0.056372835624193984	1.2829166137414867e-4
0.05673014832457908	1.3223880144978828e-4
0.057088112592100185	1.3635908993497523e-4
0.05744669855673483	1.4066245811515232e-4
0.05780587620190723	1.451595474358776e-4
0.05816561537863316	1.498617708258613e-4
0.058525885819662095	1.54781380259913e-4
0.05888665715360709	1.5993154129598464e-4
0.05924789891904291	1.6532641541914698e-4
0.059609580578562256	1.709812511384606e-4
0.05997167153277487	1.7691248491361012e-4
0.06033414113423416	1.8313785313912731e-4
0.06069695870128225	1.8967651658914175e-4
0.06106009353179637	1.9654919892848037e-4
0.061423514916826336	2.0377834113242542e-4
0.06178719215411014	2.1138827393273884e-4
0.06215109456145668	2.1940541072958786e-4
0.06251519148998189	2.2785846378616586e-4
0.06287945233719051	2.3677868696590957e-4
0.06324384655988984	2.4620014879394756e-4
0.06360834368692633	2.561600402405769e-4
0.06397291333173594	2.6669902235417864e-4
0.06433752520469783	2.778616197374494e-4
0.06470214912528169	2.896966668930128e-4
0.0650667550339824	3.0225781569754776e-4
0.06543131300403185	3.1560411374197876e-4
0.0657957932528812	3.2980066505300837e-4
0.06616016615344567	3.4491938685703237e-4
0.06652440224510607	3.6103987864605127e-4
0.06688847224446033	3.7825042296482897e-4
0.06725234705581792	3.9664914119406236e-4
0.06761599778143393	4.163453323292669e-4
0.06797939573147622	4.374610285693214e-4
0.06834251243372193	4.6013280871401045e-4
0.06870531964297774	4.8451391929240473e-4
0.0690677893502228	5.10776764474185e-4
0.06942989379146905	5.39115839771788e-4
0.06979160545633542	5.697512021304135e-4
0.070152897096337	6.029325912933369e-4
0.07051374173288281	6.389443457410423e-4
0.07087411266498367	6.781112929342693e-4
0.07123398347666804	7.208058406030783e-4
0.0715933280441035	7.674565568979765e-4
0.07195212054242664	8.185586071185577e-4
0.07231033545227807	8.746865200434471e-4
0.07266794756604364	9.365098967765943e-4
0.0730249319938048	0.0010048128624088686
0.07338126416899501	0.0010805183140153397
0.07373691985376706	0.0011647183639276685
0.07409187514407005	0.0012587128531308168
0.07444610647443997	0.0013640584723548837
0.07479959062250542	0.001482631961879961
0.07515230471320947	0.0016167121919817423
0.07550422622275267	0.0017690878486704095
0.07585533298225752	0.0019432002666386744
0.07620560318116176	0.002143335143000358
0.07655501537033652	0.002374883206327128
0.07690354846494253	0.002644699682588184
0.07725118174701871	0.002961607744097229
0.07759789486781477	0.0033371157624660654
0.07794366784986656	0.0037864586931716806
0.07828848108882244	0.004330142311463643
0.07863231535502112	0.0049962879560819465
0.07897515179483011	0.005824289248652605
0.07931697193174617	0.00687069132005175
0.07965775766726346	0.008218980489262076
0.07999749128151533	0.009996563484801498
