0.001	1.5625e-5
0.0010471285480508996	1.6361383563295307e-5
0.0010964781961431851	1.7132471814737268e-5
0.0011481536214968829	1.7939900335888795e-5
0.001202264434617413	1.8785381790897078e-5
0.0012589254117941675	1.9670709559283867e-5
0.0013182567385564073	2.0597761539943864e-5
0.0013803842646028838	2.156850413442006e-5
0.001445439770745928	2.2584996417905125e-5
0.0015135612484362087	2.364939450681576e-5
0.001584893192461114	2.4763956132204908e-5
0.0016595869074375598	2.593104542871187e-5
0.0017378008287493745	2.7153137949208977e-5
0.0018197008586099844	2.8432825915781006e-5
0.0019054607179632482	2.9772823718175753e-5
0.001995262314968879	3.117597367138873e-5
0.0020892961308540386	3.264525204459435e-5
0.0021877616239495516	3.4183775374211744e-5
0.0022908676527677745	3.579480707449648e-5
0.00239883291901949	3.748176435967953e-5
0.0025118864315095794	3.924822549233718e-5
0.0026302679918953813	4.109793737336533e-5
0.002754228703338166	4.3034823489658843e-5
0.002884031503126606	4.506299223635322e-5
0.003019951720402016	4.71867456312815e-5
0.0031622776601683794	4.941058844013093e-5
0.0033113112148259113	5.1739237731654865e-5
0.0034673685045253167	5.417763288320807e-5
0.003630780547701014	5.6730946057828344e-5
0.0038018939632056127	5.94045931750877e-5
0.003981071705534973	6.220424539898396e-5
0.004168693834703355	6.513584116723993e-5
0.004365158322401657	6.820559878752589e-5
0.004570881896148752	7.142002962732425e-5
0.004786300923226385	7.478595192541227e-5
0.005011872336272725	7.831050525426132e-5
0.005248074602497723	8.200116566402692e-5
0.005495408738576242	8.586576154025378e-5
0.005754399373371572	8.991249020893081e-5
0.0060255958607435805	9.414993532411845e-5
0.00630957344480193	9.858708507503016e-5
0.006606934480075957	1.0323335125118683e-4
0.006918309709189363	1.0809858920608379e-4
0.007244359600749906	1.1319311876171728e-4
0.007585775750291836	1.1852774609830994e-4
0.007943282347242814	1.2411378667566897e-4
0.008317637711026709	1.2996308923479233e-4
0.008709635899560805	1.3608806093063757e-4
0.009120108393559097	1.425016936493609e-4
0.009549925860214359	1.4921759156584936e-4
0.01	1.5625e-4
0.010471285480508996	1.6361383563295306e-4
0.010964781961431845	1.7132471814737258e-4
0.011481536214968828	1.7939900335888794e-4
0.01202264434617413	1.8785381790897078e-4
0.012589254117941675	1.9670709559283867e-4
0.013182567385564068	2.0597761539943856e-4
0.013803842646028845	2.156850413442007e-4
0.01445439770745928	2.2584996417905124e-4
0.015135612484362087	2.364939450681576e-4
0.015848931924611134	2.47639561322049e-4
0.016595869074375606	2.5931045428711884e-4
0.017378008287493744	2.7153137949208976e-4
0.018197008586099843	2.8432825915781005e-4
0.019054607179632473	2.977282371817574e-4
0.0199526231496888	3.117597367138875e-4
0.02089296130854039	3.264525204459436e-4
0.021877616239495516	3.4183775374211744e-4
0.022908676527677738	3.5794807074496465e-4
0.02398832919019491	3.748176435967955e-4
0.025118864315095794	3.924822549233718e-4
0.026302679918953815	4.1097937373365336e-4
0.02754228703338166	4.3034823489658845e-4
0.028840315031266057	4.5062992236353215e-4
0.03019951720402016	4.71867456312815e-4
0.03162277660168379	4.941058844013092e-4
0.03311311214825911	5.173923773165486e-4
0.034673685045253165	5.417763288320807e-4
0.03630780547701014	5.673094605782834e-4
0.038018939632056124	5.940459317508769e-4
0.039810717055349734	6.220424539898396e-4
0.041686938347033534	6.51358411672399e-4
0.043651583224016605	6.820559878752594e-4
0.0457088189614875	7.142002962732422e-4
0.04786300923226385	7.478595192541227e-4
0.05011872336272723	7.831050525426129e-4
0.05248074602497726	8.200116566402697e-4
0.054954087385762455	8.586576154025384e-4
0.057543993733715694	8.991249020893077e-4
0.06025595860743578	9.414993532411841e-4
0.06309573444801933	9.85870850750302e-4
0.06606934480075957	0.0010323335125118683
0.06918309709189366	0.0010809858920608384
0.07244359600749899	0.0011319311876171717
0.0758577575029184	0.0011852774609831
