8.141371054588527e-4	1.2718589582188227e-5
8.531788497841141e-4	1.3328262773785938e-5
8.941281590650347e-4	1.3967686453639986e-5
9.37081879748647e-4	1.4638365068316502e-5
9.821421616080918e-4	1.5341884495324606e-5
0.0010294167905738642	1.607991700092747e-5
0.0010790195472886522	1.685422655677379e-5
0.0011310705939492562	1.766667454724574e-5
0.0011856968923281675	1.8519225902887942e-5
0.001243032656249842	1.9413955699208846e-5
0.0013032198422428557	2.0353056264585496e-5
0.0013664086826126055	2.1338844846056823e-5
0.0014327582657966257	2.2373771887542735e-5
0.0015024371695973502	2.3460429981599607e-5
0.001575624153762529	2.4601563563361885e-5
0.0016525089194380572	2.580007942398265e-5
0.0017332929442998584	2.7059058130897122e-5
0.0018181904037458973	2.8381766453829137e-5
0.0019074291904899177	2.9771670908973125e-5
0.0020012520473752875	3.123245254960159e-5
0.0020999178314090768	3.276802314997614e-5
0.0022037029311759416	3.4382542951541295e-5
0.002312902865310567	3.6080440166791945e-5
0.0024278340971104644	3.786643246805225e-5
0.002548836110321667	3.974555072714584e-5
0.0026762738044117914	4.1723165319421144e-5
0.002810540285023361	4.3805015364225495e-5
0.002952060147314107	4.599724134645658e-5
0.0031012933764618784	4.8306421653510286e-5
0.0032587400195408013	5.073961367204381e-5
0.0034249458133675044	5.330440022237215e-5
0.0036005089786291427	5.6008942266830266e-5
0.0037860884039724024	5.8862039011778054e-5
0.003982413434703457	6.187319672786968e-5
0.004190295437699296	6.505270783252998e-5
0.004410641225400456	6.841174200066225e-5
0.004644468277869017	7.196245127832214e-5
0.004892921498201121	7.57180913500148e-5
0.0051572909758586674	7.969316123220196e-5
0.005439029926998046	8.390356371373957e-5
0.005739771653266337	8.836678882286249e-5
0.006061344043190822	9.310212246276307e-5
0.0064057798729229036	9.81308821273364e-5
0.006775320988726642	1.0347668130184207e-4
0.007172414413297257	1.0916572379924167e-4
0.007599698545086347	1.1522712892226383e-4
0.008059977934359598	1.2169328802135643e-4
0.008556185624033517	1.2860025278926295e-4
0.009091332719299614	1.3598815553973447e-4
0.0096684456586577	1.439016617971017e-4
0.010290492542479938	1.5239045579705084e-4
0.010960300761681249	1.6150975997246072e-4
0.011680468979050451	1.7132089015998737e-4
0.012453277170618388	1.8189184908687158e-4
0.013280598864918792	1.932979616460826e-4
0.014163819872792804	2.0562255649863301e-4
0.015103767652659935	2.189576996120101e-4
0.016100655007712017	2.3340498641551686e-4
0.017154041093341024	2.490764002981694e-4
0.018262811782757675	2.660952461752149e-4
0.019425180373777454	2.8459716880014366e-4
0.020638708509089214	3.04731266406014e-4
0.02190034611621476	3.2666131113877773e-4
0.02320648823351645	3.505670886186169e-4
0.02455304583989951	3.7664586986048507e-4
0.02593552729071874	4.051140297313151e-4
0.027349126698474325	4.3620882714837415e-4
0.02878881557776494	4.701903633591237e-4
0.030249434272955435	5.073437359140862e-4
0.03172578006234801	5.479814073738353e-4
0.03321268933413311	5.924458094014334e-4
0.034705111804383335	6.411122047014475e-4
0.03619817534632592	6.943918312948277e-4
0.03768724058056187	7.52735355883311e-4
0.03916794490470261	8.16636665575818e-4
0.04063623609546086	8.866370300416167e-4
0.04208839598386887	9.63329669241989e-4
0.04352105498123356	0.0010473647652962307
0.04493119842289403	0.001139454960785099
0.046316165807074386	0.001240381389913823
0.04767364404864048	0.001351000293479243
0.04900165585522174	0.0014722502735486703
0.05029854427909931	0.0016051602491996208
0.05156295441475899	0.0017508581806365325
0.05279381310986394	0.0019105806355402585
0.05399030744578523	0.002085683278673875
0.05515186262987055	0.002277652373624233
0.056278119830862325	0.0024881173941684893
0.05736891438508666	0.002718864852191155
0.058424254706696294	0.0029718534594205853
0.059444302151727954	0.0032492307515911475
0.06042935201348558	0.00355335131606453
0.06137981576566589	0.003886796777568285
0.06229620461903392	0.00425239771164382
0.06317911441655173	0.004653257671770828
0.0640292118595056	0.005092779534085434
0.0648472220323642	0.005574694383291255
0.0656339171756871	0.006103093184940977
0.06639010664336639	0.006682461512924603
0.06711662797188846	0.007317717626941525
0.06781433898426245	0.008014254223174946
0.06848411084908843	0.00877798421257325
0.06912682201523124	0.009615390915335798
0.06974335294422655	0.010533583097692813
0.07033458156542592	0.011540355318176723
0.07090137938259759	0.012644254095658213
0.0714446081649752	0.013854650460840405
0.07196511716032039	0.015181819507098397
0.07246374077230486	0.016637027615966478
0.07294129664922208	0.01823262809773086
0.07339858413568286	0.019982166059018258
0.0738363830433691	0.02190049338760278
0.07425545270116397	0.024003894830538785
0.07465653124892163	0.026310226235898165
0.07504033514284364	0.028839066131650017
0.07540755884382677	0.03161188192843897
0.07575887466326874	0.03465221215716255
0.07609493274369393	0.03798586628836734
0.07641636115412166	0.04164114382973695
0.07672376608246967	0.045649074561598786
