0.0046477960939203585	4.955769444934399e-6
0.00468342691261245	4.9972195260855885e-6
0.004719329506450746	5.039042925281118e-6
0.004755505927529007	5.081243438111118e-6
0.004791958243126034	5.123824905767572e-6
0.004828688535813672	5.166791215704378e-6
0.0048656989035655825	5.210146302308508e-6
0.00490299145986669	5.253894147582532e-6
0.004940568333823406	5.298038781839304e-6
0.004978431670274509	5.342584284408349e-6
0.0050165836299028285	5.387534784354617e-6
0.0050550263893476945	5.432894461210071e-6
0.005093762141317974	5.478667545717345e-6
0.005132793094706087	5.524858320587237e-6
0.005172121474702614	5.571471121268877e-6
0.005211749522911725	5.618510336733861e-6
0.005251679497467334	5.665980410273798e-6
0.005291913673150135	5.713885840312488e-6
0.0053324543415052906	5.76223118123207e-6
0.0053733038109609515	5.811021044214147e-6
0.005414464406947566	5.860260098095819e-6
0.005455938472018039	5.9099530702410355e-6
0.005497728365968586	5.96010474742745e-6
0.005539836465960437	6.010719976749657e-6
0.005582265166642447	6.061803666538149e-6
0.005625016880274338	6.11336078729528e-6
0.005668094036850963	6.165396372648295e-6
0.005711499084227234	6.2179155203190745e-6
0.005755234488244004	6.270923393112546e-6
0.0057993027328547995	6.324425219922205e-6
0.005843706320253249	6.378426296754871e-6
0.005888447771001554	6.432931987773592e-6
0.0059335296241597585	6.487947726360387e-6
0.005978954437415851	6.543479016198453e-6
0.0060247247872168555	6.5995314323741605e-6
0.00607084326890058	6.656110622500106e-6
0.006117312496828625	6.71322230785853e-6
0.006164135104519945	6.770872284566539e-6
0.006211313744785518	6.829066424763263e-6
0.006258851089863896	6.887810677818761e-6
0.0063067498315576825	6.94711107156665e-6
0.006355012681370897	7.006973713559104e-6
0.006403642370647417	7.067404792346527e-6
0.006452641650710212	7.128410578781181e-6
0.006502013293001722	7.1899974273453996e-6
0.0065517600892250555	7.252171777506061e-6
0.00660188485148625	7.314940155094263e-6
0.006652390412437597	7.378309173712265e-6
0.006703279625421831	7.442285536167156e-6
0.006754555364617473	7.506876035932194e-6
0.006806220525185148	7.572087558637223e-6
0.006858278023414932	7.637927083587524e-6
0.006910730796874844	7.704401685312648e-6
0.006963581804560283	7.77151853514547e-6
0.007016834027044731	7.839284902832716e-6
0.007070490466631354	7.907708158176643e-6
0.007124554147505903	7.976795772709793e-6
0.007179028115890587	8.046555321402627e-6
0.007233915440199288	8.116994484405599e-6
0.007289219211193718	8.188121048825377e-6
0.0073449425421410214	8.25994291053753e-6
0.007401088568972241	8.332468076034805e-6
0.007457660450442462	8.405704664313366e-6
0.0075146613682917	8.4796609087968e-6
0.007572094527407438	8.55434515929935e-6
0.007629963155988303	8.629765884029204e-6
0.007688270505708991	8.705931671632303e-6
0.007747019851886701	8.782851233278755e-6
0.007806214493648748	8.860533404791356e-6
0.007865857754101677	8.93898714881894e-6
0.007925952980501782	9.018221557053524e-6
0.00798650354442698	9.098245852494756e-6
0.0080475128419503	9.179069391760755e-6
0.008108984293814835	9.26070166744757e-6
0.00817092134561015	9.34315231053794e-6
0.008233327467950307	9.426431092860984e-6
0.00829620615665372	9.510547929603972e-6
0.00835956093292428	9.595512881876662e-6
0.008423395343534557	9.681336159331178e-6
0.008487712961010495	9.768028122836947e-6
0.008552517383818027	9.855599287213612e-6
0.008617812236551524	9.944060324021952e-6
0.008683601170124056	1.003342206441619e-5
0.008749887861959744	1.0123695502056644e-5
0.00881667601618805	1.0214891796086854e-5
0.008883969363840073	1.0307022274175297e-5
0.00895177166304717	1.0400098435623361e-5
0.009020086699241541	1.0494131954542224e-5
0.00908891828535943	1.0589134683099806e-5
0.009158270262046282	1.0685118654839094e-5
0.0092281464978647	1.0782096088070996e-5
0.009298550889504736	1.0880079389342457e-5
0.009369487361996874	1.097908115698283e-5
0.009440959868927751	1.10791141847298e-5
0.009512972392658614	1.1180191465437268e-5
0.009585528944546784	1.1282326194867924e-5
0.009658633565170115	1.1385531775571557e-5
0.009732290324554723	1.1489821820852855e-5
0.009806503322405876	1.1595210158830493e-5
0.009881276688342308	1.17017108365895e-5
0.009956614582134206	1.1809338124430574e-5
0.010032521193944858	1.1918106520218414e-5
0.010109000744576118	1.2028030753831912e-5
0.010186057485717926	1.2139125791718693e-5
0.010263695700202054	1.2251406841558522e-5
0.010341919702260253	1.2364889357036479e-5
0.01042073383778679	1.2479589042730806e-5
0.010500142484606057	1.259552185911794e-5
0.0105801500527448	1.2712704027698369e-5
0.010660760984709812	1.2831152036246975e-5
0.010741979755770818	1.295088264419174e-5
0.010823810874249157	1.3071912888123197e-5
0.01090625888181214	1.3194260087441617e-5
0.010989328353773918	1.3317941850142399e-5
0.011073023899402132	1.344297607874654e-5
0.011157350162231842	1.3569380976380068e-5
0.011242311820385941	1.3697175053006175e-5
0.01132791358690308	1.3826377131815675e-5
0.011414160210072882	1.3957006355780326e-5
0.011501056473779128	1.4089082194374918e-5
0.011588607197851037	1.4222624450471943e-5
0.011676817238422989	1.4357653267415555e-5
0.011765691488302926	1.449418913628132e-5
0.011855234877350167	1.463225290332577e-5
0.011945452372862158	1.4771865777632896e-5
0.012036348979971587	1.4913049338964928e-5
0.012127929742053241	1.5055825545822774e-5
0.012220199741141368	1.5200216743724568e-5
0.012313164098358033	1.5346245673706603e-5
0.012406827974352629	1.549393548105927e-5
0.012501196569752723	1.5643309724300324e-5
0.012596275125626966	1.579439238439755e-5
0.012692068923959993	1.594720787424772e-5
0.012788583288140283	1.610178104842067e-5
0.012885823583460156	1.625813721317779e-5
0.012983795217629695	1.6416302136774817e-5
0.01308250364130362	1.657630206005871e-5
0.01318195434862199	1.6738163707367735e-5
0.013282152877765067	1.690191429774795e-5
0.013383104811522287	1.7067581556494182e-5
0.013484815777875503	1.7235193727029387e-5
0.013587291450597302	1.7404779583133204e-5
0.013690537549863536	1.7576368441532945e-5
0.013794559842881296	1.7749990174868804e-5
0.013899364144531207	1.792567522504741e-5
0.014004956318025499	1.810345461699877e-5
0.014111342275580425	1.828335997284842e-5
0.014218527979103836	1.8465423526522765e-5
0.014326519440897596	1.8649678138801163e-5
0.014435322724374568	1.883615731283113e-5
0.014544943944790115	1.9024895210125975e-5
0.014655389269987308	1.9215926667057824e-5
0.014766664921156298	1.940928721186921e-5
0.014878777173606457	1.9605013082217455e-5
0.01499173235755173	1.9803141243273906e-5
0.015105536858907469	2.0003709406399646e-5
0.015220197120098929	2.0206756048413483e-5
0.015335719640880187	2.0412320431479717e-5
0.01545211097916289	2.062044262363484e-5
0.015569377751852973	2.0831163519976986e-5
0.01568752663569544	2.1044524864543233e-5
0.015806564368124946	2.1260569272899463e-5
0.015926497748121316	2.1479340255468358e-5
0.016047333637068263	2.17008822416221e-5
0.016169078959613982	2.1925240604569902e-5
0.016291740704531366	2.2152461687065766e-5
0.01641532592557656	2.238259282796968e-5
0.016539841742343388	2.261568238969096e-5
0.01666529534111154	2.2851779786547598e-5
0.01679169397568631	2.309093551407285e-5
0.016919044968227576	2.3333201179305255e-5
0.017047355710064882	2.3578629532097265e-5
0.017176633662496454	2.3827274497478547e-5
0.017306886357568763	2.407919120911263e-5
0.01743812139883402	2.433443604388813e-5
0.01757034646208183	2.459306665768154e-5
0.017703569296042065	2.4855142022338797e-5
0.017837797723055365	2.5120722463915305e-5
0.017973039639707165	2.538986970222444e-5
0.018109303017422054	2.5662646891734406e-5
0.018246595903013942	2.5939118663872816e-5
0.018384926419188173	2.6219351170778296e-5
0.018524302764991153	2.650341213056054e-5
0.018664733216203384	2.6791370874117378e-5
0.018806226125670494	2.7083298393567753e-5
0.018948789923569315	2.7379267392358367e-5
0.01909243311760164	2.7679352337104578e-5
0.019237164293113507	2.7983629511227515e-5
0.01938299211313288	2.8292177070453802e-5
0.019529925318321397	2.8605075100243818e-5
0.019677972726835236	2.8922405675220123e-5
0.01982714323408908	2.9244252920667276e-5
0.0199774458124186	2.957070307617899e-5
0.02012888951063495	2.990184456153212e-5
0.02028148345346721	3.023776804486734e-5
0.020435236840885315	3.057856651326136e-5
0.020590158947300295	3.092433534577885e-5
0.020746259120633524	3.1275172389097885e-5
0.020903546781251833	3.1631178035798746e-5
0.021062031420761587	3.1992455305419324e-5
0.021221722600655826	3.235910992838078e-5
0.021382629950810438	3.273125043288591e-5
0.021544763167822417	3.310898823490744e-5
0.021708132013185572	3.34924377313799e-5
0.021872746311298704	3.388171639671527e-5
0.02203861594729959	3.427694488277331e-5
0.022205750864721804	3.467824712241327e-5
0.02237416106296772	3.5085750436769414e-5
0.02254385659459392	3.54995856463918e-5
0.0227148475624039	3.591988718640282e-5
0.02288714411634405	3.634679322582604e-5
0.023060756450198224	3.678044579125334e-5
0.02323569479807779	3.722099089501955e-5
0.023411969430702416	3.7668578668066656e-5
0.023589590651469133	3.812336349767935e-5
0.02376856879230585	3.858550417029911e-5
0.023948914209306425	3.9055164019608345e-5
0.02413063727814576	3.9532511080114455e-5
0.02431374838927111	4.001771824644632e-5
0.024498257942869212	4.051096343861127e-5
0.024684176343606992	4.1012429773450734e-5
0.024871513995144527	4.152230574256184e-5
0.02506028129442084	4.20407853969527e-5
0.025250488625710277	4.2568068538721454e-5
0.025442146354451103	4.3104360920057315e-5
0.025635264820846722	4.364987444987881e-5
0.025829854333239474	4.4204827408443564e-5
0.02602592516125976	4.476944467027443e-5
0.026223487528751848	4.534395793577089e-5
0.026422551606478415	4.5928605971888524e-5
0.026623127504607522	4.6523634862291645e-5
0.026825225264984525	4.7129298267409146e-5
0.02702885485319403	4.774585769483242e-5
0.02723402615041482	4.837358278053562e-5
0.02744074894507336	4.901275158141412e-5
0.02764903292430197	4.9663650879657214e-5
0.02785888766520619	5.032657649951241e-5
0.028070322625948947	5.100183363702213e-5
0.02828334713665749	5.168973720333969e-5
0.028497970390161324	5.239061218227572e-5
0.028714201432569208	5.310479400274949e-5
0.028932049153692223	5.383262892686864e-5
0.029151522277323313	5.457447445439387e-5
0.02937262935138286	5.533069974438121e-5
0.02959537873793826	5.610168605485775e-5
0.029819778603110064	5.6887827201413445e-5
0.03004583690687399	5.7689530035653154e-5
0.030273561392770737	5.850721494450969e-5
0.03050295957753462	5.934131637145963e-5
0.030734038740654217	6.019228336076658e-5
0.03096680591387545	6.106058012591958e-5
0.03120126787066217	6.194668664351641e-5
0.03143743111562546	6.285109927391047e-5
0.03167530187393641	6.377433141001079e-5
0.031914886080735144	6.471691415572088e-5
0.03215618937055089	6.567939703557909e-5
0.03239921706674689	6.666234873725238e-5
0.0326439741710045	6.766635788865374e-5
0.03289046535286169	6.869203387154501e-5
0.03313869493932065	6.974000767359153e-5
0.03338866690453891	7.081093278099191e-5
0.03364038485962031	7.19054861138908e-5
0.03389385204251922	7.302436900694846e-5
0.03414907130807562	7.416830823758912e-5
0.03440604511819393	7.533805710459154e-5
0.034664775532182564	7.65343965598665e-5
0.034925264197268435	7.775813639644923e-5
0.035187512339302736	7.901011649591046e-5
0.03545152075367149	8.029120813862495e-5
0.03571728979642654	8.160231538052872e-5
0.035984819375652996	8.294437650026118e-5
0.036254108943085	8.431836552082185e-5
0.03652515748598673	8.572529381016143e-5
0.036797963519311166	8.716621176541374e-5
0.037072525078151036	8.864221058579228e-5
0.03734883971049508	9.015442413952445e-5
0.03762690447030296	9.1704030930535e-5
0.03790671591091169	9.329225617103445e-5
0.03818827007878526	9.492037396652771e-5
0.0384715625076201	9.658970962027546e-5
0.038756588212817376	9.830164206468989e-5
0.03904334168633261	1.000576064277045e-4
0.03933181689191406	1.0185909674270772e-4
0.03962200726073939	1.0370766881127301e-4
0.039913905687458735	1.0560494322856345e-4
0.040207504526654524	1.0755260858203464e-4
0.040502795589725235	1.0955242483480858e-4
0.040799770142201194	1.1160622690597714e-4
0.04109841890149814	1.137159284609729e-4
0.04139873203511607	1.158835259261678e-4
0.04170069915928784	1.1811110274290175e-4
0.04200430933808365	1.2040083387735487e-4
0.04230955108297277	1.227549906038995e-4
0.04261641235285059	1.251759455809822e-4
0.04292488055452832	1.276661782400563e-4
0.04323494254369181	1.3022828050974564e-4
0.04354658462632815	1.328649628991498e-4
0.043859792560621565	1.3557906096618204e-4
0.04417455155931832	1.3837354219891056e-4
0.04449084629255968	1.4125151334018414e-4
0.0448086608911814	1.4421622818831277e-4
0.04512797895047725	1.4727109590937523e-4
0.04544878353442334	1.5041968989964682e-4
0.04577105718036055	1.5366575724000707e-4
0.046094781904128634	1.570132287877206e-4
0.046419939205649324	1.604662299549875e-4
0.04674651007495023	1.640290922279321e-4
0.047074474998624605	1.6770636548452605e-4
0.0474038139667195	1.7150283117509462e-4
0.047734506480044306	1.7542351643486212e-4
0.048066531557891166	1.7947370920431136e-4
0.04839986774615922	1.8365897444009603e-4
0.04873449312587174	1.8798517150697716e-4
0.04907038532207783	1.9245847284974033e-4
0.04940752151312526	1.9708538405345495e-4
0.04974587844029835	2.0187276541084895e-4
0.05008543241780173	2.0682785512709907e-4
0.050426159343086696	2.1195829430509258e-4
0.05076803470749974	2.1727215386844163e-4
0.05111103360724586	2.2277796359522958e-4
0.05145513075465149	2.2848474345306928e-4
0.05180030048971108	2.3440203744554076e-4
0.05214651679190927	2.4053995020183245e-4
0.052493753292297454	2.4690918656574936e-4
0.052841983285815304	2.5352109446740605e-4
0.05319117974384101	2.6038771139125715e-4
0.05354131532695417	2.6752181478829716e-4
0.05389236239789826	2.749369768183045e-4
0.05424429303472536	2.826476238511019e-4
0.05459707904411016	2.9066910120392395e-4
0.05495069197481486	2.9901774364649454e-4
0.05530510313129261	3.077109522667103e-4
0.05566028358741155	3.167672783591327e-4
0.056016204200285385	3.262065150769706e-4
0.056372835624193984	3.36049797677031e-4
0.05673014832457908	3.463197132880091e-4
0.057088112592100185	3.5704042124711454e-4
0.05744669855673483	3.682377851806064e-4
0.05780587620190723	3.799395181525609e-4
0.05816561537863316	3.921753423765117e-4
0.058525885819662095	4.0497716517909804e-4
0.05888665715360709	4.183792731281674e-4
0.05924789891904291	4.324185464943481e-4
0.059609580578562256	4.471346965101489e-4
0.05997167153277487	4.625705282313231e-4
0.06033414113423416	4.7877223219858943e-4
0.06069695870128225	4.957897085537009e-4
0.06106009353179637	5.136769277927423e-4
0.061423514916826336	5.324923329549209e-4
0.06178719215411014	5.522992887627088e-4
0.06215109456145668	5.731665840676414e-4
0.06251519148998189	5.951689949386882e-4
0.06287945233719051	6.183879168841027e-4
0.06324384655988984	6.429120760567461e-4
0.06360834368692633	6.688383308977766e-4
0.06397291333173594	6.962725775740752e-4
0.06433752520469783	7.253307748216945e-4
0.06470214912528169	7.561401064959987e-4
0.0650667550339824	7.888403033415256e-4
0.06543131300403185	8.235851493448331e-4
0.0657957932528812	8.605442026647808e-4
0.06616016615344567	8.99904766723371e-4
0.06652440224510607	9.418741538095163e-4
0.06688847224446033	9.86682291777687e-4
0.06725234705581792	0.0010345847344666497
0.06761599778143393	0.0010858661487708834
0.06797939573147622	0.0011408443664417162
0.06834251243372193	0.0011998751074126734
0.06870531964297774	0.0012633575046839102
0.0690677893502228	0.0013317405897936413
0.06942989379146905	0.0014055309342563547
0.06979160545633542	0.0014853016881644634
0.070152897096337	0.0015717033152124033
0.07051374173288281	0.0016654763974091812
0.07087411266498367	0.0017674669776425228
0.07123398347666804	0.0018786450307183096
0.0715933280441035	0.002000126812586871
0.07195212054242664	0.002133202045593706
0.07231033545227807	0.002279367171907181
0.07266794756604364	0.0024403662716738113
0.0730249319938048	0.0026182417305621736
0.07338126416899501	0.0028153974009698206
0.07373691985376706	0.003034677900942568
0.07409187514407005	0.0032794689345494394
0.07444610647443997	0.0035538252437796974
0.07479959062250542	0.0038626352335588902
0.07515230471320947	0.0042118347783906915
0.07550422622275267	0.004608687727645609
0.07585533298225752	0.005062157965271594
0.07620560318116176	0.005583408798662069
0.07655501537033652	0.006186481969083401
0.07690354846494253	0.006889234018711383
0.07725118174701871	0.0077146477208324465
0.07759789486781477	0.008692700452308128
0.07794366784986656	0.009863076905157888
0.07828848108882244	0.011279191692569203
0.07863231535502112	0.013014297230369157
0.07897515179483011	0.015171009246678132
0.07931697193174617	0.01789662182189641
0.07965775766726346	0.021408609008432607
0.07999749128151533	0.026038854985600046
