0.0010	9.765625e-7
0.0010471285480508996	1.0225864727059567e-6
0.0010964781961431851	1.0707794884210792e-6
0.0011481536214968829	1.1212437709930497e-6
0.001202264434617413	1.1740863619310674e-6
0.0012589254117941675	1.2294193474552417e-6
0.0013182567385564073	1.2873600962464915e-6
0.0013803842646028838	1.3480315084012537e-6
0.001445439770745928	1.4115622761190703e-6
0.0015135612484362087	1.478087156675985e-6
0.001584893192461114	1.5477472582628067e-6
0.0016595869074375598	1.620690339294492e-6
0.0017378008287493745	1.697071121825561e-6
0.0018197008586099844	1.7770516197363129e-6
0.0019054607179632482	1.8608014823859846e-6
0.001995262314968879	1.948498354461796e-6
0.0020892961308540386	2.040328252787147e-6
0.0021877616239495516	2.136485960888234e-6
0.0022908676527677745	2.23717544215603e-6
0.00239883291901949	2.3426102724799706e-6
0.0025118864315095794	2.4530140932710737e-6
0.0026302679918953813	2.5686210858353333e-6
0.002754228703338166	2.6896764681036777e-6
0.002884031503126606	2.816437014772076e-6
0.003019951720402016	2.949171601955094e-6
0.0031622776601683794	3.088161777508183e-6
0.0033113112148259113	3.233702358228429e-6
0.0034673685045253167	3.3861020552005046e-6
0.003630780547701014	3.5456841286142715e-6
0.0038018939632056127	3.712787073442981e-6
0.003981071705534973	3.8877653374364975e-6
0.004168693834703355	4.070990072952495e-6
0.004365158322401657	4.262849924220368e-6
0.004570881896148752	4.463751851707766e-6
0.004786300923226385	4.674121995338267e-6
0.005011872336272725	4.894406578391333e-6
0.005248074602497723	5.1250728540016825e-6
0.005495408738576242	5.366610096265861e-6
0.005754399373371572	5.619530638058176e-6
0.0060255958607435805	5.884370957757403e-6
0.00630957344480193	6.161692817189385e-6
0.006606934480075957	6.452084453199177e-6
0.006918309709189363	6.756161825380237e-6
0.007244359600749906	7.07456992260733e-6
0.007585775750291836	7.407984131144371e-6
0.007943282347242814	7.75711166722931e-6
0.008317637711026709	8.12269307717452e-6
0.008709635899560805	8.505503808164848e-6
0.009120108393559097	8.906355853085055e-6
0.009549925860214359	9.326099472865585e-6
0.01	9.765625e-6
0.010471285480508996	1.0225864727059566e-5
0.010964781961431845	1.0707794884210787e-5
0.011481536214968828	1.1212437709930496e-5
0.01202264434617413	1.1740863619310674e-5
0.012589254117941675	1.2294193474552417e-5
0.013182567385564068	1.287360096246491e-5
0.013803842646028845	1.3480315084012544e-5
0.01445439770745928	1.4115622761190703e-5
0.015135612484362087	1.478087156675985e-5
0.015848931924611134	1.547747258262806e-5
0.016595869074375606	1.6206903392944927e-5
0.017378008287493744	1.697071121825561e-5
0.018197008586099843	1.7770516197363128e-5
0.019054607179632473	1.8608014823859837e-5
0.0199526231496888	1.9484983544617968e-5
0.02089296130854039	2.0403282527871474e-5
0.021877616239495516	2.136485960888234e-5
0.022908676527677738	2.237175442156029e-5
0.02398832919019491	2.3426102724799718e-5
0.025118864315095794	2.4530140932710737e-5
0.026302679918953815	2.5686210858353335e-5
0.02754228703338166	2.6896764681036778e-5
0.028840315031266057	2.816437014772076e-5
0.03019951720402016	2.9491716019550938e-5
0.03162277660168379	3.088161777508183e-5
0.03311311214825911	3.233702358228429e-5
0.034673685045253165	3.3861020552005044e-5
0.03630780547701014	3.545684128614271e-5
0.038018939632056124	3.712787073442981e-5
0.039810717055349734	3.8877653374364975e-5
0.041686938347033534	4.0709900729524935e-5
0.043651583224016605	4.2628499242203715e-5
0.0457088189614875	4.4637518517077636e-5
0.04786300923226385	4.674121995338267e-5
0.05011872336272723	4.894406578391331e-5
0.05248074602497726	5.1250728540016854e-5
0.054954087385762455	5.366610096265865e-5
0.057543993733715694	5.619530638058173e-5
0.06025595860743578	5.8843709577574004e-5
0.06309573444801933	6.161692817189388e-5
0.06606934480075957	6.452084453199177e-5
0.06918309709189366	6.75616182538024e-5
0.07244359600749899	7.074569922607323e-5
0.0758577575029184	7.407984131144375e-5
