0.0010000000000000009	9.765625000000009e-7
0.0010471285480509046	1.0225864727059615e-6
0.0010964781961432107	1.0707794884211042e-6
0.0011481536214968668	1.121243770993034e-6
0.0012022644346173922	1.174086361931047e-6
0.0012589254117941207	1.229419347455196e-6
0.0013182567385564281	1.2873600962465118e-6
0.0013803842646028658	1.3480315084012361e-6
0.0014454397707459182	1.4115622761190608e-6
0.001513561248436185	1.4780871566759618e-6
0.0015848931924610787	1.5477472582627722e-6
0.001659586907437574	1.620690339294506e-6
0.0017378008287493862	1.6970711218255725e-6
0.0018197008586099822	1.7770516197363108e-6
0.001905460717963256	1.8608014823859922e-6
0.0019952623149688403	1.948498354461758e-6
0.0020892961308540264	2.040328252787135e-6
0.002187761623949541	2.136485960888224e-6
0.0022908676527677446	2.2371754421560006e-6
0.002398832919019489	2.3426102724799698e-6
0.002511886431509569	2.4530140932710635e-6
0.002630267991895377	2.568621085835329e-6
0.002754228703338177	2.6896764681036883e-6
0.0028840315031265773	2.816437014772048e-6
0.003019951720401995	2.949171601955073e-6
0.0031622776601683417	3.088161777508147e-6
0.0033113112148258905	3.233702358228412e-6
0.0034673685045252672	3.3861020552004766e-6
0.0036307805477010097	3.545684128614372e-6
0.0038018939632055854	3.7127870734434597e-6
0.003981071705534953	3.887765337438749e-6
0.0041686938347031965	4.070990072961894e-6
0.004365158322400989	4.262849924257411e-6
0.004570881896146267	4.4637518518453e-6
0.004786300923217246	4.674121995819738e-6
0.0050118723362411605	4.89440657998616e-6
0.005248074602394098	5.12507285901179e-6
0.005495408738252827	5.366610111229014e-6
0.005754399372409541	5.6195306806401795e-6
0.006025595858011046	5.884371073475405e-6
0.0063095734373755236	6.161693118107148e-6
0.006606934460725453	6.4520852034838416e-6
0.006918309660758279	6.756163622414687e-6
0.007244359484107413	7.074574064726157e-6
0.0075857754794989435	7.407993335066868e-6
0.007943281740256408	7.757131415194135e-6
0.008317636395307484	8.122734055417316e-6
0.00870963313745357	8.505586168456829e-6
0.009120102769732005	8.906516413608694e-6
0.00954991473955559	9.326403499109642e-6
0.009999978615337884	9.766184891012764e-6
0.010471245441051394	1.0226868787493481e-5
0.010964708880507698	1.0709550382723116e-5
0.011481406035433309	1.121543358429308e-5
0.012022417790607948	1.1745859440756444e-5
0.012588868507056664	1.2302342561168625e-5
0.013181924852879862	1.2886616753334747e-5
0.013802793533675334	1.3500690970432541e-5
0.014452717663986855	1.4146916451540481e-5
0.015132971511248913	1.4828065703425603e-5
0.015844853347515064	1.5547423749211202e-5
0.016589676164490294	1.630889192764369e-5
0.017368756045724992	1.7117104533235338e-5
0.018183398046733204	1.797755880688647e-5
0.019034879508329522	1.8896759269422044e-5
0.01992443081826531	1.9882378167450666e-5
0.02085321373755976	2.094343488083576e-5
0.021822297515952063	2.209049851487781e-5
0.022832633130071278	2.3335919550904283e-5
0.023885026082316928	2.4694098344607175e-5
0.02498010829226832	2.618180045095981e-5
0.026118309690427305	2.781853126165951e-5
0.02729983018189447	2.9626985356784963e-5
0.028524612682023796	3.1633589444782155e-5
0.029792317935400908	3.386916200768489e-5
0.031102301813284744	3.636971807062867e-5
0.032453595743960714	3.917745425438183e-5
0.03384489086752886	4.234195793573257e-5
0.03527452642477146	4.592169556614911e-5
0.036740482792933425	4.998584981073071e-5
0.03824037947400168	5.461659425851204e-5
0.03977147822804676	5.991191947879165e-5
0.04133069142996801	6.598915712065506e-5
0.0429145956168139	7.298939224409232e-5
0.04451945008847804	8.10830117854816e-5
0.04614122033010733	9.047671403161085e-5
0.047775605942391206	1.0142240718099939e-4
0.04941807269764871	1.1422856423497603e-4
0.051063888286154414	1.2927479022655997e-4
0.05270816127854355	1.4703061542069697e-4
0.05434588280579606	1.680798819678032e-4
0.05597197044691442	1.9315258070770486e-4
0.05758131381403057	2.2316667579590623e-4
0.05916882133275218	2.592834093977109e-4
0.06072946772900639	3.029809265377434e-4
0.06225834174895077	3.561529776669949e-4
0.06375069365195062	4.212422056504126e-4
0.06520198202441968	5.014214972785757e-4
0.06660791946112093	6.008426703916417e-4
0.06796451664773595	7.249802810284105e-4
0.06926812435283394	8.81110963175739e-4
0.07051547279921791	0.001078987620506313
0.07170370783650834	0.0013317963708393327
0.07283042328351948	0.0016575277844432927
0.07389368875746063	0.00208096128567428
0.07489207226604694	0.0026365665853791092
0.07582465681816244	0.0033727915936767384
0.07669105031892666	0.0043584704317855185
0.07749138806511677	0.005692511721076586
0.07822632725409115	0.00751872477187696
