0.004647796093157464	0.0012686769779032062
0.0054144644060581445	0.0015002265851125297
0.006306749830520706	0.0017784604343210623
0.00734494254093197	0.0021145453850976077
0.008552517382408411	0.0025230334175266847
0.009956614580490708	0.003023190559854227
0.011588607195934918	0.0036409918593208173
0.013484815775641425	0.004412209594119523
0.015687526633090587	0.005387398365323068
0.018246595899976358	0.006640414377951441
0.02122172259711166	0.00828393214166548
0.024684176339466006	0.010499182022003388
0.028714201427718734	0.01359482726470387
0.03338866689883499	0.01812759879193393
0.038756588206082965	0.02516522036856061
0.04480866088321064	0.03691935441620807
0.051455130745227735	0.058492094323985735
0.05852588580858298	0.1036741542858491
0.0657957932399842	0.22029931588218388
0.07302493197898713	0.6702698830239164
0.07999749126474127	6.665946876313612
