8.141371054588527e-4	7.950557670496609e-7
8.531788497841141e-4	8.331824704922989e-7
8.941281590650347e-4	8.731720303369479e-7
9.37081879748647e-4	9.15119023192038e-7
9.821421616080918e-4	9.591232046954021e-7
0.0010294167905738642	1.0052898345447893e-6
0.0010790195472886522	1.0537300266490744e-6
0.0011310705939492562	1.1045611269035705e-6
0.0011856968923281675	1.157907121414226e-6
0.001243032656249842	1.2138990783689864e-6
0.0013032198422428557	1.2726756271902888e-6
0.0013664086826126055	1.3343834791138734e-6
0.0014327582657966257	1.399177993942022e-6
0.0015024371695973502	1.4672237984349366e-6
0.001575624153762529	1.5386954626588396e-6
0.0016525089194380572	1.6137782416392749e-6
0.0017332929442998584	1.692668890920166e-6
0.0018181904037458973	1.775576566167449e-6
0.0019074291904899177	1.8627238188729917e-6
0.0020012520473752875	1.9543477026398403e-6
0.0020999178314090768	2.050701007654833e-6
0.0022037029311759416	2.1520536450616085e-6
0.002312902865310567	2.258694208443962e-6
0.0024278340971104644	2.3709317470993134e-6
0.002548836110321667	2.489097796008685e-6
0.0026762738044117914	2.6135487214013366e-6
0.002810540285023361	2.7446684597248546e-6
0.002952060147314107	2.8828717528344176e-6
0.0031012933764618784	3.028608014178905e-6
0.0032587400195408013	3.182365999816722e-6
0.0034249458133675044	3.3446795030704204e-6
0.0036005089786291427	3.516134339440342e-6
0.0037860884039724024	3.697376933593818e-6
0.003982413434703457	3.889124854865321e-6
0.004190295437699296	4.092179661700671e-6
0.004410641225400456	4.307442397854084e-6
0.004644468277869017	4.5359320238179525e-6
0.004892921498201121	4.778806959228057e-6
0.0051572909758586674	5.037389755194312e-6
0.005439029926998046	5.31319471744163e-6
0.005739771653266337	5.607958079353215e-6
0.006061344043190822	5.92367010553334e-6
0.0064057798729229036	6.2626083255003606e-6
0.006775320988726642	6.627370990280669e-6
0.007172414413297257	7.020909844952104e-6
0.007599698545086347	7.446561439750869e-6
0.008059977934359598	7.90807646632303e-6
0.008556185624033517	8.409646988228306e-6
0.009091332719299614	8.955931898992552e-6
0.0096684456586577	9.552081433260247e-6
0.010290492542479938	1.020376201500015e-5
0.010960300761681249	1.0917183091924938e-5
0.011680468979050451	1.1699127831481305e-5
0.012453277170618388	1.255698961720775e-5
0.013280598864918792	1.3498816187238753e-5
0.014163819872792804	1.453336302627175e-5
0.015103767652659935	1.5670157303917207e-5
0.016100655007712017	1.6919573300796483e-5
0.017154041093341024	1.8292919932967622e-5
0.018262811782757675	1.980254071982978e-5
0.019425180373777454	2.1461926370277034e-5
0.020638708509089214	2.3285840099513662e-5
0.02190034611621476	2.5290455832255785e-5
0.02320648823351645	2.7493509583105943e-5
0.02455304583989951	2.9914464510959955e-5
0.02593552729071874	3.25746903984866e-5
0.027349126698474325	3.5497658588773024e-5
0.02878881557776494	3.870915370195507e-5
0.030249434272955435	4.223750374325841e-5
0.03172578006234801	4.61138304937754e-5
0.03321268933413311	5.037232234481676e-5
0.034705111804383335	5.505053199762935e-5
0.03619817534632592	6.018970170714458e-5
0.03768724058056187	6.583511900713428e-5
0.03916794490470261	7.203650612121684e-5
0.04063623609546086	7.884844654631859e-5
0.04208839598386887	8.633085259868754e-5
0.04352105498123356	9.454947804333439e-5
0.04493119842289403	1.035764802912468e-4
0.046316165807074386	1.1349103704981024e-4
0.04767364404864048	1.2438002275544127e-4
0.04900165585522174	1.3633875060789835e-4
0.05029854427909931	1.494717865678075e-4
0.05156295441475899	1.6389384227736715e-4
0.05279381310986394	1.797307545239068e-4
0.05399030744578523	1.9712055959262745e-4
0.05515186262987055	2.162146716541201e-4
0.056278119830862325	2.3717917521090526e-4
0.05736891438508666	2.6019624259235487e-4
0.058424254706696294	2.8546568854687456e-4
0.059444302151727954	3.132066751430192e-4
0.06042935201348558	3.436595814668235e-4
0.06137981576566589	3.7708805400193723e-4
0.06229620461903392	4.137812551135556e-4
0.06317911441655173	4.540563287400542e-4
0.0640292118595056	4.982611042413042e-4
0.0648472220323642	5.467770613759414e-4
0.0656339171756871	6.000225815982156e-4
0.06639010664336639	6.584565132973662e-4
0.06711662797188846	7.225820812694502e-4
0.06781433898426245	7.929511736354404e-4
0.06848411084908843	8.701690426258297e-4
0.06912682201523124	9.548994591669993e-4
0.06974335294422655	0.001047870365059118
0.07033458156542592	0.0011498800707615134
0.07090137938259759	0.0012618040514351418
0.0714446081649752	0.0013846023989727654
0.07196511716032039	0.0015193279933180884
0.07246374077230486	0.0016671354624838643
0.07294129664922208	0.0018292910073760805
0.07339858413568286	0.002007183174875843
0.0738363830433691	0.002202334670682101
0.07425545270116397	0.0024164153122481625
0.07465653124892163	0.002651256231825485
0.07504033514284364	0.0029088654502436684
0.07540755884382677	0.003191444953694143
0.07575887466326874	0.003501409418547695
0.07609493274369393	0.0038414067432290624
0.07641636115412166	0.004214340561515035
0.07672376608246967	0.004623394928447243
