0.001	1.5988355757792888e-5
0.0012589254117941675	2.0054008289330077e-5
0.001584893192461114	2.5372785527913157e-5
0.001995262314968879	3.203142050715865e-5
0.0025118864315095794	4.1040228913325205e-5
0.0031622776601683794	5.200117961564164e-5
0.003981071705534973	6.660338524847811e-5
0.005011872336272725	8.481229822946542e-5
0.00630957344480193	1.0983073906063445e-4
0.007943282347242814	1.4239354666821278e-4
0.01	1.8583937160510404e-4
0.012589254117941675	2.4578111352476477e-4
0.015848931924611134	3.314581026596529e-4
0.0199526231496888	4.5809904615262627e-4
0.025118864315095794	6.557783954790477e-4
0.03162277660168379	9.949136821411728e-4
0.039810717055349734	0.001665353962985727
0.05011872336272723	0.0033611316190217152
0.06309573444801933	0.010649154286299554
0.07943282347242814	0.34491567959113606
