0.0010	2.5e-4
0.0012589254117941675	3.1473135294854187e-4
0.001584893192461114	3.962232981152785e-4
0.001995262314968879	4.988155787422197e-4
0.0025118864315095794	6.279716078773949e-4
0.0031622776601683794	7.905694150420948e-4
0.003981071705534973	9.952679263837434e-4
0.005011872336272725	0.0012529680840681812
0.00630957344480193	0.0015773933612004826
0.007943282347242814	0.0019858205868107034
0.01	0.0025
0.012589254117941675	0.0031473135294854187
0.015848931924611134	0.003962232981152784
0.0199526231496888	0.0049881557874222
0.025118864315095794	0.006279716078773949
0.03162277660168379	0.007905694150420948
0.039810717055349734	0.009952679263837434
0.05011872336272723	0.012529680840681807
0.06309573444801933	0.015773933612004833
0.07943282347242814	0.019858205868107034
