0.0010000000000000009	9.76816189276936e-7
0.0010471285480509046	1.0228777491578188e-6
0.0010964781961432107	1.071113921290993e-6
0.0011481536214968668	1.1216277547744993e-6
0.0012022644346173922	1.1745272386697664e-6
0.0012589254117941207	1.2299255471802705e-6
0.0013182567385564281	1.2879412982192366e-6
0.0013803842646028658	1.3486988262695925e-6
0.0014454397707459182	1.4123284705224014e-6
0.001513561248436185	1.4789668793732512e-6
0.0015848931924610787	1.5487573324600953e-6
0.001659586907437574	1.6218500815434017e-6
0.0017378008287493862	1.6984027116613056e-6
0.0018197008586099822	1.7785805241412405e-6
0.001905460717963256	1.86255694321707e-6
0.0019952623149688403	1.9505139481909267e-6
0.0020892961308540264	2.042642533292829e-6
0.002187761623949541	2.1391431976354906e-6
0.0022908676527677446	2.2402264679368952e-6
0.002398832919019489	2.34611345699733e-6
0.002511886431509569	2.4570364612742205e-6
0.002630267991895377	2.5732396013036784e-6
0.002754228703338177	2.694979509181252e-6
0.0028840315031265773	2.822526067840886e-6
0.003019951720401995	2.956163207475134e-6
0.0031622776601683417	3.0961897651270373e-6
0.0033113112148258905	3.242920414272737e-6
0.0034673685045252672	3.396686672114577e-6
0.0036307805477010097	3.5578379933385524e-6
0.0038018939632055854	3.7267429602733886e-6
0.003981071705534953	3.90379058074854e-6
0.0041686938347031965	4.089391706509415e-6
0.004365158322400989	4.283980586842791e-6
0.004570881896146267	4.488016574129066e-6
0.004786300923217246	4.701986000416345e-6
0.0050118723362411605	4.926404246848233e-6
0.005248074602394098	5.1618180309389985e-6
0.005495408738252827	5.408807940333907e-6
0.005754399372409541	5.667991245909594e-6
0.006025595858011046	5.940025031939703e-6
0.0063095734373755236	6.225609686700982e-6
0.006606934460725453	6.525492803429856e-6
0.006918309660758279	6.840473549135997e-6
0.007244359484107413	7.171407567598218e-6
0.0075857754794989435	7.519212493127788e-6
0.007943281740256408	7.884874163638915e-6
0.008317636395307484	8.269453635507764e-6
0.00870963313745357	8.674095118992498e-6
0.009120102769732005	9.100034972050777e-6
0.00954991473955559	9.548611912733148e-6
0.009999978615337884	1.0021278636568924e-5
0.010471245441051394	1.051961505622936e-5
0.010964708880507698	1.1045343417134778e-5
0.011481406035433309	1.1600345585654547e-5
0.012022417790607948	1.2186682857420685e-5
0.012588868507056664	1.2806618693654498e-5
0.013181924852879862	1.3462644865192442e-5
0.013802793533675334	1.4157511569521211e-5
0.014452717663986855	1.489426218847026e-5
0.015132971511248913	1.567627347689263e-5
0.015844853347515064	1.650730212014956e-5
0.016589676164490294	1.739153877600193e-5
0.017368756045724992	1.8333670931524573e-5
0.018183398046733204	1.9338956166454793e-5
0.019034879508329522	2.0413307731756326e-5
0.01992443081826531	2.1563394739656364e-5
0.02085321373755976	2.279675973610011e-5
0.021822297515952063	2.4121957010073955e-5
0.022832633130071278	2.554871571414341e-5
0.023885026082316928	2.7088132761842463e-5
0.02498010829226832	2.875290157527414e-5
0.026118309690427305	3.05575841381269e-5
0.02729983018189447	3.251893553991548e-5
0.028524612682023796	3.4656292373178803e-5
0.029792317935400908	3.6992039092516856e-5
0.031102301813284744	3.955216992687947e-5
0.032453595743960714	4.236696837051749e-5
0.03384489086752886	4.5471831947780915e-5
0.03527452642477146	4.890827722978991e-5
0.036740482792933425	5.2725169478845895e-5
0.03824037947400168	5.698023348104335e-5
0.03977147822804676	6.174191800234426e-5
0.04133069142996801	6.709170708967709e-5
0.0429145956168139	7.312699879689131e-5
0.04451945008847804	7.99647081151743e-5
0.04614122033010733	8.774579904951565e-5
0.047775605942391206	9.664101522319815e-5
0.04941807269764871	1.0685816511772364e-4
0.051063888286154414	1.1865143547847289e-4
0.05270816127854355	1.323333663948657e-4
0.05434588280579606	1.4829034092741816e-4
0.05597197044691442	1.6700274495261367e-4
0.05758131381403057	1.8907137374672028e-4
0.05916882133275218	2.152522509264815e-4
0.06072946772900639	2.465028560504308e-4
0.06225834174895077	2.840439374721694e-4
0.06375069365195062	3.294427772987471e-4
0.06520198202441968	3.847262156712516e-4
0.06660791946112093	4.525352947376233e-4
0.06796451664773595	5.36338601376995e-4
0.06926812435283394	6.407291222424167e-4
0.07051547279921791	7.718409956293946e-4
0.07170370783650834	9.379400236977987e-4
0.07283042328351948	0.0011502684791275196
0.07389368875746063	0.001424265862324324
0.07489207226604694	0.0017813513586897585
0.07582465681816244	0.002251554769396803
0.07669105031892666	0.0028774437876867487
0.07749138806511677	0.003720055513711773
0.07822632725409115	0.004867965088471425
