0.004647796093157464	4.955769444934399e-6
0.004828688535020964	5.166791215704378e-6
0.005016583629079109	5.387534784354617e-6
0.005211749522055764	5.618510336733861e-6
0.0054144644060581445	5.860260098095819e-6
0.00562501687935008	6.11336078729528e-6
0.005843706319292872	6.378426296754871e-6
0.006070843267902617	6.656110622500106e-6
0.006306749830520706	6.94711107156665e-6
0.0065517600881475225	7.252171777506061e-6
0.0068062205240654264	7.572087558637223e-6
0.0070704904654678245	7.907708158176643e-6
0.00734494254093197	8.25994291053753e-6
0.007629963154731951	8.629765884029204e-6
0.007925952979196292	9.018221557053524e-6
0.008233327466593724	9.426431092860984e-6
0.008552517382408411	9.855599287213612e-6
0.0088839693623753	1.0307022274175297e-5
0.009228146496342609	1.0782096088070996e-5
0.009585528942965134	1.1282326194867924e-5
0.009956614580490708	1.1809338124430574e-5
0.01034191970055239	1.2364889357036479e-5
0.010741979753996255	1.295088264419174e-5
0.011157350160387802	1.3569380976380068e-5
0.011588607195934918	1.4222624450471943e-5
0.012036348977980478	1.4913049338964928e-5
0.0125011965676837	1.5643309724300324e-5
0.01298379521547968	1.6416302136774817e-5
0.013484815775641425	1.7235193727029387e-5
0.014004956315703981	1.810345461699877e-5
0.014544943942377798	1.9024895210125975e-5
0.015105536856400656	2.0003709406399646e-5
0.015687526633090587	2.1044524864543233e-5
0.01629174070182449	2.2152461687065766e-5
0.01691904496541473	2.3333201179305255e-5
0.017570346459158757	2.459306665768154e-5
0.018246595899976358	2.5939118663872816e-5
0.018948789920412466	2.7379267392358367e-5
0.01967797272355433	2.8922405675220123e-5
0.020435236837475463	3.057856651326136e-5
0.02122172259711166	3.235910992838078e-5
0.02203861594361538	3.427694488277331e-5
0.02288714411251405	3.634679322582604e-5
0.023768568788323702	3.858550417029911e-5
0.024684176339466006	4.1012429773450734e-5
0.02563526481654004	4.364987444987881e-5
0.026623127500127446	4.6523634862291645e-5
0.027649032919640902	4.9663650879657214e-5
0.028714201427718734	5.310479400274949e-5
0.02981977859806092	5.6887827201413445e-5
0.03096680590861819	6.106058012591958e-5
0.03215618936507549	6.567939703557909e-5
0.03338866689883499	7.081093278099191e-5
0.03466477552623871	7.65343965598665e-5
0.035984819369457965	8.294437650026118e-5
0.0373488397040366	9.015442413952445e-5
0.038756588206082965	9.830164206468989e-5
0.04020750451963095	1.0755260858203464e-4
0.04170069915196215	1.1811110274290175e-4
0.043234942536050223	1.3022828050974564e-4
0.04480866088321064	1.4421622818831277e-4
0.04641993919733585	1.604662299549875e-4
0.04806653154922082	1.7947370920431136e-4
0.04974587843125793	2.0187276541084895e-4
0.051455130745227735	2.2848474345306928e-4
0.05319117973402094	2.6038771139125715e-4
0.054950691964586705	2.9901774364649454e-4
0.05673014831393128	3.463197132880091e-4
0.05852588580858298	4.0497716517909804e-4
0.060334141122713875	4.7877223219858943e-4
0.06215109454948563	5.731665840676414e-4
0.06397291331930591	6.962725775740752e-4
0.0657957932399842	8.605442026647808e-4
0.06761599776806416	0.0010858661487708834
0.06942989377762057	0.0014055309342563547
0.07123398346233703	0.0018786450307183096
0.07302493197898713	0.0026182417305621736
0.07479959060719985	0.0038626352335588902
0.0765550153545411	0.006186481969083401
0.07828848107253797	0.011279191692569203
