0.0010	2.558136921246862e-4
0.0010471285480508996	2.6646770207552797e-4
0.0010964781961431851	2.78953400450594e-4
0.0011481536214968829	2.9041210514182665e-4
0.001202264434617413	3.0846210443071594e-4
0.0012589254117941675	3.208641326292812e-4
0.0013182567385564073	3.386078013169823e-4
0.0013803842646028838	3.503908647371913e-4
0.001445439770745928	3.693365886756166e-4
0.0015135612484362087	3.8731785880963395e-4
0.001584893192461114	4.059645684466105e-4
0.0016595869074375598	4.235518692516959e-4
0.0017378008287493745	4.491721935692704e-4
0.0018197008586099844	4.6821340383433634e-4
0.0019054607179632482	4.938226504055918e-4
0.001995262314968879	5.125027281145384e-4
0.0020892961308540386	5.399181786962538e-4
0.0021877616239495516	5.664058046791232e-4
0.0022908676527677745	5.938948803749255e-4
0.00239883291901949	6.203710230317051e-4
0.0025118864315095794	6.566436626132033e-4
0.0026302679918953813	6.831961533861559e-4
0.002754228703338166	7.199287714071143e-4
0.002884031503126606	7.558788075258459e-4
0.003019951720402016	7.932249998012185e-4
0.0031622776601683794	8.320188738502663e-4
0.0033113112148259113	8.69982934402015e-4
0.0034673685045253167	9.172524162991233e-4
0.003630780547701014	9.664128649800646e-4
0.0038018939632056127	0.0010150621359785949
0.003981071705534973	0.0010656541639756498
0.004168693834703355	0.0011157237940995876
0.004365158322401657	0.0011765686768903734
0.004570881896148752	0.001228342633616223
0.004786300923226385	0.0012940102329902325
0.005011872336272725	0.0013569967716714466
0.005248074602497723	0.0014348760192870278
0.005495408738576242	0.00150074305332559
0.005754399373371572	0.0015821563776604352
0.0060255958607435805	0.0016613841316749113
0.00630957344480193	0.0017572918249701512
0.006606934480075957	0.0018409754550467515
0.006918309709189363	0.001942112366474479
0.007244359600749906	0.0020418690898630714
0.007585775750291836	0.0021574597905800698
0.007943282347242814	0.0022782967466914044
0.008317637711026709	0.0024016805077504114
0.008709635899560805	0.002527863445641203
0.009120108393559097	0.002672333236243013
0.009549925860214359	0.00282072240864204
0.01	0.0029734299456816646
0.010471285480508996	0.0031467977407140094
0.010964781961431845	0.0033231087129207723
0.011481536214968828	0.003508652941739499
0.01202264434617413	0.003717753626908886
0.012589254117941675	0.003932497816396236
0.013182567385564068	0.004173415751858192
0.013803842646028845	0.004425057622706928
0.01445439770745928	0.004703476898636283
0.015135612484362087	0.004995709830432726
0.015848931924611134	0.005303329642554446
0.016595869074375606	0.005642130430281871
0.017378008287493744	0.006018655635390416
0.018197008586099843	0.006417979989865697
0.019054607179632473	0.006859355313905038
0.0199526231496888	0.00732958473844202
0.02089296130854039	0.007850652565024983
0.021877616239495516	0.00841004298032434
0.022908676527677738	0.00903200257757094
0.02398832919019491	0.009723484414959559
0.025118864315095794	0.010492454327664763
0.026302679918953815	0.011351680375643243
0.02754228703338166	0.01229654252179183
0.028840315031266057	0.013355619279434388
0.03019951720402016	0.014551983121954017
0.03162277660168379	0.015918618914258765
0.03311311214825911	0.017486774638138643
0.034673685045253165	0.019275408580087233
0.03630780547701014	0.021339418407540275
0.038018939632056124	0.02377627683444467
0.039810717055349734	0.026645663407771632
0.041686938347033534	0.030085734340538555
0.043651583224016605	0.034222143107989454
0.0457088189614875	0.0393200704644735
0.04786300923226385	0.045702706678302556
0.05011872336272723	0.053778105904347444
0.05248074602497726	0.0643644545798811
0.054954087385762455	0.07857731315728544
0.057543993733715694	0.0981579091500404
0.06025595860743578	0.12668371168534265
0.06309573444801933	0.17038646858079287
0.06606934480075957	0.242180086422213
0.06918309709189366	0.3731440974277208
0.07244359600749899	0.6543241229568584
0.0758577575029184	1.4427041703240595
