0.0010000000000000009	2.500000000000002e-4
0.0010471285480509046	2.6178213701272615e-4
0.0010964781961432107	2.741195490358027e-4
0.0011481536214968668	2.870384053742167e-4
0.0012022644346173922	3.0056610865434805e-4
0.0012589254117941207	3.1473135294853016e-4
0.0013182567385564281	3.2956418463910703e-4
0.0013803842646028658	3.4509606615071645e-4
0.0014454397707459182	3.6135994268647956e-4
0.001513561248436185	3.783903121090462e-4
0.0015848931924610787	3.962232981152697e-4
0.001659586907437574	4.148967268593935e-4
0.0017378008287493862	4.3445020718734656e-4
0.0018197008586099822	4.5492521465249555e-4
0.001905460717963256	4.76365179490814e-4
0.0019952623149688403	4.988155787422101e-4
0.0020892961308540264	5.223240327135066e-4
0.002187761623949541	5.469404059873853e-4
0.0022908676527677446	5.727169131919362e-4
0.002398832919019489	5.997082297548723e-4
0.002511886431509569	6.279716078773923e-4
0.002630267991895377	6.575669979738442e-4
0.002754228703338177	6.885571758345442e-4
0.0028840315031265773	7.210078757816443e-4
0.003019951720401995	7.549879301004987e-4
0.0031622776601683417	7.905694150420856e-4
0.0033113112148258905	8.278278037064735e-4
0.0034673685045252672	8.66842126131322e-4
0.0036307805477010097	9.076951369252792e-4
0.0038018939632055854	9.504734908015257e-4
0.003981071705534953	9.952679263843197e-4
0.0041686938347031965	0.0010421734586782449
0.004365158322400989	0.0010912895806098972
0.004570881896146267	0.0011427204740723969
0.004786300923217246	0.001196575230929853
0.0050118723362411605	0.001252968084476457
0.005248074602394098	0.0013120186519070182
0.005495408738252827	0.0013738521884746277
0.005754399372409541	0.001438599854243886
0.006025595858011046	0.0015063989948097037
0.0063095734373755236	0.0015773934382354298
0.006606934460725453	0.0016517338120918634
0.006918309660758279	0.00172957788733816
0.007244359484107413	0.0018110909605698962
0.0075857754794989435	0.0018964462937771183
0.007943281740256408	0.0019858256422896985
0.008317636395307484	0.002079419918186833
0.00870963313745357	0.002177430059124948
0.009120102769732005	0.0022800682018838257
0.00954991473955559	0.0023875592957720683
0.009999978615337884	0.0025001433320992676
0.010471245441051394	0.002618078409598331
0.010964708880507698	0.0027416448979771177
0.011481406035433309	0.0028711509975790283
0.012022417790607948	0.0030069400168336495
0.012588868507056664	0.003149399695659168
0.013181924852879862	0.0032989738888536953
0.013802793533675334	0.0034561768884307305
0.014452717663986855	0.003621610611594363
0.015132971511248913	0.0037959848200769543
0.015844853347515064	0.003980140479798068
0.016589676164490294	0.004175076333476785
0.017368756045724992	0.004381978760508247
0.018183398046733204	0.004602255054562936
0.019034879508329522	0.004837570372972043
0.01992443081826531	0.0050898888108673705
0.02085321373755976	0.005361519329493954
0.021822297515952063	0.005655167619808719
0.022832633130071278	0.005973995405031496
0.023885026082316928	0.006321689176219437
0.02498010829226832	0.006702540915445711
0.026118309690427305	0.007121544002984834
0.02729983018189447	0.007584508251336951
0.028524612682023796	0.008098198897864232
0.029792317935400908	0.008670505473967333
0.031102301813284744	0.00931064782608094
0.032453595743960714	0.010029428289121749
0.03384489086752886	0.010839541231547538
0.03527452642477146	0.011755954064934172
0.036740482792933425	0.012796377551547061
0.03824037947400168	0.013981848130179083
0.03977147822804676	0.015337451386570663
0.04133069142996801	0.016893224222887696
0.0429145956168139	0.018685284414487635
0.04451945008847804	0.02075725101708329
0.04614122033010733	0.023162038792092377
0.047775605942391206	0.025964136238335843
0.04941807269764871	0.029242512444153865
0.051063888286154414	0.03309434629799935
0.05270816127854355	0.037639837547698424
0.05434588280579606	0.04302844978375762
0.05597197044691442	0.049447060661172444
0.05758131381403057	0.057130669003751994
0.05916882133275218	0.06637655280581399
0.06072946772900639	0.07756311719366231
0.06225834174895077	0.09117516228275069
0.06375069365195062	0.10783800464650563
0.06520198202441968	0.12836390330331537
0.06660791946112093	0.15381572362026028
0.06796451664773595	0.18559495194327308
0.06926812435283394	0.22556440657298918
0.07051547279921791	0.27622083084961613
0.07170370783650834	0.34093987093486916
0.07283042328351948	0.4243271128174829
0.07389368875746063	0.5327260891326157
0.07489207226604694	0.674961045857052
0.07582465681816244	0.863434647981245
0.07669105031892666	1.1157684305370927
0.07749138806511677	1.4572830005956061
0.07822632725409115	1.9247935416005018
