0.0046477960939203585	7.929231111895039e-5
0.00468342691261245	7.995551241736942e-5
0.004719329506450746	8.062468680449788e-5
0.004755505927529007	8.129989500977789e-5
0.004791958243126034	8.198119849228115e-5
0.004828688535813672	8.266865945127004e-5
0.0048656989035655825	8.336234083693613e-5
0.00490299145986669	8.406230636132052e-5
0.004940568333823406	8.476862050942886e-5
0.004978431670274509	8.548134855053359e-5
0.0050165836299028285	8.620055654967387e-5
0.0050550263893476945	8.692631137936114e-5
0.005093762141317974	8.765868073147751e-5
0.005132793094706087	8.839773312939579e-5
0.005172121474702614	8.914353794030203e-5
0.005211749522911725	8.989616538774177e-5
0.005251679497467334	9.065568656438077e-5
0.005291913673150135	9.142217344499981e-5
0.0053324543415052906	9.219569889971312e-5
0.0053733038109609515	9.297633670742636e-5
0.005414464406947566	9.376416156953311e-5
0.005455938472018039	9.455924912385657e-5
0.005497728365968586	9.53616759588392e-5
0.005539836465960437	9.617151962799451e-5
0.005582265166642447	9.698885866461039e-5
0.005625016880274338	9.781377259672448e-5
0.005668094036850963	9.864634196237272e-5
0.005711499084227234	9.948664832510519e-5
0.005755234488244004	1.0033477428980074e-4
0.0057993027328547995	1.0119080351875527e-4
0.005843706320253249	1.0205482074807794e-4
0.005888447771001554	1.0292691180437747e-4
0.0059335296241597585	1.0380716362176619e-4
0.005978954437415851	1.0469566425917525e-4
0.0060247247872168555	1.0559250291798657e-4
0.00607084326890058	1.064977699600017e-4
0.006117312496828625	1.0741155692573648e-4
0.006164135104519945	1.0833395655306463e-4
0.006211313744785518	1.092650627962122e-4
0.006258851089863896	1.1020497084510017e-4
0.0063067498315576825	1.111537771450664e-4
0.006355012681370897	1.1211157941694567e-4
0.006403642370647417	1.1307847667754443e-4
0.006452641650710212	1.1405456926049889e-4
0.006502013293001722	1.1503995883752639e-4
0.0065517600892250555	1.1603474844009697e-4
0.00660188485148625	1.1703904248150821e-4
0.006652390412437597	1.1805294677939624e-4
0.006703279625421831	1.190765685786745e-4
0.006754555364617473	1.201100165749151e-4
0.006806220525185148	1.2115340093819556e-4
0.006858278023414932	1.222068333374004e-4
0.006910730796874844	1.2327042696500237e-4
0.006963581804560283	1.243442965623275e-4
0.007016834027044731	1.2542855844532345e-4
0.007070490466631354	1.2652333053082628e-4
0.007124554147505903	1.276287323633567e-4
0.007179028115890587	1.2874488514244203e-4
0.007233915440199288	1.2987191175048958e-4
0.007289219211193718	1.3100993678120604e-4
0.0073449425421410214	1.3215908656860048e-4
0.007401088568972241	1.3331948921655687e-4
0.007457660450442462	1.3449127462901385e-4
0.0075146613682917	1.356745745407488e-4
0.007572094527407438	1.368695225487896e-4
0.007629963155988303	1.3807625414446727e-4
0.007688270505708991	1.3929490674611684e-4
0.007747019851886701	1.4052561973246008e-4
0.007806214493648748	1.417685344766617e-4
0.007865857754101677	1.4302379438110304e-4
0.007925952980501782	1.4429154491285638e-4
0.00798650354442698	1.455719336399161e-4
0.0080475128419503	1.4686511026817207e-4
0.008108984293814835	1.4817122667916112e-4
0.00817092134561015	1.4949043696860703e-4
0.008233327467950307	1.5082289748577575e-4
0.00829620615665372	1.5216876687366355e-4
0.00835956093292428	1.5352820611002659e-4
0.008423395343534557	1.5490137854929885e-4
0.008487712961010495	1.5628844996539115e-4
0.008552517383818027	1.576895885954178e-4
0.008617812236551524	1.5910496518435123e-4
0.008683601170124056	1.6053475303065903e-4
0.008749887861959744	1.619791280329063e-4
0.00881667601618805	1.6343826873738967e-4
0.008883969363840073	1.6491235638680475e-4
0.00895177166304717	1.6640157496997378e-4
0.009020086699241541	1.679061112726756e-4
0.00908891828535943	1.694261549295969e-4
0.009158270262046282	1.709618984774255e-4
0.0092281464978647	1.7251353740913594e-4
0.009298550889504736	1.740812702294793e-4
0.009369487361996874	1.7566529851172527e-4
0.009440959868927751	1.772658269556768e-4
0.009512972392658614	1.788830634469963e-4
0.009585528944546784	1.8051721911788678e-4
0.009658633565170115	1.821685084091449e-4
0.009732290324554723	1.8383714913364568e-4
0.009806503322405876	1.855233625412879e-4
0.009881276688342308	1.87227373385432e-4
0.009956614582134206	1.889494099908892e-4
0.010032521193944858	1.9068970432349462e-4
0.010109000744576118	1.924484920613106e-4
0.010186057485717926	1.9422601266749908e-4
0.010263695700202054	1.9602250946493634e-4
0.010341919702260253	1.9783822971258366e-4
0.01042073383778679	1.996734246836929e-4
0.010500142484606057	2.0152834974588704e-4
0.0105801500527448	2.034032644431739e-4
0.010660760984709812	2.052984325799516e-4
0.010741979755770818	2.0721412230706785e-4
0.010823810874249157	2.0915060620997115e-4
0.01090625888181214	2.1110816139906588e-4
0.010989328353773918	2.1308706960227838e-4
0.011073023899402132	2.1508761725994464e-4
0.011157350162231842	2.171100956220811e-4
0.011242311820385941	2.191548008480988e-4
0.01132791358690308	2.212220341090508e-4
0.011414160210072882	2.2331210169248522e-4
0.011501056473779128	2.2542531510999869e-4
0.011588607197851037	2.2756199120755108e-4
0.011676817238422989	2.2972245227864888e-4
0.011765691488302926	2.3190702618050113e-4
0.011855234877350167	2.3411604645321232e-4
0.011945452372862158	2.3634985244212634e-4
0.012036348979971587	2.3860878942343885e-4
0.012127929742053241	2.4089320873316438e-4
0.012220199741141368	2.432034678995931e-4
0.012313164098358033	2.4553993077930565e-4
0.012406827974352629	2.4790296769694833e-4
0.012501196569752723	2.502929555888052e-4
0.012596275125626966	2.527102781503608e-4
0.012692068923959993	2.5515532598796353e-4
0.012788583288140283	2.576284967747307e-4
0.012885823583460156	2.6013019541084464e-4
0.012983795217629695	2.626608341883971e-4
0.01308250364130362	2.6522083296093936e-4
0.01318195434862199	2.6781061931788376e-4
0.013282152877765067	2.704306287639672e-4
0.013383104811522287	2.730813049039069e-4
0.013484815777875503	2.757630996324702e-4
0.013587291450597302	2.7847647333013127e-4
0.013690537549863536	2.812218950645271e-4
0.013794559842881296	2.8399984279790086e-4
0.013899364144531207	2.8681080360075855e-4
0.014004956318025499	2.896552738719803e-4
0.014111342275580425	2.925337595655747e-4
0.014218527979103836	2.9544677642436424e-4
0.014326519440897596	2.983948502208186e-4
0.014435322724374568	3.013785170052981e-4
0.014544943944790115	3.043983233620156e-4
0.014655389269987308	3.074548266729252e-4
0.014766664921156298	3.1054859538990736e-4
0.014878777173606457	3.136802093154793e-4
0.01499173235755173	3.168502598923825e-4
0.015105536858907469	3.2005935050239434e-4
0.015220197120098929	3.2330809677461573e-4
0.015335719640880187	3.265971269036755e-4
0.01545211097916289	3.2992708197815743e-4
0.015569377751852973	3.3329861631963177e-4
0.01568752663569544	3.3671239783269173e-4
0.015806564368124946	3.401691083663914e-4
0.015926497748121316	3.436694440874937e-4
0.016047333637068263	3.472141158659536e-4
0.016169078959613982	3.5080384967311844e-4
0.016291740704531366	3.5443938699305225e-4
0.01641532592557656	3.581214852475149e-4
0.016539841742343388	3.6185091823505536e-4
0.01666529534111154	3.6562847658476157e-4
0.01679169397568631	3.694549682251656e-4
0.016919044968227576	3.733312188688841e-4
0.017047355710064882	3.7725807251355625e-4
0.017176633662496454	3.8123639195965676e-4
0.017306886357568763	3.852670593458021e-4
0.01743812139883402	3.8935097670221005e-4
0.01757034646208183	3.9348906652290466e-4
0.017703569296042065	3.9768227235742075e-4
0.017837797723055365	4.019315594226449e-4
0.017973039639707165	4.0623791523559103e-4
0.018109303017422054	4.106023502677505e-4
0.018246595903013942	4.1502589862196505e-4
0.018384926419188173	4.1950961873245274e-4
0.018524302764991153	4.2405459408896866e-4
0.018664733216203384	4.2866193398587805e-4
0.018806226125670494	4.3333277429708405e-4
0.018948789923569315	4.3806827827773387e-4
0.01909243311760164	4.4286963739367325e-4
0.019237164293113507	4.4773807217964024e-4
0.01938299211313288	4.5267483312726083e-4
0.019529925318321397	4.576812016039011e-4
0.019677972726835236	4.62758490803522e-4
0.01982714323408908	4.679080467306764e-4
0.0199774458124186	4.731312492188638e-4
0.02012888951063495	4.784295129845139e-4
0.02028148345346721	4.8380428871787746e-4
0.020435236840885315	4.892570642121818e-4
0.020590158947300295	4.947893655324616e-4
0.020746259120633524	5.004027582255662e-4
0.020903546781251833	5.060988485727799e-4
0.021062031420761587	5.118792848867092e-4
0.021221722600655826	5.177457588540925e-4
0.021382629950810438	5.237000069261746e-4
0.021544763167822417	5.297438117585191e-4
0.021708132013185572	5.358790037020784e-4
0.021872746311298704	5.421074623474443e-4
0.02203861594729959	5.48431118124373e-4
0.022205750864721804	5.548519539586123e-4
0.02237416106296772	5.613720069883106e-4
0.02254385659459392	5.679933703422688e-4
0.0227148475624039	5.747181949824451e-4
0.02288714411634405	5.815486916132167e-4
0.023060756450198224	5.884871326600535e-4
0.02323569479807779	5.955358543203129e-4
0.023411969430702416	6.026972586890665e-4
0.023589590651469133	6.099738159628696e-4
0.02376856879230585	6.173680667247857e-4
0.023948914209306425	6.248826243137335e-4
0.02413063727814576	6.325201772818313e-4
0.02431374838927111	6.402834919431411e-4
0.024498257942869212	6.481754150177803e-4
0.024684176343606992	6.561988763752117e-4
0.024871513995144527	6.643568918809895e-4
0.02506028129442084	6.726525663512432e-4
0.025250488625710277	6.810890966195433e-4
0.025442146354451103	6.89669774720917e-4
0.025635264820846722	6.983979911980609e-4
0.025829854333239474	7.07277238535097e-4
0.02602592516125976	7.163111147243909e-4
0.026223487528751848	7.255033269723343e-4
0.026422551606478415	7.348576955502164e-4
0.026623127504607522	7.443781577966663e-4
0.026825225264984525	7.540687722785463e-4
0.02702885485319403	7.639337231173187e-4
0.02723402615041482	7.739773244885699e-4
0.02744074894507336	7.842040253026259e-4
0.02764903292430197	7.946184140745154e-4
0.02785888766520619	8.052252239921986e-4
0.028070322625948947	8.160293381923541e-4
0.02828334713665749	8.27035795253435e-4
0.028497970390161324	8.382497949164116e-4
0.028714201432569208	8.496767040439919e-4
0.028932049153692223	8.613220628298983e-4
0.029151522277323313	8.731915912703019e-4
0.02937262935138286	8.852911959100994e-4
0.02959537873793826	8.97626976877724e-4
0.029819778603110064	9.102052352226151e-4
0.03004583690687399	9.230324805704505e-4
0.030273561392770737	9.36115439112155e-4
0.03050295957753462	9.494610619433541e-4
0.030734038740654217	9.630765337722653e-4
0.03096680591387545	9.769692820147133e-4
0.03120126787066217	9.911469862962626e-4
0.03143743111562546	0.0010056175883825676
0.03167530187393641	0.0010203893025601727
0.031914886080735144	0.0010354706264915341
0.03215618937055089	0.0010508703525692654
0.03239921706674689	0.001066597579796038
0.0326439741710045	0.0010826617262184599
0.03289046535286169	0.0010990725419447202
0.03313869493932065	0.0011158401227774645
0.03338866690453891	0.0011329749244958706
0.03364038485962031	0.0011504877778222527
0.03389385204251922	0.0011683899041111754
0.03414907130807562	0.001186692931801426
0.03440604511819393	0.0012054089136734646
0.034664775532182564	0.001224550344957864
0.034925264197268435	0.0012441301823431876
0.035187512339302736	0.0012641618639345673
0.03545152075367149	0.0012846593302179993
0.03571728979642654	0.0013056370460884596
0.035984819375652996	0.001327110024004179
0.036254108943085	0.0013490938483331496
0.03652515748598673	0.001371604700962583
0.036797963519311166	0.0013946593882466199
0.037072525078151036	0.0014182753693726764
0.03734883971049508	0.0014424707862323912
0.03762690447030296	0.00146726449488856
0.03790671591091169	0.0014926760987365511
0.03818827007878526	0.0015187259834644434
0.0384715625076201	0.0015454353539244073
0.038756588212817376	0.0015728262730350382
0.03904334168633261	0.001600921702843272
0.03933181689191406	0.0016297455478833235
0.03962200726073939	0.0016593227009803681
0.039913905687458735	0.0016896790916570152
0.040207504526654524	0.0017208417373125542
0.040502795589725235	0.0017528387973569373
0.040799770142201194	0.0017856996304956342
0.04109841890149814	0.0018194548553755665
0.04139873203511607	0.0018541364148186848
0.04170069915928784	0.001889777643886428
0.04200430933808365	0.001926413342037678
0.04230955108297277	0.001964079849662392
0.04261641235285059	0.002002815129295715
0.04292488055452832	0.002042658851840901
0.04323494254369181	0.0020836524881559302
0.04354658462632815	0.002125839406386397
0.043859792560621565	0.0021692649754589126
0.04417455155931832	0.002213976675182569
0.04449084629255968	0.0022600242134429463
0.0448086608911814	0.0023074596510130043
0.04512797895047725	0.0023563375345500037
0.04544878353442334	0.002406715038394349
0.04577105718036055	0.002458652115840113
0.046094781904128634	0.0025122116606035296
0.046419939205649324	0.0025674596792798
0.04674651007495023	0.0026244654756469137
0.047074474998624605	0.002683301847752417
0.0474038139667195	0.002744045298801514
0.047734506480044306	0.002806776262957794
0.048066531557891166	0.0028715793472689818
0.04839986774615922	0.0029385435910415365
0.04873449312587174	0.0030077627441116345
0.04907038532207783	0.0030793355655958452
0.04940752151312526	0.003153366144855279
0.04974587844029835	0.0032299642465735833
0.05008543241780173	0.003309245682033585
0.050426159343086696	0.0033913327088814812
0.05076803470749974	0.003476354461895066
0.05111103360724586	0.0035644474175236733
0.05145513075465149	0.0036557558952491085
0.05180030048971108	0.0037504325991286522
0.05214651679190927	0.0038486392032293193
0.052493753292297454	0.00395054698505199
0.052841983285815304	0.004056337511478497
0.05319117974384101	0.0041662033822601145
0.05354131532695417	0.004280349036612755
0.05389236239789826	0.004398991629092872
0.05424429303472536	0.00452236198161763
0.05459707904411016	0.004650705619262783
0.05495069197481486	0.0047842838983439126
0.05530510313129261	0.004923375236267365
0.05566028358741155	0.005068276453746123
0.056016204200285385	0.00521930424123153
0.056372835624193984	0.005376796762832496
0.05673014832457908	0.005541115412608146
0.057088112592100185	0.005712646739953833
0.05744669855673483	0.005891804562889702
0.05780587620190723	0.006079032290440974
0.05816561537863316	0.0062748054780241876
0.058525885819662095	0.006479634642865569
0.05888665715360709	0.0066940683700506785
0.05924789891904291	0.00691869674390957
0.059609580578562256	0.007154155144162382
0.05997167153277487	0.007401128451701169
0.06033414113423416	0.007660355715177431
0.06069695870128225	0.007932635336859215
0.06106009353179637	0.008218830844683877
0.061423514916826336	0.008519877327278734
0.06178719215411014	0.00883678862020334
0.06215109456145668	0.009170665345082263
0.06251519148998189	0.00952270391901901
0.06287945233719051	0.009894206670145643
0.06324384655988984	0.010286593216907938
0.06360834368692633	0.010701413294364425
0.06397291333173594	0.011140361241185203
0.06433752520469783	0.011605292397147112
0.06470214912528169	0.01209824170393598
0.0650667550339824	0.01262144485346441
0.06543131300403185	0.01317736238951733
0.0657957932528812	0.013768707242636492
0.06616016615344567	0.014398476267573936
0.06652440224510607	0.015069986460952261
0.06688847224446033	0.015786916668442993
0.06725234705581792	0.016553355751466395
0.06761599778143393	0.017373858380334135
0.06797939573147622	0.01825350986306746
0.06834251243372193	0.019198001718602774
0.06870531964297774	0.020213720074942564
0.0690677893502228	0.02130784943669826
0.06942989379146905	0.022488494948101675
0.06979160545633542	0.023764827010631415
0.070152897096337	0.025147253043398453
0.07051374173288281	0.0266476223585469
0.07087411266498367	0.028279471642280365
0.07123398347666804	0.030058320491492953
0.0715933280441035	0.03200202900138994
0.07195212054242664	0.0341312327294993
0.07231033545227807	0.03646987475051489
0.07266794756604364	0.03904586034678098
0.0730249319938048	0.04189186768899478
0.07338126416899501	0.04504635841551713
0.07373691985376706	0.048554846415081086
0.07409187514407005	0.05247150295279103
0.07444610647443997	0.05686120390047516
0.07479959062250542	0.061802163736942244
0.07515230471320947	0.06738935645425106
0.07550422622275267	0.07373900364232974
0.07585533298225752	0.0809945274443455
0.07620560318116176	0.08933454077859311
0.07655501537033652	0.09898371150533442
0.07690354846494253	0.11022774429938213
0.07725118174701871	0.12343436353331914
0.07759789486781477	0.13908320723693005
0.07794366784986656	0.1578092304825262
0.07828848108882244	0.18046706708110724
0.07863231535502112	0.2082287556859065
0.07897515179483011	0.2427361479468501
0.07931697193174617	0.28634594915034256
0.07965775766726346	0.3425377441349217
0.07999749128151533	0.41662167976960074
