0.004647796093157464	1.7423817997464897e-6
0.004828688535020964	1.817002052686363e-6
0.005016583629079109	1.8950977829330378e-6
0.005211749522055764	1.97685475254309e-6
0.0054144644060581445	2.0624706950702595e-6
0.00562501687935008	2.1521562612259252e-6
0.005843706319292872	2.2461360544551346e-6
0.006070843267902617	2.3446497664405976e-6
0.006306749830520706	2.4479534238280978e-6
0.0065517600881475225	2.5563207589329358e-6
0.0068062205240654264	2.6700447188688683e-6
0.0070704904654678245	2.7894391294772945e-6
0.00734494254093197	2.9148405326614473e-6
0.007629963154731951	3.046610218309261e-6
0.007925952979196292	3.1851364749691804e-6
0.008233327466593724	3.3308370869067755e-6
0.008552517382408411	3.4841621092024075e-6
0.0088839693623753	3.6455969572579945e-6
0.009228146496342609	3.815665852594109e-6
0.009585528942965134	3.994935673301034e-6
0.009956614580490708	4.184020265144902e-6
0.01034191970055239	4.383585278375232e-6
0.010741979753996255	4.594353606010938e-6
0.011157350160387802	4.81711151217281e-6
0.011588607195934918	5.052715554310466e-6
0.012036348977980478	5.302100421475978e-6
0.0125011965676837	5.566287832772477e-6
0.01298379521547968	5.8463966665226964e-6
0.013484815775641425	6.1436545224856024e-6
0.014004956315703981	6.4594109577016255e-6
0.014544943942377798	6.795152682575937e-6
0.015105536856400656	7.152521059179501e-6
0.015687526633090587	7.533332310344441e-6
0.01629174070182449	7.93960092822996e-6
0.01691904496541473	8.373566867456268e-6
0.017570346459158757	8.837727224166623e-6
0.018246595899976358	9.334873242925128e-6
0.018948789920412466	9.868133663948004e-6
0.01967797272355433	1.0441025631198002e-5
0.020435236837475463	1.1057514637129516e-5
0.02122172259711166	1.1722085295097053e-5
0.02203861594361538	1.2439825122574455e-5
0.02288714411251405	1.321652400969408e-5
0.023768568788323702	1.4058792667864942e-5
0.024684176339466006	1.4974204141811834e-5
0.02563526481654004	1.59714634779254e-5
0.026623127500127446	1.7060611942992945e-5
0.027649032919640902	1.8253273875485742e-5
0.028714201427718734	1.956295645612455e-5
0.02981977859806092	2.10054155828438e-5
0.03096680590861819	2.259910487255327e-5
0.03215618936507549	2.436572993008008e-5
0.03338866689883499	2.6330936904767523e-5
0.03466477552623871	2.8525173682657275e-5
0.035984819369457965	3.098477482322185e-5
0.0373488397040366	3.3753338980005815e-5
0.038756588206082965	3.688349216046298e-5
0.04020750451963095	4.043916494136737e-5
0.04170069915196215	4.449856144580087e-5
0.043234942536050223	4.915806985611537e-5
0.04480866088321064	5.453746995978779e-5
0.04641993919733585	6.078695092980457e-5
0.04806653154922082	6.809669172597028e-5
0.04974587843125793	7.671012588205695e-5
0.051455130745227735	8.694259425901295e-5
0.05319117973402094	9.920802584715425e-5
0.054950691964586705	1.1405783056563635e-4
0.05673014831393128	1.3223880144978804e-4
0.05852588580858298	1.5478138025991302e-4
0.060334141122713875	1.831378531391272e-4
0.06215109454948563	2.1940541072958868e-4
0.06397291331930591	2.6669902235417907e-4
0.0657957932399842	3.298006650530072e-4
0.06761599776806416	4.1634533232926636e-4
0.06942989377762057	5.391158397717884e-4
0.07123398346233703	7.208058406030773e-4
0.07302493197898713	0.0010048128624088686
0.07479959060719985	0.00148263196187996
0.0765550153545411	0.0023748832063271285
0.07828848107253797	0.004330142311463642
