0.004647796093157464	2.7344340710312222e-5
0.0054144644060581445	3.363992934171618e-5
0.006306749830520706	3.991761792429501e-5
0.00734494254093197	4.603273435645597e-5
0.008552517382408411	5.614298056269668e-5
0.009956614580490708	6.822037739878492e-5
0.011588607195934918	8.137415433252899e-5
0.013484815775641425	9.769713178022232e-5
0.015687526633090587	1.1868784302051354e-4
0.018246595899976358	1.4985505077307732e-4
0.02122172259711166	1.8671556445117032e-4
0.024684176339466006	2.3840021015516694e-4
0.028714201427718734	3.1648741356091344e-4
0.03338866689883499	4.2833875669955344e-4
0.038756588206082965	5.869748186072061e-4
0.04480866088321064	8.860202073060865e-4
0.051455130745227735	0.0014486597310947307
0.05852588580858298	0.002694847788311858
0.0657957932399842	0.006998523297108675
0.07302493197898713	0.02280516041936735
0.07999749126474127	0.05985804503149924
