0.001	2.547687096451953e-4
0.0012589254117941675	3.249599921798446e-4
0.001584893192461114	3.992771048269958e-4
0.001995262314968879	5.167947160585619e-4
0.0025118864315095794	6.42805177851087e-4
0.0031622776601683794	8.011977775433856e-4
0.003981071705534973	0.001015978020152059
0.005011872336272725	0.0012847582316240199
0.00630957344480193	0.0016775262096874407
0.007943282347242814	0.0021198338215567304
0.01	0.002654271697318496
0.012589254117941675	0.003538245932219137
0.015848931924611134	0.004452126468545041
0.0199526231496888	0.005882197507246139
0.025118864315095794	0.008403299013451455
0.03162277660168379	0.012764239652368442
0.039810717055349734	0.02180463051445099
0.05011872336272723	0.036350334096483874
0.06309573444801933	0.05749090577145323
0.07943282347242814	0.0790266568715707
