0.0010000000000000009	9.746251003975229e-7
0.0012589254117941207	1.2512718851745305e-6
0.0015848931924610787	1.5570562475840518e-6
0.0019952623149688403	1.9234640222467047e-6
0.002511886431509569	2.4676009370257305e-6
0.0031622776601683417	3.051820421609287e-6
0.003981071705534953	3.909503821828594e-6
0.0050118723362411605	4.939558064164618e-6
0.0063095734373755236	6.176346092803113e-6
0.007943281740256408	7.858838945098394e-6
0.009999978615337884	9.853229768497918e-6
0.012588868507056664	1.299312116757839e-5
0.015844853347515064	1.6547608775771705e-5
0.01992443081826531	2.1745338981540835e-5
0.02498010829226832	2.8466972453774358e-5
0.031102301813284744	3.958596769213954e-5
0.03824037947400168	5.743125438600043e-5
0.04614122033010733	8.674148366618458e-5
0.05434588280579606	1.4985595712891682e-4
0.06225834174895077	2.855792997364658e-4
0.06926812435283394	6.51907160042046e-4
0.07489207226604694	0.00200311342423701
0.07889703306773857	0.009421131639086894
