0.004647796093157464	1.7687407408759177e-6
0.0054144644060581445	2.1446096032815237e-6
0.006306749830520706	2.476063359320769e-6
0.00734494254093197	2.9711040537806726e-6
0.008552517382408411	3.495991253085629e-6
0.009956614580490708	4.300901101362193e-6
0.011588607195934918	5.303405501288589e-6
0.013484815775641425	6.476968191571027e-6
0.015687526633090587	7.804692788483168e-6
0.018246595899976358	9.950113607338153e-6
0.02122172259711166	1.2346456985038832e-5
0.024684176339466006	1.6524484799661146e-5
0.028714201427718734	2.0940434952667602e-5
0.03338866689883499	2.8373633995773433e-5
0.038756588206082965	4.066532310860414e-5
0.04480866088321064	5.928816185038517e-5
0.051455130745227735	9.412248771129925e-5
0.05852588580858298	1.6474629339548527e-4
0.0657957932399842	3.6502771188312984e-4
0.07302493197898713	0.0011696540543147667
0.07999749126474127	0.01620087520558628
