0.0010000000000000009	2.5330205417304616e-4
0.0012589254117941207	3.18887680755867e-4
0.0015848931924610787	4.014631866055277e-4
0.0019952623149688403	5.05441966213288e-4
0.002511886431509569	6.363998435046696e-4
0.0031622776601683417	8.014020940852877e-4
0.003981071705534953	0.0010094508335040464
0.0050118723362411605	0.0012721366534531513
0.0063095734373755236	0.0016046835759791363
0.007943281740256408	0.0020278391233653553
0.009999978615337884	0.002525502078469411
0.012588868507056664	0.003237230050446496
0.015844853347515064	0.004226365357383295
0.01992443081826531	0.00571960549206462
0.02498010829226832	0.008170218293560358
0.031102301813284744	0.012156251920361183
0.03824037947400168	0.01793014436740301
0.04614122033010733	0.02595778137114371
0.05434588280579606	0.03621436174022381
0.06225834174895077	0.04745254414907403
0.06926812435283394	0.05832693705687067
0.07489207226604694	0.06754844998970663
0.07889703306773857	0.07463576919108025
