0.001	9.74955453757447e-7
0.0012589254117941675	1.2450142971728462e-6
0.001584893192461114	1.6083360481179163e-6
0.001995262314968879	2.065746358348512e-6
0.0025118864315095794	2.5452118095604425e-6
0.0031622776601683794	3.2964493483446892e-6
0.003981071705534973	4.161042864529369e-6
0.005011872336272725	5.32266370477798e-6
0.00630957344480193	6.8329828056118354e-6
0.007943282347242814	8.753451318080463e-6
0.01	1.151347595763914e-5
0.012589254117941675	1.546848029462685e-5
0.015848931924611134	2.0749106158729367e-5
0.0199526231496888	2.8946097376619707e-5
0.025118864315095794	4.096266867701181e-5
0.03162277660168379	6.45564406850385e-5
0.039810717055349734	1.0454707080702561e-4
0.05011872336272723	2.1292581775644203e-4
0.06309573444801933	6.713841583573818e-4
0.07943282347242814	0.027348559327989637
