0.0010	1.5894166382208582e-5
0.0012589254117941675	2.008949408037445e-5
0.001584893192461114	2.5419112614421567e-5
0.001995262314968879	3.220610313313709e-5
0.0025118864315095794	4.087574654458316e-5
0.0031622776601683794	5.199428754443387e-5
0.003981071705534973	6.632654528430241e-5
0.005011872336272725	8.492429161153325e-5
0.00630957344480193	1.0926690065358526e-4
0.007943282347242814	1.4149494405010855e-4
0.01	1.848180253558089e-4
0.012589254117941675	2.4427026324578584e-4
0.015848931924611134	3.282135554366747e-4
0.0199526231496888	4.517914919428197e-4
0.025118864315095794	6.44344529442527e-4
0.03162277660168379	9.726751927209538e-4
0.039810717055349734	0.0016203016699834524
0.05011872336272723	0.003297596423550403
0.06309573444801933	0.01283839669098763
0.07943282347242814	0.06573877872036028
