0.0010000000000000009	1.5640215875789388e-5
0.0012589254117941207	1.9692171637430563e-5
0.0015848931924610787	2.47957927524157e-5
0.0019952623149688403	3.122601577609999e-5
0.002511886431509569	3.966887544471892e-5
0.0031622776601683417	4.997516809522994e-5
0.003981071705534953	6.299013972274384e-5
0.0050118723362411605	7.945847205175986e-5
0.0063095734373755236	1.003633173303933e-4
0.007943281740256408	1.2703586287711845e-4
0.009999978615337884	1.6134390661007737e-4
0.012588868507056664	2.0603537683270634e-4
0.015844853347515064	2.653976691210792e-4
0.01992443081826531	3.4658805552851147e-4
0.02498010829226832	4.62465022609888e-4
0.031102301813284744	6.380159396277678e-4
0.03824037947400168	9.262926980141223e-4
0.04614122033010733	0.0014539307311728165
0.05434588280579606	0.0025350066699635675
0.06225834174895077	0.005663976399831345
0.06926812435283394	0.01535885076625294
0.07489207226604694	0.03378101416267221
0.07889703306773857	0.05464717736490053
