8.141371054588527e-4	2.05898104921242e-4
0.0010294167905738642	2.6145641142203205e-4
0.0013032198422428557	3.225234644613608e-4
0.0016525089194380572	4.182617640467952e-4
0.0020999178314090768	5.297190329951587e-4
0.0026762738044117914	6.649986414788739e-4
0.0034249458133675044	8.538848631997462e-4
0.004410641225400456	0.001092599862897783
0.005739771653266337	0.0014428704039560225
0.007599698545086347	0.001879222663015412
0.010290492542479938	0.0025516363506021284
0.014163819872792804	0.003480384486502839
0.019425180373777454	0.005385005391101192
0.02593552729071874	0.00848283112145496
0.03321268933413311	0.013378149585278947
0.04063623609546086	0.02013359091309914
0.04767364404864048	0.027943631331005196
0.05399030744578523	0.03596064090531412
0.059444302151727954	0.04328711771817278
0.0640292118595056	0.05046609559482698
0.06781433898426245	0.05738739070411323
0.07090137938259759	0.06175668669495517
0.07339858413568286	0.06630257912888314
0.07540755884382677	0.06726710519332908
0.07701773210938061	0.07146212084931536
