8.141371054588527e-4	1.2924946474874863e-5
0.0010294167905738642	1.6268465375308413e-5
0.0013032198422428557	2.0266476765291873e-5
0.0016525089194380572	2.6144666350173274e-5
0.0020999178314090768	3.303546562151509e-5
0.0026762738044117914	4.136744948104339e-5
0.0034249458133675044	5.296865604670557e-5
0.004410641225400456	6.859087636788126e-5
0.005739771653266337	8.783482044401963e-5
0.007599698545086347	1.1726638709996158e-4
0.010290492542479938	1.555005378463391e-4
0.014163819872792804	2.0519806490223967e-4
0.019425180373777454	2.8635165919679926e-4
0.02593552729071874	4.024266758176834e-4
0.03321268933413311	6.085936540082641e-4
0.04063623609546086	9.09826567691576e-4
0.04767364404864048	0.0014660702440960807
0.05399030744578523	0.0023553032593442323
0.059444302151727954	0.003948883356640619
0.0640292118595056	0.0070729234352609055
0.06781433898426245	0.011717651573762438
0.07090137938259759	0.01893622321091784
0.07339858413568286	0.026633045971637476
0.07540755884382677	0.03462460426536615
0.07701773210938061	0.04329131174029193
