8.141371054588527e-4	7.7621184695182e-7
0.0010294167905738642	1.0115367253250638e-6
0.0013032198422428557	1.2611372960759035e-6
0.0016525089194380572	1.5861935735765898e-6
0.0020999178314090768	2.0415771602369738e-6
0.0026762738044117914	2.5886548785783663e-6
0.0034249458133675044	3.434804812412949e-6
0.004410641225400456	4.3883927250644854e-6
0.005739771653266337	5.577282948795011e-6
0.007599698545086347	7.169277733320585e-6
0.010290492542479938	9.794869701819078e-6
0.014163819872792804	1.2676942994298262e-5
0.019425180373777454	1.790790664409735e-5
0.02593552729071874	2.6277627290718246e-5
0.03321268933413311	3.699994400801033e-5
0.04063623609546086	5.602386236286095e-5
0.04767364404864048	8.584007052684147e-5
0.05399030744578523	1.3136479935367263e-4
0.059444302151727954	2.0476101300990462e-4
0.0640292118595056	3.194598356224183e-4
0.06781433898426245	5.104644604647259e-4
0.07090137938259759	8.182107980919387e-4
0.07339858413568286	0.0013281059608608616
0.07540755884382677	0.0021405907419614328
0.07701773210938061	0.003720362879479046
