0.004647796093157464	5.852249325583268e-4
0.0054144644060581445	6.99933562121914e-4
0.006306749830520706	8.925700029577563e-4
0.00734494254093197	9.93559272705272e-4
0.008552517382408411	0.0013118741892927477
0.009956614580490708	0.0016624486936630816
0.011588607195934918	0.002014021936130226
0.013484815775641425	0.0025959482440912926
0.015687526633090587	0.003559619513890487
0.018246595899976358	0.004393206602465943
0.02122172259711166	0.005683329607085419
0.024684176339466006	0.007877460717226606
0.028714201427718734	0.010599843920177687
0.03338866689883499	0.014598488632834245
0.038756588206082965	0.019383891314578308
0.04480866088321064	0.025911099681880715
0.051455130745227735	0.033854518148851945
0.05852588580858298	0.042840991799368996
0.0657957932399842	0.05330430318001977
0.07302493197898713	0.06443670216711278
0.07999749126474127	0.07579611763541846
